step,error
0,4.2523
1,4.72433
2,4.71524
3,4.63018
4,4.54466
5,4.45494
6,4.38046
7,4.31842
8,4.25045
9,4.18336
10,4.12855
11,4.08003
12,4.02774
13,3.98212
14,3.94049
15,3.9003
16,3.8612
17,3.8232
18,3.78833
19,3.75643
20,3.72652
21,3.69487
22,3.66716
23,3.64315
24,3.61596
25,3.58847
26,3.56464
27,3.54004
28,3.52073
29,3.50221
30,3.48327
31,3.46572
32,3.44682
33,3.42647
34,3.40681
35,3.38737
36,3.3687
37,3.35328
38,3.33946
39,3.32378
40,3.3098
41,3.29567
42,3.28013
43,3.26756
44,3.25304
45,3.24031
46,3.22709
47,3.21435
48,3.20327
49,3.192
50,3.17889
51,3.16712
52,3.15672
53,3.14567
54,3.13435
55,3.12213
56,3.11145
57,3.10182
58,3.09066
59,3.0803
60,3.07095
61,3.06179
62,3.05184
63,3.04155
64,3.03277
65,3.02346
66,3.01369
67,3.00543
68,2.9959
69,2.98634
70,2.97679
71,2.96901
72,2.96111
73,2.95224
74,2.94447
75,2.937
76,2.92962
77,2.92104
78,2.91271
79,2.90543
80,2.89671
81,2.88861
82,2.88061
83,2.87362
84,2.86683
85,2.85983
86,2.85305
87,2.8457
88,2.83859
89,2.83044
90,2.82211
91,2.81468
92,2.80804
93,2.80077
94,2.794
95,2.78722
96,2.78086
97,2.77314
98,2.76624
99,2.75866
100,2.7512
101,2.74479
102,2.73734
103,2.72969
104,2.72206
105,2.71594
106,2.70858
107,2.70101
108,2.69358
109,2.68673
110,2.6808
111,2.6738
112,2.66781
113,2.66114
114,2.65392
115,2.64798
116,2.64114
117,2.63546
118,2.62902
119,2.62321
120,2.61626
121,2.60977
122,2.60323
123,2.5975
124,2.59178
125,2.58505
126,2.57886
127,2.57306
128,2.56635
129,2.55957
130,2.55398
131,2.54768
132,2.54223
133,2.53678
134,2.53063
135,2.52387
136,2.51831
137,2.51219
138,2.50552
139,2.49861
140,2.49306
141,2.48645
142,2.47981
143,2.47408
144,2.46794
145,2.46152
146,2.45562
147,2.44975
148,2.44339
149,2.43665
150,2.43054
151,2.42424
152,2.41822
153,2.41279
154,2.40649
155,2.40032
156,2.39509
157,2.3896
158,2.38332
159,2.3768
160,2.37155
161,2.36525
162,2.35932
163,2.3541
164,2.34783
165,2.34259
166,2.33625
167,2.33112
168,2.32525
169,2.31896
170,2.3124
171,2.30616
172,2.29988
173,2.29362
174,2.28708
175,2.2814
176,2.27559
177,2.27002
178,2.26392
179,2.25841
180,2.25293
181,2.24748
182,2.24241
183,2.23637
184,2.2307
185,2.22453
186,2.21882
187,2.21319
188,2.20808
189,2.20273
190,2.19731
191,2.19217
192,2.18695
193,2.18093
194,2.17571
195,2.17063
196,2.16457
197,2.15942
198,2.15436
199,2.14879
200,2.14388
201,2.13888
202,2.13366
203,2.12777
204,2.12164
205,2.11636
206,2.11124
207,2.10584
208,2.10014
209,2.09528
210,2.08954
211,2.08469
212,2.07947
213,2.07361
214,2.06756
215,2.06156
216,2.05572
217,2.05038
218,2.0452
219,2.03939
220,2.0336
221,2.02789
222,2.02311
223,2.01841
224,2.01303
225,2.008
226,2.00313
227,1.99779
228,1.99254
229,1.98747
230,1.98262
231,1.9774
232,1.97218
233,1.96694
234,1.96189
235,1.95678
236,1.95118
237,1.94578
238,1.94
239,1.93469
240,1.92927
241,1.92372
242,1.91837
243,1.91372
244,1.90846
245,1.90324
246,1.89876
247,1.89377
248,1.88926
249,1.8844
250,1.87947
251,1.87404
252,1.86941
253,1.86443
254,1.85893
255,1.85346
256,1.84797
257,1.8434
258,1.83854
259,1.83377
260,1.82882
261,1.82366
262,1.8182
263,1.81378
264,1.80921
265,1.80455
266,1.79964
267,1.7952
268,1.79092
269,1.7861
270,1.78099
271,1.77582
272,1.77108
273,1.76639
274,1.76115
275,1.75674
276,1.75251
277,1.74835
278,1.74348
279,1.73915
280,1.73456
281,1.73021
282,1.72602
283,1.72127
284,1.71628
285,1.71214
286,1.70754
287,1.70272
288,1.69838
289,1.69429
290,1.69015
291,1.68529
292,1.68034
293,1.67623
294,1.67226
295,1.66816
296,1.66371
297,1.6591
298,1.65479
299,1.65027
300,1.64608
301,1.64203
302,1.63775
303,1.63312
304,1.62856
305,1.62427
306,1.61944
307,1.61476
308,1.61045
309,1.60588
310,1.60105
311,1.5962
312,1.59127
313,1.58745
314,1.58312
315,1.57852
316,1.57463
317,1.57073
318,1.56649
319,1.56235
320,1.55837
321,1.55401
322,1.55002
323,1.54624
324,1.54182
325,1.53784
326,1.53394
327,1.52999
328,1.52547
329,1.52119
330,1.51664
331,1.51283
332,1.50854
333,1.50462
334,1.50018
335,1.49622
336,1.49198
337,1.48756
338,1.48393
339,1.48027
340,1.47623
341,1.47173
342,1.46712
343,1.46302
344,1.45852
345,1.45437
346,1.45056
347,1.44697
348,1.44283
349,1.43853
350,1.43456
351,1.43016
352,1.4262
353,1.42205
354,1.41855
355,1.4149
356,1.41059
357,1.40689
358,1.403
359,1.39876
360,1.39452
361,1.39072
362,1.38639
363,1.38247
364,1.37847
365,1.37425
366,1.37005
367,1.36637
368,1.36241
369,1.35826
370,1.35453
371,1.35101
372,1.34701
373,1.34334
374,1.33943
375,1.33541
376,1.33122
377,1.32699
378,1.32286
379,1.31896
380,1.31501
381,1.31148
382,1.30774
383,1.30433
384,1.30028
385,1.29648
386,1.2929
387,1.28886
388,1.28486
389,1.28083
390,1.27685
391,1.27309
392,1.2697
393,1.26586
394,1.26261
395,1.25877
396,1.255
397,1.25106
398,1.24778
399,1.24439
400,1.24068
401,1.2371
402,1.23357
403,1.23006
404,1.22624
405,1.22303
406,1.21977
407,1.21611
408,1.21211
409,1.20809
410,1.20471
411,1.20105
412,1.19778
413,1.19405
414,1.19023
415,1.18701
416,1.18366
417,1.18046
418,1.17734
419,1.17418
420,1.17038
421,1.16658
422,1.16292
423,1.15973
424,1.15625
425,1.15263
426,1.14876
427,1.14556
428,1.14213
429,1.13906
430,1.13572
431,1.13257
432,1.12918
433,1.12547
434,1.12196
435,1.11872
436,1.115
437,1.11138
438,1.10757
439,1.10374
440,1.10018
441,1.09702
442,1.0936
443,1.08997
444,1.08699
445,1.08375
446,1.08084
447,1.07764
448,1.07428
449,1.07134
450,1.06807
451,1.06474
452,1.06116
453,1.0581
454,1.0547
455,1.05147
456,1.04789
457,1.04444
458,1.04106
459,1.03784
460,1.03441
461,1.03149
462,1.02821
463,1.02516
464,1.02162
465,1.0186
466,1.01536
467,1.01181
468,1.00819
469,1.00488
470,1.00138
471,0.998053
472,0.994605
473,0.991387
474,0.988228
475,0.984784
476,0.982038
477,0.978953
478,0.975974
479,0.97282
480,0.969658
481,0.966282
482,0.963438
483,0.96042
484,0.957655
485,0.95437
486,0.950964
487,0.948263
488,0.945205
489,0.942122
490,0.939092
491,0.936173
492,0.93305
493,0.930289
494,0.927216
495,0.924085
496,0.921154
497,0.918346
498,0.915296
499,0.9124
500,0.909196
501,0.906166
502,0.903535
503,0.900491
504,0.897823
505,0.894876
506,0.891853
507,0.8892
508,0.886571
509,0.883403
510,0.880311
511,0.877258
512,0.874106
513,0.87091
514,0.868273
515,0.865164
516,0.862076
517,0.859525
518,0.856439
519,0.853678
520,0.850776
521,0.847983
522,0.845026
523,0.842349
524,0.839502
525,0.836794
526,0.833718
527,0.830544
528,0.827635
529,0.824788
530,0.822108
531,0.81938
532,0.816867
533,0.814206
534,0.811682
535,0.809128
536,0.806135
537,0.803168
538,0.800532
539,0.79811
540,0.79529
541,0.792883
542,0.790091
543,0.787338
544,0.784377
545,0.781417
546,0.778718
547,0.775944
548,0.77301
549,0.770378
550,0.767416
551,0.764741
552,0.76188
553,0.75909
554,0.756274
555,0.753691
556,0.751371
557,0.748692
558,0.746161
559,0.743499
560,0.741055
561,0.738361
562,0.736049
563,0.733578
564,0.73126
565,0.728884
566,0.726297
567,0.724026
568,0.721788
569,0.719062
570,0.716781
571,0.714158
572,0.711345
573,0.708602
574,0.706201
575,0.703517
576,0.700917
577,0.698246
578,0.695747
579,0.693262
580,0.690976
581,0.688543
582,0.686381
583,0.684209
584,0.681965
585,0.679413
586,0.677003
587,0.674749
588,0.672377
589,0.66979
590,0.667158
591,0.664601
592,0.662166
593,0.659543
594,0.657395
595,0.654979
596,0.652825
597,0.650397
598,0.647926
599,0.645786
600,0.643415
601,0.640924
602,0.638361
603,0.635974
604,0.633615
605,0.631489
606,0.629256
607,0.627127
608,0.624629
609,0.622077
610,0.619632
611,0.61755
612,0.615357
613,0.612987
614,0.610902
615,0.608635
616,0.606396
617,0.604093
618,0.601695
619,0.599197
620,0.596978
621,0.5947
622,0.592403
623,0.590473
624,0.588299
625,0.585988
626,0.583719
627,0.581449
628,0.579307
629,0.577239
630,0.574954
631,0.573038
632,0.571108
633,0.568926
634,0.566733
635,0.564513
636,0.562212
637,0.560342
638,0.558098
639,0.555835
640,0.553489
641,0.551315
642,0.549005
643,0.546993
644,0.545013
645,0.543147
646,0.540926
647,0.53868
648,0.536482
649,0.534308
650,0.532112
651,0.530224
652,0.528284
653,0.526303
654,0.524441
655,0.522278
656,0.520412
657,0.518284
658,0.516245
659,0.514186
660,0.512359
661,0.510467
662,0.508421
663,0.506556
664,0.504823
665,0.502977
666,0.501282
667,0.499228
668,0.497352
669,0.495274
670,0.493259
671,0.491429
672,0.489545
673,0.487604
674,0.485633
675,0.483581
676,0.481571
677,0.479632
678,0.477673
679,0.475808
680,0.474021
681,0.472187
682,0.470256
683,0.468302
684,0.466242
685,0.464178
686,0.462253
687,0.46057
688,0.45866
689,0.456959
690,0.455028
691,0.45345
692,0.451637
693,0.449811
694,0.448108
695,0.446263
696,0.44473
697,0.443066
698,0.441281
699,0.439595
700,0.437974
701,0.436329
702,0.434537
703,0.432706
704,0.430782
705,0.429097
706,0.427357
707,0.42557
708,0.42407
709,0.422474
710,0.420911
711,0.419286
712,0.417492
713,0.416042
714,0.414524
715,0.412769
716,0.41093
717,0.409102
718,0.407635
719,0.405936
720,0.404441
721,0.40303
722,0.40134
723,0.399581
724,0.397914
725,0.396439
726,0.394826
727,0.393196
728,0.391592
729,0.390104
730,0.388722
731,0.387079
732,0.385463
733,0.383809
734,0.382212
735,0.380623
736,0.379205
737,0.377779
738,0.376317
739,0.374895
740,0.37336
741,0.371804
742,0.370222
743,0.368721
744,0.367183
745,0.365539
746,0.364094
747,0.36259
748,0.360999
749,0.359535
750,0.358109
751,0.356819
752,0.355402
753,0.354044
754,0.352479
755,0.351171
756,0.349766
757,0.34832
758,0.346804
759,0.345534
760,0.344028
761,0.342494
762,0.340923
763,0.339489
764,0.338057
765,0.336647
766,0.335365
767,0.333904
768,0.332403
769,0.330986
770,0.32975
771,0.328416
772,0.327145
773,0.325702
774,0.324517
775,0.32308
776,0.321628
777,0.320317
778,0.318975
779,0.317597
780,0.316142
781,0.314982
782,0.313629
783,0.31235
784,0.311114
785,0.309766
786,0.308446
787,0.307055
788,0.305816
789,0.304578
790,0.303478
791,0.302298
792,0.301114
793,0.300033
794,0.298709
795,0.297631
796,0.296402
797,0.295274
798,0.29397
799,0.292749
800,0.291442
801,0.290368
802,0.289304
803,0.288213
804,0.287176
805,0.286105
806,0.285025
807,0.283771
808,0.28256
809,0.281299
810,0.280094
811,0.278909
812,0.277638
813,0.276496
814,0.275469
815,0.274394
816,0.273335
817,0.272153
818,0.271099
819,0.269946
820,0.268898
821,0.267854
822,0.266872
823,0.265761
824,0.26472
825,0.263756
826,0.262652
827,0.261454
828,0.260436
829,0.259354
830,0.258292
831,0.257322
832,0.256236
833,0.255161
834,0.254147
835,0.253061
836,0.251954
837,0.250893
838,0.249837
839,0.248836
840,0.247835
841,0.246882
842,0.245987
843,0.245017
844,0.243966
845,0.243048
846,0.242011
847,0.241135
848,0.24007
849,0.239202
850,0.23819
851,0.237278
852,0.236353
853,0.235326
854,0.234265
855,0.233258
856,0.232214
857,0.231242
858,0.230269
859,0.229412
860,0.228557
861,0.227713
862,0.226837
863,0.225846
864,0.224869
865,0.223908
866,0.222978
867,0.222076
868,0.221226
869,0.220401
870,0.219441
871,0.218496
872,0.217622
873,0.216655
874,0.21586
875,0.21506
876,0.21428
877,0.213359
878,0.212562
879,0.211611
880,0.210664
881,0.209713
882,0.208912
883,0.208134
884,0.207263
885,0.206502
886,0.205617
887,0.204772
888,0.20391
889,0.203097
890,0.202246
891,0.201364
892,0.200536
893,0.199638
894,0.198792
895,0.19804
896,0.19723
897,0.196495
898,0.195677
899,0.194821
900,0.194064
901,0.193279
902,0.192497
903,0.191682
904,0.19092
905,0.190138
906,0.189308
907,0.188546
908,0.187806
909,0.186969
910,0.186218
911,0.185518
912,0.184721
913,0.183943
914,0.183223
915,0.182488
916,0.181713
917,0.181038
918,0.180395
919,0.1797
920,0.17897
921,0.178224
922,0.177567
923,0.176927
924,0.176216
925,0.175464
926,0.174792
927,0.174154
928,0.173399
929,0.172617
930,0.171831
931,0.171183
932,0.170509
933,0.169838
934,0.169093
935,0.168344
936,0.16775
937,0.167056
938,0.166417
939,0.165773
940,0.165083
941,0.164381
942,0.163703
943,0.163042
944,0.162408
945,0.161844
946,0.161273
947,0.160691
948,0.160111
949,0.159543
950,0.158918
951,0.158256
952,0.15759
953,0.156934
954,0.156261
955,0.155668
956,0.155063
957,0.154508
958,0.153913
959,0.153324
960,0.152781
961,0.152199
962,0.151584
963,0.150976
964,0.150326
965,0.149715
966,0.14913
967,0.148627
968,0.148074
969,0.147458
970,0.1469
971,0.146382
972,0.145806
973,0.145308
974,0.144731
975,0.144229
976,0.143737
977,0.143157
978,0.142636
979,0.142126
980,0.141657
981,0.141089
982,0.140612
983,0.140061
984,0.139516
985,0.138934
986,0.138459
987,0.137988
988,0.137521
989,0.136998
990,0.136474
991,0.135992
992,0.135532
993,0.135055
994,0.13451
995,0.134057
996,0.133624
997,0.133141
998,0.132696
999,0.132222
1000,0.131749
1001,0.131263
1002,0.130767
1003,0.130333
1004,0.12985
1005,0.129385
1006,0.128943
1007,0.128452
1008,0.128007
1009,0.127536
1010,0.127122
1011,0.126691
1012,0.126237
1013,0.125819
1014,0.125415
1015,0.125003
1016,0.124597
1017,0.124183
1018,0.123759
1019,0.123341
1020,0.122963
1021,0.12258
1022,0.122143
1023,0.12175
1024,0.121339
1025,0.120903
1026,0.120499
1027,0.120088
1028,0.119702
1029,0.119294
1030,0.118937
1031,0.118521
1032,0.118151
1033,0.117739
1034,0.117301
1035,0.116861
1036,0.116494
1037,0.11613
1038,0.115728
1039,0.115332
1040,0.115
1041,0.114597
1042,0.114265
1043,0.11389
1044,0.113547
1045,0.113206
1046,0.112813
1047,0.11245
1048,0.112083
1049,0.111735
1050,0.111348
1051,0.110978
1052,0.110623
1053,0.110261
1054,0.109879
1055,0.109572
1056,0.109241
1057,0.108917
1058,0.108574
1059,0.108218
1060,0.10793
1061,0.107593
1062,0.10726
1063,0.106958
1064,0.106639
1065,0.106315
1066,0.106022
1067,0.105688
1068,0.105341
1069,0.105067
1070,0.104763
1071,0.104497
1072,0.10423
1073,0.103926
1074,0.103617
1075,0.103334
1076,0.103014
1077,0.102709
1078,0.102394
1079,0.102097
1080,0.101839
1081,0.101541
1082,0.101271
1083,0.100981
1084,0.100699
1085,0.100437
1086,0.100146
1087,0.0999029
1088,0.099625
1089,0.0993552
1090,0.0990638
1091,0.0987803
1092,0.0985295
1093,0.0982688
1094,0.0980404
1095,0.0977675
1096,0.0975322
1097,0.0972947
1098,0.097031
1099,0.0968024
1100,0.0965659
1101,0.0963306
1102,0.0961064
1103,0.095871
1104,0.0956583
1105,0.0954041
1106,0.0951493
1107,0.0949426
1108,0.09471
1109,0.0944704
1110,0.0942322
1111,0.0939919
1112,0.0937641
1113,0.093567
1114,0.0933501
1115,0.0931501
1116,0.0929408
1117,0.0927331
1118,0.0925319
1119,0.092338
1120,0.0921092
1121,0.0919136
1122,0.0916871
1123,0.0914903
1124,0.0912724
1125,0.0910415
1126,0.0908524
1127,0.0906298
1128,0.0904375
1129,0.0902166
1130,0.0900325
1131,0.0898291
1132,0.0896388
1133,0.0894496
1134,0.0892728
1135,0.0890854
1136,0.0889033
1137,0.0886952
1138,0.0885063
1139,0.0883009
1140,0.0881065
1141,0.087938
1142,0.0877509
1143,0.0875832
1144,0.0874177
1145,0.0872548
1146,0.087086
1147,0.086909
1148,0.0867345
1149,0.0865582
1150,0.0863786
1151,0.086211
1152,0.0860314
1153,0.0858584
1154,0.085684
1155,0.0855158
1156,0.0853482
1157,0.0851702
1158,0.085005
1159,0.0848291
1160,0.0846529
1161,0.0844829
1162,0.0843215
1163,0.0841744
1164,0.0840321
1165,0.0838709
1166,0.0837093
1167,0.0835571
1168,0.0833984
1169,0.0832594
1170,0.0831141
1171,0.0829709
1172,0.0828295
1173,0.0826645
1174,0.0825159
1175,0.0823709
1176,0.0822378
1177,0.0820847
1178,0.0819228
1179,0.0817744
1180,0.0816377
1181,0.0814933
1182,0.0813367
1183,0.0811755
1184,0.0810106
1185,0.0808678
1186,0.0807296
1187,0.0805885
1188,0.0804573
1189,0.0803077
1190,0.0801749
1191,0.0800218
1192,0.0798831
1193,0.0797374
1194,0.0796131
1195,0.079478
1196,0.0793468
1197,0.0792063
1198,0.0790595
1199,0.0789092
1200,0.078766
1201,0.0786455
1202,0.0785249
1203,0.0783826
1204,0.078233
1205,0.0781001
1206,0.077978
1207,0.077834
1208,0.0777144
1209,0.0775703
1210,0.0774411
1211,0.0773174
1212,0.0771894
1213,0.0770688
1214,0.0769501
1215,0.0768243
1216,0.0766928
1217,0.0765638
1218,0.0764239
1219,0.0762858
1220,0.0761638
1221,0.0760485
1222,0.0759176
1223,0.0757838
1224,0.0756469
1225,0.0755114
1226,0.0753955
1227,0.0752821
1228,0.0751615
1229,0.0750242
1230,0.0748826
1231,0.0747716
1232,0.074636
1233,0.0745255
1234,0.0743934
1235,0.0742555
1236,0.0741314
1237,0.0740219
1238,0.0738909
1239,0.0737651
1240,0.0736564
1241,0.0735417
1242,0.0734111
1243,0.0732889
1244,0.0731682
1245,0.0730323
1246,0.0728966
1247,0.072788
1248,0.0726684
1249,0.0725399
1250,0.0724084
1251,0.0722776
1252,0.0721442
1253,0.072022
1254,0.0719016
1255,0.0717764
1256,0.071663
1257,0.0715397
1258,0.0714114
1259,0.0712867
1260,0.0711638
1261,0.0710368
1262,0.0709115
1263,0.0707893
1264,0.0706618
1265,0.0705407
1266,0.0704216
1267,0.0703101
1268,0.0701902
1269,0.0700757
1270,0.0699493
1271,0.0698274
1272,0.0697056
1273,0.0695831
1274,0.0694484
1275,0.069311
1276,0.0691873
1277,0.0690562
1278,0.0689186
1279,0.0687795
1280,0.068654
1281,0.068524
1282,0.0683941
1283,0.0682748
1284,0.0681606
1285,0.0680483
1286,0.0679402
1287,0.067821
1288,0.0676909
1289,0.0675599
1290,0.067451
1291,0.0673345
1292,0.0672144
1293,0.0670878
1294,0.0669539
1295,0.0668408
1296,0.0667292
1297,0.0666135
1298,0.0664961
1299,0.0663701
1300,0.0662448
1301,0.0661346
1302,0.0660226
1303,0.0659117
1304,0.0657871
1305,0.0656755
1306,0.0655656
1307,0.0654536
1308,0.0653199
1309,0.0652099
1310,0.0650981
1311,0.064976
1312,0.0648432
1313,0.0647072
1314,0.064569
1315,0.0644577
1316,0.0643471
1317,0.0642131
1318,0.0640866
1319,0.0639515
1320,0.0638195
1321,0.0636914
1322,0.0635757
1323,0.0634617
1324,0.0633449
1325,0.0632332
1326,0.0631146
1327,0.0629933
1328,0.0628727
1329,0.0627434
1330,0.0626012
1331,0.0624593
1332,0.0623243
1333,0.0622082
1334,0.0620689
1335,0.0619472
1336,0.0618283
1337,0.0617151
1338,0.0615917
1339,0.0614746
1340,0.0613603
1341,0.0612336
1342,0.0611014
1343,0.0609611
1344,0.0608363
1345,0.0607076
1346,0.0605661
1347,0.0604398
1348,0.0603133
1349,0.0601866
1350,0.0600665
1351,0.0599497
1352,0.0598079
1353,0.059681
1354,0.0595598
1355,0.0594393
1356,0.0593129
1357,0.0591828
1358,0.0590501
1359,0.0589119
1360,0.0587923
1361,0.0586609
1362,0.0585258
1363,0.0583839
1364,0.0582444
1365,0.0581082
1366,0.0579889
1367,0.0578462
1368,0.0577081
1369,0.0575749
1370,0.0574556
1371,0.0573191
1372,0.0572017
1373,0.0570645
1374,0.0569291
1375,0.0568001
1376,0.0566755
1377,0.056544
1378,0.0564031
1379,0.056263
1380,0.0561151
1381,0.0559635
1382,0.0558176
1383,0.0556684
1384,0.0555384
1385,0.0554204
1386,0.0552992
1387,0.0551594
1388,0.055024
1389,0.0548833
1390,0.0547486
1391,0.054609
1392,0.0544818
1393,0.0543595
1394,0.0542269
1395,0.0540774
1396,0.0539321
1397,0.0537927
1398,0.0536432
1399,0.0535102
1400,0.0533875
1401,0.0532681
1402,0.053146
1403,0.0530224
1404,0.052881
1405,0.0527387
1406,0.052601
1407,0.0524813
1408,0.052357
1409,0.0522286
1410,0.0520877
1411,0.0519651
1412,0.0518375
1413,0.0517031
1414,0.0515834
1415,0.0514458
1416,0.0513097
1417,0.0511858
1418,0.0510547
1419,0.0509341
1420,0.0507903
1421,0.0506401
1422,0.0504955
1423,0.050372
1424,0.0502517
1425,0.0501267
1426,0.0500042
1427,0.0498619
1428,0.0497154
1429,0.0495951
1430,0.0494705
1431,0.0493235
1432,0.0492025
1433,0.0490745
1434,0.0489526
1435,0.0488095
1436,0.0486566
1437,0.0485144
1438,0.048367
1439,0.0482421
1440,0.0480947
1441,0.0479569
1442,0.0478291
1443,0.0477032
1444,0.0475533
1445,0.0474246
1446,0.0472794
1447,0.0471424
1448,0.0470101
1449,0.0468836
1450,0.046748
1451,0.0466214
1452,0.0464988
1453,0.0463728
1454,0.0462435
1455,0.0461206
1456,0.0459893
1457,0.0458571
1458,0.04571
1459,0.0455844
1460,0.0454525
1461,0.045332
1462,0.0452104
1463,0.0450782
1464,0.0449492
1465,0.0448256
1466,0.0446996
1467,0.0445724
1468,0.0444305
1469,0.0443104
1470,0.0441798
1471,0.0440402
1472,0.0439034
1473,0.0437638
1474,0.0436164
1475,0.0434793
1476,0.0433318
1477,0.0431894
1478,0.0430705
1479,0.0429449
1480,0.0428001
1481,0.0426634
1482,0.0425302
1483,0.0423812
1484,0.0422368
1485,0.0420921
1486,0.0419718
1487,0.0418503
1488,0.0417276
1489,0.0415825
1490,0.0414547
1491,0.0413196
1492,0.0411711
1493,0.0410407
1494,0.0409231
1495,0.0407986
1496,0.0406666
1497,0.0405422
1498,0.0404098
1499,0.0402853
1500,0.0401608
1501,0.0400169
1502,0.0398694
1503,0.0397251
1504,0.0395899
1505,0.0394494
1506,0.0393231
1507,0.0391943
1508,0.0390656
1509,0.0389402
1510,0.0388044
1511,0.0386793
1512,0.0385388
1513,0.0384192
1514,0.0382967
1515,0.0381648
1516,0.0380215
1517,0.0378954
1518,0.0377596
1519,0.0376429
1520,0.0375212
1521,0.0374071
1522,0.0372755
1523,0.0371543
1524,0.0370299
1525,0.0368967
1526,0.0367674
1527,0.036627
1528,0.0364836
1529,0.0363699
1530,0.0362537
1531,0.0361365
1532,0.0359975
1533,0.035884
1534,0.0357457
1535,0.0356169
1536,0.0354807
1537,0.0353598
1538,0.0352212
1539,0.0351024
1540,0.034974
1541,0.0348439
1542,0.0347165
1543,0.0345918
1544,0.0344585
1545,0.0343224
1546,0.0342105
1547,0.0340824
1548,0.033968
1549,0.0338373
1550,0.0337039
1551,0.0335808
1552,0.0334485
1553,0.033326
1554,0.0331974
1555,0.0330834
1556,0.0329723
1557,0.0328591
1558,0.0327493
1559,0.032641
1560,0.0325274
1561,0.0324142
1562,0.0323012
1563,0.0321888
1564,0.0320748
1565,0.0319626
1566,0.0318367
1567,0.0317278
1568,0.0316086
1569,0.0314831
1570,0.0313674
1571,0.0312581
1572,0.0311442
1573,0.0310149
1574,0.0308904
1575,0.0307819
1576,0.0306589
1577,0.0305336
1578,0.0304045
1579,0.0302726
1580,0.0301525
1581,0.0300311
1582,0.0299172
1583,0.029805
1584,0.0296999
1585,0.0295955
1586,0.0294795
1587,0.0293709
1588,0.029261
1589,0.0291419
1590,0.0290318
1591,0.0289152
1592,0.0287885
1593,0.0286707
1594,0.0285468
1595,0.0284393
1596,0.0283188
1597,0.0282016
1598,0.0280917
1599,0.0279832
1600,0.0278755
1601,0.0277575
1602,0.0276435
1603,0.0275255
1604,0.027408
1605,0.0273038
1606,0.0271839
1607,0.0270733
1608,0.0269764
1609,0.0268616
1610,0.0267535
1611,0.0266424
1612,0.0265336
1613,0.0264159
1614,0.0263208
1615,0.0262114
1616,0.0261166
1617,0.0260085
1618,0.0259157
1619,0.0258135
1620,0.0257113
1621,0.0256103
1622,0.0255161
1623,0.0254157
1624,0.0253244
1625,0.0252334
1626,0.0251271
1627,0.0250143
1628,0.0249056
1629,0.0248114
1630,0.0247148
1631,0.024623
1632,0.0245341
1633,0.0244254
1634,0.0243131
1635,0.0242043
1636,0.0241097
1637,0.0240018
1638,0.0239064
1639,0.0238116
1640,0.0237072
1641,0.0236002
1642,0.0235138
1643,0.0234208
1644,0.0233183
1645,0.023231
1646,0.0231444
1647,0.023042
1648,0.0229385
1649,0.0228516
1650,0.0227609
1651,0.0226727
1652,0.0225787
1653,0.0224853
1654,0.022388
1655,0.0222929
1656,0.0221994
1657,0.0221086
1658,0.0220172
1659,0.021931
1660,0.0218378
1661,0.0217392
1662,0.0216502
1663,0.0215568
1664,0.0214597
1665,0.021373
1666,0.0212851
1667,0.0212048
1668,0.0211216
1669,0.021028
1670,0.0209401
1671,0.0208613
1672,0.020772
1673,0.0206846
1674,0.0205987
1675,0.0205133
1676,0.020425
1677,0.0203375
1678,0.0202552
1679,0.0201719
1680,0.0200832
1681,0.019994
1682,0.0199057
1683,0.0198267
1684,0.0197496
1685,0.01967
1686,0.0195813
1687,0.0194933
1688,0.0194047
1689,0.019326
1690,0.0192359
1691,0.0191558
1692,0.0190818
1693,0.0190044
1694,0.0189327
1695,0.018846
1696,0.0187614
1697,0.0186811
1698,0.0186108
1699,0.0185253
1700,0.0184498
1701,0.018372
1702,0.0183026
1703,0.0182183
1704,0.0181503
1705,0.0180743
1706,0.0179992
1707,0.017921
1708,0.0178525
1709,0.0177734
1710,0.0177063
1711,0.0176275
1712,0.0175529
1713,0.0174747
1714,0.0174084
1715,0.0173331
1716,0.0172672
1717,0.0171889
1718,0.0171175
1719,0.0170392
1720,0.0169718
1721,0.0169026
1722,0.0168353
1723,0.0167669
1724,0.0166922
1725,0.0166242
1726,0.0165572
1727,0.0164883
1728,0.0164129
1729,0.0163453
1730,0.0162773
1731,0.0162139
1732,0.0161404
1733,0.0160715
1734,0.0160091
1735,0.0159363
1736,0.0158765
1737,0.015809
1738,0.0157418
1739,0.0156812
1740,0.0156175
1741,0.0155507
1742,0.0154778
1743,0.0154053
1744,0.0153426
1745,0.0152854
1746,0.0152214
1747,0.0151588
1748,0.0150889
1749,0.015017
1750,0.0149568
1751,0.0148993
1752,0.0148396
1753,0.0147769
1754,0.0147145
1755,0.0146585
1756,0.0145925
1757,0.0145251
1758,0.014462
1759,0.0143971
1760,0.0143404
1761,0.0142869
1762,0.0142348
1763,0.0141809
1764,0.0141214
1765,0.0140673
1766,0.0140151
1767,0.0139558
1768,0.0138935
1769,0.0138337
1770,0.0137715
1771,0.0137182
1772,0.0136654
1773,0.0136057
1774,0.0135546
1775,0.0134984
1776,0.013438
1777,0.0133792
1778,0.0133306
1779,0.0132729
1780,0.0132154
1781,0.0131633
1782,0.0131157
1783,0.0130676
1784,0.0130102
1785,0.0129555
1786,0.0129059
1787,0.0128496
1788,0.0127971
1789,0.0127403
1790,0.0126857
1791,0.0126305
1792,0.0125857
1793,0.0125336
1794,0.0124773
1795,0.0124247
1796,0.0123693
1797,0.0123249
1798,0.012278
1799,0.0122264
1800,0.0121747
1801,0.0121296
1802,0.0120871
1803,0.012045
1804,0.0120026
1805,0.0119591
1806,0.0119112
1807,0.0118591
1808,0.0118065
1809,0.0117574
1810,0.0117072
1811,0.011659
1812,0.0116185
1813,0.0115701
1814,0.0115214
1815,0.0114705
1816,0.0114252
1817,0.0113855
1818,0.0113383
1819,0.0112994
1820,0.0112519
1821,0.011207
1822,0.0111601
1823,0.0111222
1824,0.0110816
1825,0.0110363
1826,0.0109919
1827,0.0109521
1828,0.0109066
1829,0.0108697
1830,0.0108329
1831,0.010791
1832,0.0107525
1833,0.0107158
1834,0.0106744
1835,0.0106359
1836,0.010598
1837,0.0105603
1838,0.0105229
1839,0.0104863
1840,0.0104432
1841,0.0104078
1842,0.0103661
1843,0.0103319
1844,0.0102981
1845,0.010259
1846,0.0102254
1847,0.010188
1848,0.010148
1849,0.0101064
1850,0.0100683
1851,0.0100288
1852,0.00999152
1853,0.00995585
1854,0.00991713
1855,0.00987738
1856,0.00984356
1857,0.00980827
1858,0.00977577
1859,0.00974342
1860,0.00970844
1861,0.00967589
1862,0.00963883
1863,0.00960147
1864,0.0095684
1865,0.00953429
1866,0.00950347
1867,0.00946917
1868,0.00943292
1869,0.00940004
1870,0.00936409
1871,0.00932817
1872,0.0092948
1873,0.00926001
1874,0.00922456
1875,0.00919167
1876,0.0091598
1877,0.00912519
1878,0.00909683
1879,0.00906737
1880,0.00903424
1881,0.00900192
1882,0.00897442
1883,0.00894516
1884,0.008911
1885,0.00887742
1886,0.00884925
1887,0.00882089
1888,0.00879232
1889,0.00876371
1890,0.00873461
1891,0.00870274
1892,0.00867268
1893,0.00864505
1894,0.00861529
1895,0.00858365
1896,0.00855252
1897,0.00852189
1898,0.00849332
1899,0.00846443
1900,0.00843873
1901,0.00841201
1902,0.00838506
1903,0.00835647
1904,0.0083316
1905,0.00830623
1906,0.00828113
1907,0.00825394
1908,0.00822337
1909,0.00819818
1910,0.00816999
1911,0.00814112
1912,0.00811228
1913,0.00808381
1914,0.00806007
1915,0.00803252
1916,0.00800591
1917,0.00798153
1918,0.00795284
1919,0.00792448
1920,0.00789828
1921,0.00787325
1922,0.00784707
1923,0.00782446
1924,0.00779884
1925,0.00777536
1926,0.00774839
1927,0.00772412
1928,0.00769696
1929,0.00767312
1930,0.00764633
1931,0.0076247
1932,0.00760007
1933,0.00757729
1934,0.00755266
1935,0.00752761
1936,0.00750418
1937,0.00747903
1938,0.00745722
1939,0.00743438
1940,0.00740872
1941,0.00738274
1942,0.00736127
1943,0.00733742
1944,0.00731366
1945,0.00729223
1946,0.00726989
1947,0.00724913
1948,0.00722706
1949,0.00720493
1950,0.00718014
1951,0.00715483
1952,0.00713028
1953,0.00710741
1954,0.00708804
1955,0.00706664
1956,0.00704334
1957,0.00701933
1958,0.00699561
1959,0.00697257
1960,0.00695257
1961,0.0069303
1962,0.00690767
1963,0.00688455
1964,0.00686064
1965,0.0068401
1966,0.00681926
1967,0.00679907
1968,0.00678026
1969,0.00675911
1970,0.00673707
1971,0.00671884
1972,0.00669848
1973,0.006676
1974,0.00665431
1975,0.00663571
1976,0.0066173
1977,0.00659897
1978,0.00658007
1979,0.00655988
1980,0.00653957
1981,0.00652093
1982,0.00650116
1983,0.00648192
1984,0.00646086
1985,0.00644097
1986,0.00641975
1987,0.0063995
1988,0.00638051
1989,0.0063605
1990,0.00634195
1991,0.0063224
1992,0.00630375
1993,0.00628667
1994,0.0062682
1995,0.00624994
1996,0.00623144
1997,0.00621077
1998,0.0061906
1999,0.00617147
2000,0.00615235
2001,0.00613364
2002,0.0061147
2003,0.00609779
2004,0.00607976
2005,0.00606226
2006,0.00604487
2007,0.00602622
2008,0.00600807
2009,0.00598941
2010,0.00597245
2011,0.00595628
2012,0.00593704
2013,0.00591761
2014,0.00589946
2015,0.00588054
2016,0.00586329
2017,0.00584606
2018,0.00582887
2019,0.00581013
2020,0.00579415
2021,0.00577579
2022,0.00575846
2023,0.00574087
2024,0.00572599
2025,0.00571107
2026,0.00569606
2027,0.00567955
2028,0.00566476
2029,0.00564706
2030,0.00563198
2031,0.00561496
2032,0.00559861
2033,0.00558112
2034,0.00556293
2035,0.00554426
2036,0.00552921
2037,0.00551387
2038,0.00549709
2039,0.00547999
2040,0.00546582
2041,0.00545168
2042,0.00543459
2043,0.00542061
2044,0.00540363
2045,0.00538765
2046,0.00537058
2047,0.0053553
2048,0.00534147
2049,0.00532659
2050,0.00531198
2051,0.00529751
2052,0.00528307
2053,0.00526669
2054,0.00524967
2055,0.00523515
2056,0.00521873
2057,0.0052015
2058,0.00518501
2059,0.00516817
2060,0.00515145
2061,0.00513468
2062,0.00511911
2063,0.00510477
2064,0.00508934
2065,0.00507438
2066,0.00506019
2067,0.0050443
2068,0.00502822
2069,0.00501518
2070,0.00500045
2071,0.00498464
2072,0.00497161
2073,0.00495728
2074,0.00494164
2075,0.00492533
2076,0.00490873
2077,0.00489338
2078,0.0048796
2079,0.00486695
2080,0.0048543
2081,0.00484004
2082,0.00482669
2083,0.00481338
2084,0.00479974
2085,0.00478687
2086,0.00477292
2087,0.00475981
2088,0.00474715
2089,0.00473405
2090,0.00472143
2091,0.0047063
2092,0.00469358
2093,0.00467928
2094,0.00466622
2095,0.00465158
2096,0.00463879
2097,0.00462497
2098,0.0046108
2099,0.00459875
2100,0.00458507
2101,0.0045724
2102,0.00455793
2103,0.00454385
2104,0.00452962
2105,0.00451551
2106,0.00450175
2107,0.00448768
2108,0.00447478
2109,0.00446033
2110,0.00444619
2111,0.00443331
2112,0.0044203
2113,0.00440573
2114,0.00439202
2115,0.00437779
2116,0.00436598
2117,0.00435416
2118,0.00434259
2119,0.00433063
2120,0.00431813
2121,0.00430631
2122,0.00429455
2123,0.00428177
2124,0.00426788
2125,0.00425527
2126,0.00424306
2127,0.0042317
2128,0.00421787
2129,0.00420351
2130,0.00419217
2131,0.00417953
2132,0.00416789
2133,0.00415433
2134,0.00414265
2135,0.00412917
2136,0.00411635
2137,0.00410301
2138,0.00409021
2139,0.00407652
2140,0.00406345
2141,0.00405168
2142,0.00404008
2143,0.00402894
2144,0.0040175
2145,0.0040043
2146,0.0039906
2147,0.00397878
2148,0.00396807
2149,0.00395489
2150,0.00394258
2151,0.00393082
2152,0.00391986
2153,0.00390753
2154,0.00389431
2155,0.0038807
2156,0.00386996
2157,0.0038589
2158,0.00384839
2159,0.00383785
2160,0.00382695
2161,0.00381636
2162,0.00380444
2163,0.00379301
2164,0.00378002
2165,0.0037672
2166,0.0037561
2167,0.0037444
2168,0.00373253
2169,0.00371988
2170,0.00370831
2171,0.00369744
2172,0.00368689
2173,0.00367493
2174,0.00366374
2175,0.00365257
2176,0.00364084
2177,0.00362988
2178,0.0036179
2179,0.00360606
2180,0.00359519
2181,0.00358449
2182,0.00357447
2183,0.00356347
2184,0.00355367
2185,0.00354156
2186,0.00353041
2187,0.00352045
2188,0.00351017
2189,0.00349921
2190,0.00348916
2191,0.00347843
2192,0.00346723
2193,0.00345555
2194,0.0034436
2195,0.00343231
2196,0.00342115
2197,0.00341128
2198,0.00340138
2199,0.00339141
2200,0.00338193
2201,0.00337102
2202,0.00336033
2203,0.00335044
2204,0.00334011
2205,0.00332853
2206,0.00331746
2207,0.00330799
2208,0.00329812
2209,0.00328789
2210,0.00327684
2211,0.00326601
2212,0.00325491
2213,0.00324358
2214,0.00323415
2215,0.00322336
2216,0.00321216
2217,0.0032015
2218,0.00319032
2219,0.00318114
2220,0.00317188
2221,0.00316293
2222,0.00315288
2223,0.00314216
2224,0.00313127
2225,0.00312141
2226,0.0031117
2227,0.00310197
2228,0.00309194
2229,0.00308184
2230,0.00307161
2231,0.00306151
2232,0.00305229
2233,0.00304334
2234,0.00303303
2235,0.00302282
2236,0.00301411
2237,0.00300465
2238,0.00299445
2239,0.00298513
2240,0.00297472
2241,0.00296504
2242,0.00295437
2243,0.00294438
2244,0.00293522
2245,0.00292666
2246,0.00291753
2247,0.00290887
2248,0.00289911
2249,0.00289029
2250,0.00288155
2251,0.00287156
2252,0.00286279
2253,0.002853
2254,0.00284344
2255,0.00283297
2256,0.00282448
2257,0.00281441
2258,0.00280534
2259,0.0027958
2260,0.00278658
2261,0.0027785
2262,0.00277002
2263,0.00276054
2264,0.00275224
2265,0.00274229
2266,0.00273348
2267,0.00272518
2268,0.00271644
2269,0.00270838
2270,0.00269957
2271,0.00269117
2272,0.00268222
2273,0.00267348
2274,0.0026639
2275,0.00265417
2276,0.00264526
2277,0.00263707
2278,0.00262743
2279,0.00261933
2280,0.00261085
2281,0.00260281
2282,0.00259328
2283,0.00258424
2284,0.00257465
2285,0.00256581
2286,0.00255696
2287,0.00254932
2288,0.00254091
2289,0.00253341
2290,0.00252467
2291,0.00251516
2292,0.00250771
2293,0.00249865
2294,0.00248975
2295,0.00248209
2296,0.00247306
2297,0.00246562
2298,0.00245777
2299,0.00244988
2300,0.00244237
2301,0.00243371
2302,0.00242528
2303,0.00241672
2304,0.00240909
2305,0.00240114
2306,0.002393
2307,0.00238449
2308,0.00237608
2309,0.00236797
2310,0.0023592
2311,0.00235203
2312,0.0023438
2313,0.00233509
2314,0.00232669
2315,0.00231846
2316,0.00231068
2317,0.00230321
2318,0.00229508
2319,0.00228642
2320,0.00227892
2321,0.00227137
2322,0.00226291
2323,0.00225547
2324,0.0022481
2325,0.00224026
2326,0.00223267
2327,0.00222548
2328,0.00221763
2329,0.00220952
2330,0.00220172
2331,0.00219359
2332,0.00218589
2333,0.00217898
2334,0.00217161
2335,0.00216368
2336,0.00215599
2337,0.00214946
2338,0.0021422
2339,0.00213527
2340,0.00212794
2341,0.00212084
2342,0.00211387
2343,0.00210708
2344,0.00210028
2345,0.0020939
2346,0.00208622
2347,0.00207863
2348,0.00207175
2349,0.00206453
2350,0.0020572
2351,0.00204986
2352,0.00204191
2353,0.0020347
2354,0.00202687
2355,0.00202012
2356,0.00201373
2357,0.00200696
2358,0.00199991
2359,0.00199243
2360,0.00198602
2361,0.0019797
2362,0.0019727
2363,0.00196543
2364,0.00195882
2365,0.00195265
2366,0.0019459
2367,0.00193839
2368,0.00193223
2369,0.00192628
2370,0.00192006
2371,0.0019132
2372,0.00190666
2373,0.00189996
2374,0.00189269
2375,0.00188571
2376,0.00187899
2377,0.00187197
2378,0.0018656
2379,0.00185853
2380,0.00185223
2381,0.00184505
2382,0.0018385
2383,0.00183233
2384,0.00182593
2385,0.0018196
2386,0.00181301
2387,0.00180637
2388,0.0017994
2389,0.00179346
2390,0.00178723
2391,0.0017816
2392,0.00177555
2393,0.00176988
2394,0.00176329
2395,0.00175663
2396,0.00175079
2397,0.00174488
2398,0.00173843
2399,0.00173245
2400,0.00172652
2401,0.0017198
2402,0.00171437
2403,0.001708
2404,0.00170189
2405,0.00169521
2406,0.00168915
2407,0.00168375
2408,0.00167756
2409,0.00167106
2410,0.00166587
2411,0.00166056
2412,0.0016543
2413,0.00164838
2414,0.00164261
2415,0.00163696
2416,0.00163188
2417,0.00162667
2418,0.00162151
2419,0.00161538
2420,0.00160981
2421,0.00160402
2422,0.00159768
2423,0.0015915
2424,0.00158545
2425,0.00157933
2426,0.00157356
2427,0.00156865
2428,0.00156353
2429,0.00155825
2430,0.00155287
2431,0.00154724
2432,0.00154198
2433,0.00153654
2434,0.00153117
2435,0.00152527
2436,0.00151982
2437,0.00151383
2438,0.00150909
2439,0.00150409
2440,0.00149837
2441,0.00149366
2442,0.00148855
2443,0.00148299
2444,0.00147761
2445,0.00147186
2446,0.00146703
2447,0.00146179
2448,0.00145719
2449,0.00145235
2450,0.00144725
2451,0.00144222
2452,0.00143666
2453,0.00143152
2454,0.00142677
2455,0.00142159
2456,0.00141673
2457,0.00141135
2458,0.00140607
2459,0.00140098
2460,0.00139638
2461,0.00139188
2462,0.00138734
2463,0.00138242
2464,0.00137735
2465,0.00137226
2466,0.00136743
2467,0.00136298
2468,0.00135804
2469,0.00135324
2470,0.00134851
2471,0.0013437
2472,0.00133891
2473,0.00133373
2474,0.00132919
2475,0.00132493
2476,0.00132
2477,0.0013153
2478,0.0013104
2479,0.00130535
2480,0.00130032
2481,0.00129599
2482,0.00129168
2483,0.00128694
2484,0.00128209
2485,0.0012775
2486,0.00127312
2487,0.00126905
2488,0.00126475
2489,0.00126075
2490,0.00125618
2491,0.00125164
2492,0.00124752
2493,0.00124277
2494,0.00123875
2495,0.00123406
2496,0.0012296
2497,0.00122514
2498,0.00122128
2499,0.00121728
2500,0.0012134
2501,0.00120916
2502,0.00120462
2503,0.00120019
2504,0.00119604
2505,0.00119224
2506,0.00118784
2507,0.00118395
2508,0.00117972
2509,0.00117556
2510,0.00117188
2511,0.00116789
2512,0.00116356
2513,0.00115963
2514,0.00115593
2515,0.00115191
2516,0.00114754
2517,0.00114348
2518,0.00113935
2519,0.00113561
2520,0.00113159
2521,0.00112782
2522,0.0011236
2523,0.00111935
2524,0.00111571
2525,0.00111144
2526,0.00110734
2527,0.00110319
2528,0.00109923
2529,0.00109517
2530,0.00109086
2531,0.00108681
2532,0.00108324
2533,0.00107927
2534,0.00107565
2535,0.00107179
2536,0.00106773
2537,0.00106436
2538,0.00106043
2539,0.00105675
2540,0.001053
2541,0.00104899
2542,0.00104496
2543,0.00104145
2544,0.00103811
2545,0.00103415
2546,0.00103022
2547,0.00102611
2548,0.00102253
2549,0.00101905
2550,0.00101574
2551,0.00101184
2552,0.00100809
2553,0.0010041
2554,0.00100029
2555,0.000996453
2556,0.000992523
2557,0.000989101
2558,0.000985594
2559,0.00098215
2560,0.000979055
2561,0.00097566
2562,0.000972542
2563,0.000969327
2564,0.000966161
2565,0.000962859
2566,0.00095918
2567,0.000956182
2568,0.000952884
2569,0.000949393
2570,0.00094608
2571,0.000943127
2572,0.000939841
2573,0.000936719
2574,0.00093358
2575,0.000930191
2576,0.000927145
2577,0.000924199
2578,0.000920885
2579,0.000917542
2580,0.000914311
2581,0.000910832
2582,0.000907519
2583,0.000904589
2584,0.00090121
2585,0.000898152
2586,0.000895387
2587,0.000892114
2588,0.000888793
2589,0.000885614
2590,0.000882684
2591,0.000879397
2592,0.000876635
2593,0.000873672
2594,0.000870906
2595,0.000868027
2596,0.000864782
2597,0.000862108
2598,0.000859232
2599,0.000856361
2600,0.000853231
2601,0.000849991
2602,0.000847077
2603,0.000844284
2604,0.00084161
2605,0.000838556
2606,0.000835275
2607,0.000832431
2608,0.000829286
2609,0.000826255
2610,0.000823716
2611,0.000820956
2612,0.000818097
2613,0.00081516
2614,0.00081226
2615,0.000809505
2616,0.000807029
2617,0.000804212
2618,0.000801626
2619,0.000798713
2620,0.000796155
2621,0.000793433
2622,0.00079063
2623,0.000788045
2624,0.000785084
2625,0.000782182
2626,0.000779394
2627,0.000776512
2628,0.000773627
2629,0.00077061
2630,0.000768179
2631,0.00076555
2632,0.000762714
2633,0.000760038
2634,0.000757217
2635,0.000754274
2636,0.000751782
2637,0.000749029
2638,0.000746539
2639,0.000744168
2640,0.000741651
2641,0.000739187
2642,0.0007366
2643,0.000734368
2644,0.000732139
2645,0.000729824
2646,0.000727391
2647,0.000725175
2648,0.000722561
2649,0.000719994
2650,0.000717332
2651,0.000714542
2652,0.000712314
2653,0.000709954
2654,0.00070767
2655,0.000705523
2656,0.000703331
2657,0.000700767
2658,0.000698168
2659,0.000695512
2660,0.000692898
2661,0.000690236
2662,0.000687901
2663,0.000685476
2664,0.000683149
2665,0.000680975
2666,0.000678617
2667,0.000676154
2668,0.000674115
2669,0.000671635
2670,0.000669062
2671,0.00066676
2672,0.000664595
2673,0.000662325
2674,0.000660076
2675,0.000657929
2676,0.000655586
2677,0.000653121
2678,0.000650964
2679,0.000648746
2680,0.000646533
2681,0.000644526
2682,0.000642357
2683,0.000640116
2684,0.000637917
2685,0.000635614
2686,0.000633364
2687,0.000631119
2688,0.000628913
2689,0.000626808
2690,0.000624661
2691,0.000622585
2692,0.000620552
2693,0.00061824
2694,0.00061637
2695,0.000614171
2696,0.000612256
2697,0.000610137
2698,0.000608037
2699,0.000606141
2700,0.000604076
2701,0.000602036
2702,0.000599929
2703,0.000597709
2704,0.000595921
2705,0.000594095
2706,0.000592252
2707,0.000590167
2708,0.000588406
2709,0.000586444
2710,0.000584584
2711,0.000582618
2712,0.000580588
2713,0.000578504
2714,0.000576725
2715,0.000574944
2716,0.00057303
2717,0.000570985
2718,0.000568896
2719,0.000567172
2720,0.000565416
2721,0.000563594
2722,0.000561714
2723,0.000559816
2724,0.000558027
2725,0.000556152
2726,0.000554363
2727,0.000552533
2728,0.000550831
2729,0.00054885
2730,0.000546942
2731,0.000545
2732,0.000543229
2733,0.000541524
2734,0.000539691
2735,0.000537942
2736,0.000536207
2737,0.00053432
2738,0.000532708
2739,0.000531
2740,0.00052934
2741,0.000527652
2742,0.000525751
2743,0.000523814
2744,0.000522248
2745,0.000520345
2746,0.000518358
2747,0.000516583
2748,0.00051476
2749,0.000512897
2750,0.000511125
2751,0.000509251
2752,0.000507692
2753,0.000506176
2754,0.000504548
2755,0.000502903
2756,0.000501203
2757,0.000499451
2758,0.000497632
2759,0.000495866
2760,0.000494183
2761,0.000492561
2762,0.000490958
2763,0.000489186
2764,0.000487477
2765,0.000485657
2766,0.000484145
2767,0.000482371
2768,0.000480673
2769,0.000479157
2770,0.000477639
2771,0.000475918
2772,0.000474293
2773,0.000472847
2774,0.000471213
2775,0.000469601
2776,0.000468189
2777,0.000466581
2778,0.000465178
2779,0.000463551
2780,0.000462009
2781,0.000460411
2782,0.000458819
2783,0.000457252
2784,0.000455652
2785,0.000453936
2786,0.000452208
2787,0.000450786
2788,0.000449241
2789,0.000447633
2790,0.000445971
2791,0.000444597
2792,0.000443232
2793,0.000441837
2794,0.000440206
2795,0.000438602
2796,0.000437232
2797,0.00043589
2798,0.000434369
2799,0.000432781
2800,0.000431354
2801,0.000430076
2802,0.000428595
2803,0.000427001
2804,0.00042569
2805,0.000424314
2806,0.0004229
2807,0.000421584
2808,0.000420324
2809,0.000418914
2810,0.000417356
2811,0.000415938
2812,0.000414643
2813,0.000413244
2814,0.000412004
2815,0.000410531
2816,0.000409128
2817,0.000407917
2818,0.000406689
2819,0.000405437
2820,0.000404008
2821,0.000402484
2822,0.000401177
2823,0.000399699
2824,0.000398433
2825,0.000397163
2826,0.000395769
2827,0.000394453
2828,0.000393139
2829,0.000391831
2830,0.000390585
2831,0.000389171
2832,0.000387857
2833,0.000386402
2834,0.000384978
2835,0.000383628
2836,0.000382374
2837,0.000381151
2838,0.000379782
2839,0.000378519
2840,0.000377135
2841,0.000375757
2842,0.000374338
2843,0.000373203
2844,0.000371999
2845,0.000370898
2846,0.000369551
2847,0.000368161
2848,0.000367064
2849,0.000365967
2850,0.000364857
2851,0.000363564
2852,0.000362481
2853,0.000361295
2854,0.000360011
2855,0.000358861
2856,0.000357591
2857,0.000356381
2858,0.000355117
2859,0.000353992
2860,0.000352682
2861,0.000351631
2862,0.000350557
2863,0.000349399
2864,0.00034836
2865,0.000347092
2866,0.000346031
2867,0.000344905
2868,0.00034381
2869,0.000342543
2870,0.000341272
2871,0.000340211
2872,0.000339011
2873,0.000337779
2874,0.000336701
2875,0.000335667
2876,0.000334473
2877,0.000333416
2878,0.000332408
2879,0.000331219
2880,0.000330156
2881,0.000329127
2882,0.000327987
2883,0.000326925
2884,0.000325792
2885,0.000324705
2886,0.000323582
2887,0.000322509
2888,0.000321308
2889,0.000320252
2890,0.00031913
2891,0.00031793
2892,0.000316873
2893,0.000315725
2894,0.000314669
2895,0.000313628
2896,0.0003125
2897,0.000311423
2898,0.000310282
2899,0.000309338
2900,0.000308303
2901,0.000307214
2902,0.000306233
2903,0.000305256
2904,0.00030423
2905,0.000303195
2906,0.000302184
2907,0.000301205
2908,0.000300128
2909,0.000299099
2910,0.000298161
2911,0.000297257
2912,0.000296213
2913,0.000295112
2914,0.000294124
2915,0.000293153
2916,0.000292203
2917,0.000291322
2918,0.000290279
2919,0.000289339
2920,0.000288384
2921,0.000287404
2922,0.000286486
2923,0.000285453
2924,0.000284511
2925,0.000283505
2926,0.000282597
2927,0.000281717
2928,0.000280822
2929,0.00027996
2930,0.00027907
2931,0.00027807
2932,0.000277042
2933,0.000276082
2934,0.000275238
2935,0.000274346
2936,0.000273509
2937,0.000272584
2938,0.000271616
2939,0.000270602
2940,0.000269773
2941,0.000268788
2942,0.000267758
2943,0.000266751
2944,0.000265763
2945,0.000264875
2946,0.000264029
2947,0.000263212
2948,0.000262336
2949,0.00026153
2950,0.000260661
2951,0.000259697
2952,0.000258772
2953,0.000257838
2954,0.000256906
2955,0.000256131
2956,0.000255284
2957,0.000254319
2958,0.00025351
2959,0.000252613
2960,0.000251832
2961,0.000250986
2962,0.00025013
2963,0.000249186
2964,0.000248431
2965,0.000247575
2966,0.00024677
2967,0.000246004
2968,0.000245236
2969,0.000244497
2970,0.00024376
2971,0.000242983
2972,0.000242082
2973,0.000241141
2974,0.000240392
2975,0.00023954
2976,0.00023874
2977,0.000237952
2978,0.000237073
2979,0.00023618
2980,0.000235367
2981,0.000234595
2982,0.000233751
2983,0.000233021
2984,0.000232309
2985,0.00023153
2986,0.000230803
2987,0.000230021
2988,0.000229241
2989,0.000228481
2990,0.000227752
2991,0.000226964
2992,0.000226117
2993,0.000225286
2994,0.0002245
2995,0.000223652
2996,0.000222906
2997,0.000222081
2998,0.000221402
2999,0.000220648
3000,0.000219825
3001,0.000219148
3002,0.000218359
3003,0.000217548
3004,0.000216879
3005,0.000216079
3006,0.000215324
3007,0.00021459
3008,0.000213893
3009,0.000213178
3010,0.000212478
3011,0.000211709
3012,0.000210931
3013,0.000210279
3014,0.000209504
3015,0.00020872
3016,0.000207985
3017,0.000207346
3018,0.000206669
3019,0.00020604
3020,0.000205351
3021,0.00020464
3022,0.000203917
3023,0.000203248
3024,0.000202587
3025,0.000201949
3026,0.000201305
3027,0.000200596
3028,0.000199818
3029,0.000199164
3030,0.000198534
3031,0.000197799
3032,0.000197142
3033,0.000196393
3034,0.000195676
3035,0.000195015
3036,0.000194287
3037,0.00019366
3038,0.000192945
3039,0.000192335
3040,0.00019166
3041,0.00019105
3042,0.000190338
3043,0.000189698
3044,0.000189084
3045,0.000188392
3046,0.000187792
3047,0.000187107
3048,0.000186399
3049,0.000185751
3050,0.000185061
3051,0.000184451
3052,0.000183887
3053,0.000183272
3054,0.00018263
3055,0.000182028
3056,0.000181394
3057,0.000180724
3058,0.000180024
3059,0.000179384
3060,0.000178833
3061,0.000178276
3062,0.000177676
3063,0.000177084
3064,0.000176538
3065,0.000175988
3066,0.000175355
3067,0.000174684
3068,0.000174104
3069,0.000173493
3070,0.000172959
3071,0.000172315
3072,0.000171677
3073,0.000171012
3074,0.000170449
3075,0.000169798
3076,0.000169169
3077,0.00016859
3078,0.000167972
3079,0.000167378
3080,0.000166741
3081,0.000166149
3082,0.000165526
3083,0.000164887
3084,0.00016424
3085,0.000163679
3086,0.000163155
3087,0.000162596
3088,0.000162079
3089,0.000161572
3090,0.000160954
3091,0.000160438
3092,0.000159926
3093,0.000159385
3094,0.000158833
3095,0.00015832
3096,0.000157775
3097,0.000157264
3098,0.000156772
3099,0.0001562
3100,0.000155618
3101,0.000155127
3102,0.000154574
3103,0.000154037
3104,0.000153435
3105,0.000152835
3106,0.000152306
3107,0.00015175
3108,0.000151245
3109,0.000150762
3110,0.000150272
3111,0.000149792
3112,0.000149254
3113,0.000148792
3114,0.000148331
3115,0.00014781
3116,0.000147308
3117,0.000146832
3118,0.000146376
3119,0.00014587
3120,0.00014539
3121,0.000144938
3122,0.000144422
3123,0.000143928
3124,0.000143434
3125,0.000142978
3126,0.000142474
3127,0.000141928
3128,0.00014145
3129,0.000140941
3130,0.000140429
3131,0.000139989
3132,0.000139482
3133,0.000139018
3134,0.000138533
3135,0.000138024
3136,0.00013758
3137,0.000137059
3138,0.000136587
3139,0.000136119
3140,0.000135694
3141,0.000135214
3142,0.000134732
3143,0.000134237
3144,0.000133751
3145,0.000133271
3146,0.00013283
3147,0.000132317
3148,0.000131818
3149,0.000131377
3150,0.000130923
3151,0.000130412
3152,0.000129973
3153,0.000129562
3154,0.000129126
3155,0.000128653
3156,0.000128233
3157,0.000127744
3158,0.000127281
3159,0.000126833
3160,0.000126383
3161,0.00012597
3162,0.000125528
3163,0.000125113
3164,0.00012468
3165,0.000124293
3166,0.000123821
3167,0.000123371
3168,0.00012289
3169,0.000122474
3170,0.000121996
3171,0.000121511
3172,0.000121031
3173,0.000120594
3174,0.000120156
3175,0.000119733
3176,0.000119352
3177,0.000118904
3178,0.000118488
3179,0.00011804
3180,0.00011766
3181,0.000117215
3182,0.000116769
3183,0.000116362
3184,0.000115908
3185,0.000115536
3186,0.000115167
3187,0.000114798
3188,0.000114439
3189,0.000114026
3190,0.000113611
3191,0.000113203
3192,0.000112767
3193,0.000112403
3194,0.000111985
3195,0.000111605
3196,0.000111246
3197,0.000110839
3198,0.000110406
3199,0.000110059
3200,0.000109716
3201,0.000109301
3202,0.000108866
3203,0.000108433
3204,0.000108051
3205,0.000107663
3206,0.000107293
3207,0.000106913
3208,0.000106542
3209,0.000106138
3210,0.000105775
3211,0.000105399
3212,0.000105008
3213,0.000104671
3214,0.000104268
3215,0.00010388
3216,0.000103536
3217,0.000103207
3218,0.000102824
3219,0.000102481
3220,0.0001021
3221,0.000101745
3222,0.000101359
3223,0.000100985
3224,0.000100622
3225,0.000100256
3226,9.99468e-05
3227,9.95858e-05
3228,9.92467e-05
3229,9.88663e-05
3230,9.84922e-05
3231,9.81525e-05
3232,9.77828e-05
3233,9.74161e-05
3234,9.70873e-05
3235,9.67667e-05
3236,9.64438e-05
3237,9.60906e-05
3238,9.5726e-05
3239,9.53645e-05
3240,9.50217e-05
3241,9.47153e-05
3242,9.43992e-05
3243,9.40869e-05
3244,9.3775e-05
3245,9.34623e-05
3246,9.31026e-05
3247,9.27685e-05
3248,9.2449e-05
3249,9.21046e-05
3250,9.17527e-05
3251,9.14523e-05
3252,9.11549e-05
3253,9.08268e-05
3254,9.04783e-05
3255,9.01333e-05
3256,8.98298e-05
3257,8.94898e-05
3258,8.91725e-05
3259,8.8846e-05
3260,8.85103e-05
3261,8.82153e-05
3262,8.79374e-05
3263,8.76255e-05
3264,8.73541e-05
3265,8.70582e-05
3266,8.67263e-05
3267,8.64311e-05
3268,8.6154e-05
3269,8.58411e-05
3270,8.55673e-05
3271,8.52562e-05
3272,8.49264e-05
3273,8.46273e-05
3274,8.43642e-05
3275,8.40914e-05
3276,8.37802e-05
3277,8.35208e-05
3278,8.32157e-05
3279,8.29409e-05
3280,8.26321e-05
3281,8.23304e-05
3282,8.20418e-05
3283,8.17846e-05
3284,8.15129e-05
3285,8.1237e-05
3286,8.09284e-05
3287,8.06288e-05
3288,8.03587e-05
3289,8.00834e-05
3290,7.98108e-05
3291,7.95566e-05
3292,7.92666e-05
3293,7.89855e-05
3294,7.86884e-05
3295,7.83875e-05
3296,7.81455e-05
3297,7.78622e-05
3298,7.76073e-05
3299,7.73563e-05
3300,7.70866e-05
3301,7.68236e-05
3302,7.65873e-05
3303,7.63243e-05
3304,7.60937e-05
3305,7.58554e-05
3306,7.55781e-05
3307,7.52915e-05
3308,7.50464e-05
3309,7.47784e-05
3310,7.45394e-05
3311,7.43064e-05
3312,7.40589e-05
3313,7.37901e-05
3314,7.35479e-05
3315,7.32773e-05
3316,7.30397e-05
3317,7.28038e-05
3318,7.25498e-05
3319,7.22919e-05
3320,7.20234e-05
3321,7.17982e-05
3322,7.15889e-05
3323,7.13405e-05
3324,7.10807e-05
3325,7.08168e-05
3326,7.05645e-05
3327,7.03595e-05
3328,7.01161e-05
3329,6.99079e-05
3330,6.96886e-05
3331,6.94619e-05
3332,6.92275e-05
3333,6.90007e-05
3334,6.87948e-05
3335,6.85622e-05
3336,6.83244e-05
3337,6.81241e-05
3338,6.78967e-05
3339,6.7698e-05
3340,6.74627e-05
3341,6.72154e-05
3342,6.70045e-05
3343,6.67929e-05
3344,6.656e-05
3345,6.63302e-05
3346,6.61217e-05
3347,6.59239e-05
3348,6.57312e-05
3349,6.55404e-05
3350,6.53109e-05
3351,6.51228e-05
3352,6.49235e-05
3353,6.46939e-05
3354,6.4464e-05
3355,6.42697e-05
3356,6.40469e-05
3357,6.38342e-05
3358,6.36426e-05
3359,6.34311e-05
3360,6.32175e-05
3361,6.30102e-05
3362,6.28233e-05
3363,6.26326e-05
3364,6.24538e-05
3365,6.22646e-05
3366,6.20886e-05
3367,6.18811e-05
3368,6.16876e-05
3369,6.14823e-05
3370,6.1267e-05
3371,6.10807e-05
3372,6.088e-05
3373,6.07e-05
3374,6.05011e-05
3375,6.03073e-05
3376,6.01422e-05
3377,5.99727e-05
3378,5.97766e-05
3379,5.96073e-05
3380,5.94353e-05
3381,5.92417e-05
3382,5.90712e-05
3383,5.88868e-05
3384,5.86933e-05
3385,5.85304e-05
3386,5.83397e-05
3387,5.81507e-05
3388,5.79616e-05
3389,5.7801e-05
3390,5.76291e-05
3391,5.7456e-05
3392,5.72725e-05
3393,5.70897e-05
3394,5.69016e-05
3395,5.67124e-05
3396,5.65589e-05
3397,5.63756e-05
3398,5.61956e-05
3399,5.60245e-05
3400,5.58489e-05
3401,5.56747e-05
3402,5.54918e-05
3403,5.53274e-05
3404,5.51462e-05
3405,5.49739e-05
3406,5.48291e-05
3407,5.46536e-05
3408,5.44782e-05
3409,5.43012e-05
3410,5.41565e-05
3411,5.40146e-05
3412,5.38531e-05
3413,5.3702e-05
3414,5.35398e-05
3415,5.33852e-05
3416,5.32327e-05
3417,5.30773e-05
3418,5.29359e-05
3419,5.27953e-05
3420,5.26392e-05
3421,5.24826e-05
3422,5.23257e-05
3423,5.21787e-05
3424,5.20359e-05
3425,5.18885e-05
3426,5.17492e-05
3427,5.16063e-05
3428,5.14631e-05
3429,5.13015e-05
3430,5.11376e-05
3431,5.10064e-05
3432,5.086e-05
3433,5.07051e-05
3434,5.05596e-05
3435,5.04152e-05
3436,5.02742e-05
3437,5.01309e-05
3438,4.999e-05
3439,4.98578e-05
3440,4.97218e-05
3441,4.95803e-05
3442,4.94477e-05
3443,4.93242e-05
3444,4.91765e-05
3445,4.90215e-05
3446,4.8883e-05
3447,4.87526e-05
3448,4.86181e-05
3449,4.84787e-05
3450,4.83444e-05
3451,4.82222e-05
3452,4.80977e-05
3453,4.79775e-05
3454,4.78464e-05
3455,4.77131e-05
3456,4.75792e-05
3457,4.74401e-05
3458,4.72946e-05
3459,4.71816e-05
3460,4.70493e-05
3461,4.69095e-05
3462,4.6795e-05
3463,4.66747e-05
3464,4.65443e-05
3465,4.64153e-05
3466,4.62784e-05
3467,4.61642e-05
3468,4.60509e-05
3469,4.59324e-05
3470,4.58127e-05
3471,4.56885e-05
3472,4.55527e-05
3473,4.54223e-05
3474,4.52956e-05
3475,4.51631e-05
3476,4.5035e-05
3477,4.4925e-05
3478,4.48146e-05
3479,4.47044e-05
3480,4.45788e-05
3481,4.44534e-05
3482,4.43386e-05
3483,4.42329e-05
3484,4.41089e-05
3485,4.39792e-05
3486,4.3856e-05
3487,4.37408e-05
3488,4.36202e-05
3489,4.35007e-05
3490,4.33869e-05
3491,4.32748e-05
3492,4.3161e-05
3493,4.30465e-05
3494,4.2926e-05
3495,4.28207e-05
3496,4.27183e-05
3497,4.26039e-05
3498,4.24957e-05
3499,4.23895e-05
3500,4.22909e-05
3501,4.21755e-05
3502,4.20805e-05
3503,4.19836e-05
3504,4.18753e-05
3505,4.17638e-05
3506,4.16697e-05
3507,4.15686e-05
3508,4.14547e-05
3509,4.13545e-05
3510,4.12475e-05
3511,4.11366e-05
3512,4.10438e-05
3513,4.09516e-05
3514,4.0841e-05
3515,4.07515e-05
3516,4.06606e-05
3517,4.05567e-05
3518,4.0455e-05
3519,4.03457e-05
3520,4.0247e-05
3521,4.01577e-05
3522,4.00622e-05
3523,3.99746e-05
3524,3.9873e-05
3525,3.97801e-05
3526,3.96864e-05
3527,3.96011e-05
3528,3.95148e-05
3529,3.94126e-05
3530,3.93171e-05
3531,3.92275e-05
3532,3.91273e-05
3533,3.90316e-05
3534,3.8939e-05
3535,3.88464e-05
3536,3.87582e-05
3537,3.86656e-05
3538,3.85645e-05
3539,3.84781e-05
3540,3.83794e-05
3541,3.82852e-05
3542,3.82042e-05
3543,3.81053e-05
3544,3.80088e-05
3545,3.79292e-05
3546,3.78499e-05
3547,3.77553e-05
3548,3.76601e-05
3549,3.75687e-05
3550,3.74748e-05
3551,3.73928e-05
3552,3.73019e-05
3553,3.72212e-05
3554,3.71393e-05
3555,3.70539e-05
3556,3.69678e-05
3557,3.68785e-05
3558,3.67925e-05
3559,3.67053e-05
3560,3.66193e-05
3561,3.65247e-05
3562,3.64312e-05
3563,3.63498e-05
3564,3.62661e-05
3565,3.61867e-05
3566,3.60983e-05
3567,3.60087e-05
3568,3.59186e-05
3569,3.58314e-05
3570,3.57382e-05
3571,3.56514e-05
3572,3.55741e-05
3573,3.54833e-05
3574,3.53981e-05
3575,3.53072e-05
3576,3.52354e-05
3577,3.51535e-05
3578,3.50673e-05
3579,3.49811e-05
3580,3.49066e-05
3581,3.48272e-05
3582,3.47394e-05
3583,3.46511e-05
3584,3.45675e-05
3585,3.44944e-05
3586,3.44195e-05
3587,3.43481e-05
3588,3.42653e-05
3589,3.4181e-05
3590,3.40989e-05
3591,3.40243e-05
3592,3.39432e-05
3593,3.38658e-05
3594,3.37866e-05
3595,3.37153e-05
3596,3.36353e-05
3597,3.35609e-05
3598,3.34771e-05
3599,3.34001e-05
3600,3.33147e-05
3601,3.32298e-05
3602,3.31607e-05
3603,3.30906e-05
3604,3.30095e-05
3605,3.29294e-05
3606,3.28605e-05
3607,3.27801e-05
3608,3.27082e-05
3609,3.26271e-05
3610,3.25498e-05
3611,3.24754e-05
3612,3.24034e-05
3613,3.23294e-05
3614,3.22582e-05
3615,3.21931e-05
3616,3.21178e-05
3617,3.20416e-05
3618,3.1975e-05
3619,3.19032e-05
3620,3.18319e-05
3621,3.17547e-05
3622,3.16766e-05
3623,3.16106e-05
3624,3.15432e-05
3625,3.14738e-05
3626,3.14056e-05
3627,3.13267e-05
3628,3.125e-05
3629,3.11832e-05
3630,3.11131e-05
3631,3.10385e-05
3632,3.09741e-05
3633,3.0903e-05
3634,3.08248e-05
3635,3.0763e-05
3636,3.06968e-05
3637,3.06336e-05
3638,3.05587e-05
3639,3.04862e-05
3640,3.04248e-05
3641,3.03563e-05
3642,3.02933e-05
3643,3.02263e-05
3644,3.01651e-05
3645,3.00973e-05
3646,3.00296e-05
3647,2.99575e-05
3648,2.98946e-05
3649,2.98258e-05
3650,2.97622e-05
3651,2.96934e-05
3652,2.96276e-05
3653,2.95677e-05
3654,2.94978e-05
3655,2.94278e-05
3656,2.93618e-05
3657,2.93021e-05
3658,2.92341e-05
3659,2.91728e-05
3660,2.911e-05
3661,2.90499e-05
3662,2.89785e-05
3663,2.89134e-05
3664,2.88443e-05
3665,2.87722e-05
3666,2.87073e-05
3667,2.86339e-05
3668,2.85594e-05
3669,2.84967e-05
3670,2.84297e-05
3671,2.83568e-05
3672,2.82857e-05
3673,2.82157e-05
3674,2.81524e-05
3675,2.8083e-05
3676,2.80221e-05
3677,2.79534e-05
3678,2.78878e-05
3679,2.7825e-05
3680,2.77627e-05
3681,2.7695e-05
3682,2.76229e-05
3683,2.75538e-05
3684,2.74852e-05
3685,2.74179e-05
3686,2.73559e-05
3687,2.72978e-05
3688,2.72321e-05
3689,2.7161e-05
3690,2.71006e-05
3691,2.70311e-05
3692,2.69747e-05
3693,2.69173e-05
3694,2.68573e-05
3695,2.67916e-05
3696,2.67213e-05
3697,2.66543e-05
3698,2.65882e-05
3699,2.65194e-05
3700,2.64486e-05
3701,2.6389e-05
3702,2.63227e-05
3703,2.62566e-05
3704,2.61862e-05
3705,2.61292e-05
3706,2.60679e-05
3707,2.60104e-05
3708,2.59434e-05
3709,2.58731e-05
3710,2.58095e-05
3711,2.57514e-05
3712,2.56874e-05
3713,2.56258e-05
3714,2.55576e-05
3715,2.54967e-05
3716,2.54408e-05
3717,2.5383e-05
3718,2.53219e-05
3719,2.52564e-05
3720,2.51992e-05
3721,2.5135e-05
3722,2.50705e-05
3723,2.50132e-05
3724,2.49478e-05
3725,2.48786e-05
3726,2.481e-05
3727,2.47439e-05
3728,2.468e-05
3729,2.4618e-05
3730,2.45557e-05
3731,2.44937e-05
3732,2.44284e-05
3733,2.43694e-05
3734,2.43126e-05
3735,2.42489e-05
3736,2.41886e-05
3737,2.41252e-05
3738,2.40579e-05
3739,2.39992e-05
3740,2.39368e-05
3741,2.38769e-05
3742,2.38158e-05
3743,2.37579e-05
3744,2.36923e-05
3745,2.36316e-05
3746,2.35682e-05
3747,2.3515e-05
3748,2.34527e-05
3749,2.33965e-05
3750,2.33332e-05
3751,2.32661e-05
3752,2.32138e-05
3753,2.31552e-05
3754,2.31003e-05
3755,2.30372e-05
3756,2.29775e-05
3757,2.29241e-05
3758,2.28644e-05
3759,2.28102e-05
3760,2.27498e-05
3761,2.26949e-05
3762,2.26334e-05
3763,2.25747e-05
3764,2.25148e-05
3765,2.24631e-05
3766,2.24085e-05
3767,2.2356e-05
3768,2.22954e-05
3769,2.22409e-05
3770,2.21839e-05
3771,2.21267e-05
3772,2.2066e-05
3773,2.20143e-05
3774,2.19533e-05
3775,2.18927e-05
3776,2.18335e-05
3777,2.17744e-05
3778,2.17135e-05
3779,2.16574e-05
3780,2.15952e-05
3781,2.15363e-05
3782,2.14806e-05
3783,2.14184e-05
3784,2.13666e-05
3785,2.13089e-05
3786,2.12482e-05
3787,2.1189e-05
3788,2.11286e-05
3789,2.10728e-05
3790,2.1012e-05
3791,2.0956e-05
3792,2.08975e-05
3793,2.08396e-05
3794,2.0777e-05
3795,2.07233e-05
3796,2.06657e-05
3797,2.06132e-05
3798,2.0559e-05
3799,2.05045e-05
3800,2.04491e-05
3801,2.03885e-05
3802,2.03267e-05
3803,2.02746e-05
3804,2.0214e-05
3805,2.01547e-05
3806,2.00932e-05
3807,2.00364e-05
3808,1.99833e-05
3809,1.99265e-05
3810,1.98651e-05
3811,1.98134e-05
3812,1.97621e-05
3813,1.97095e-05
3814,1.96596e-05
3815,1.96071e-05
3816,1.95468e-05
3817,1.94854e-05
3818,1.94372e-05
3819,1.93809e-05
3820,1.93284e-05
3821,1.92699e-05
3822,1.92198e-05
3823,1.91719e-05
3824,1.91189e-05
3825,1.90699e-05
3826,1.90188e-05
3827,1.89698e-05
3828,1.89182e-05
3829,1.88621e-05
3830,1.88074e-05
3831,1.87491e-05
3832,1.86937e-05
3833,1.86408e-05
3834,1.85929e-05
3835,1.85396e-05
3836,1.84906e-05
3837,1.84439e-05
3838,1.8396e-05
3839,1.83434e-05
3840,1.82885e-05
3841,1.82411e-05
3842,1.81861e-05
3843,1.81278e-05
3844,1.80754e-05
3845,1.80179e-05
3846,1.79678e-05
3847,1.79168e-05
3848,1.78606e-05
3849,1.78103e-05
3850,1.77627e-05
3851,1.77147e-05
3852,1.76669e-05
3853,1.76175e-05
3854,1.75692e-05
3855,1.7516e-05
3856,1.74647e-05
3857,1.74126e-05
3858,1.73572e-05
3859,1.73009e-05
3860,1.72521e-05
3861,1.72026e-05
3862,1.71494e-05
3863,1.70932e-05
3864,1.70372e-05
3865,1.69819e-05
3866,1.69312e-05
3867,1.68864e-05
3868,1.68334e-05
3869,1.67816e-05
3870,1.67305e-05
3871,1.66806e-05
3872,1.66285e-05
3873,1.65804e-05
3874,1.6532e-05
3875,1.64868e-05
3876,1.64405e-05
3877,1.63891e-05
3878,1.63389e-05
3879,1.62943e-05
3880,1.62507e-05
3881,1.62e-05
3882,1.61532e-05
3883,1.61076e-05
3884,1.60641e-05
3885,1.60155e-05
3886,1.59622e-05
3887,1.59129e-05
3888,1.58692e-05
3889,1.5819e-05
3890,1.57722e-05
3891,1.57256e-05
3892,1.56821e-05
3893,1.56392e-05
3894,1.55942e-05
3895,1.55419e-05
3896,1.54893e-05
3897,1.54383e-05
3898,1.53848e-05
3899,1.53349e-05
3900,1.52896e-05
3901,1.52424e-05
3902,1.51997e-05
3903,1.51483e-05
3904,1.50969e-05
3905,1.50497e-05
3906,1.50077e-05
3907,1.4966e-05
3908,1.49234e-05
3909,1.48762e-05
3910,1.4834e-05
3911,1.47916e-05
3912,1.47479e-05
3913,1.47031e-05
3914,1.46587e-05
3915,1.4615e-05
3916,1.45652e-05
3917,1.45222e-05
3918,1.44739e-05
3919,1.44228e-05
3920,1.43716e-05
3921,1.43305e-05
3922,1.42877e-05
3923,1.42378e-05
3924,1.41967e-05
3925,1.41518e-05
3926,1.41029e-05
3927,1.40526e-05
3928,1.40107e-05
3929,1.39635e-05
3930,1.39183e-05
3931,1.38741e-05
3932,1.38323e-05
3933,1.37873e-05
3934,1.37442e-05
3935,1.36946e-05
3936,1.36439e-05
3937,1.36001e-05
3938,1.35507e-05
3939,1.35107e-05
3940,1.34629e-05
3941,1.34234e-05
3942,1.33829e-05
3943,1.33425e-05
3944,1.33e-05
3945,1.32565e-05
3946,1.32137e-05
3947,1.31728e-05
3948,1.31281e-05
3949,1.30882e-05
3950,1.30488e-05
3951,1.30058e-05
3952,1.29658e-05
3953,1.29242e-05
3954,1.2882e-05
3955,1.28416e-05
3956,1.27958e-05
3957,1.27554e-05
3958,1.27166e-05
3959,1.26699e-05
3960,1.26215e-05
3961,1.25772e-05
3962,1.25357e-05
3963,1.24967e-05
3964,1.24584e-05
3965,1.24147e-05
3966,1.2376e-05
3967,1.23383e-05
3968,1.23006e-05
3969,1.22626e-05
3970,1.22245e-05
3971,1.21877e-05
3972,1.21494e-05
3973,1.21099e-05
3974,1.20718e-05
3975,1.20302e-05
3976,1.19858e-05
3977,1.19433e-05
3978,1.18989e-05
3979,1.18579e-05
3980,1.18148e-05
3981,1.17692e-05
3982,1.17336e-05
3983,1.16901e-05
3984,1.16511e-05
3985,1.16117e-05
3986,1.15746e-05
3987,1.15378e-05
3988,1.14967e-05
3989,1.14585e-05
3990,1.14219e-05
3991,1.13811e-05
3992,1.13373e-05
3993,1.12965e-05
3994,1.12534e-05
3995,1.12182e-05
3996,1.11811e-05
3997,1.11464e-05
3998,1.11108e-05
3999,1.10729e-05
4000,1.1037e-05
4001,1.10001e-05
4002,1.0962e-05
4003,1.09244e-05
4004,1.08844e-05
4005,1.08442e-05
4006,1.08105e-05
4007,1.07727e-05
4008,1.07366e-05
4009,1.06959e-05
4010,1.06625e-05
4011,1.06288e-05
4012,1.05891e-05
4013,1.05558e-05
4014,1.05228e-05
4015,1.04886e-05
4016,1.04519e-05
4017,1.04172e-05
4018,1.03816e-05
4019,1.03475e-05
4020,1.03104e-05
4021,1.02731e-05
4022,1.0233e-05
4023,1.01959e-05
4024,1.01624e-05
4025,1.01243e-05
4026,1.00868e-05
4027,1.00506e-05
4028,1.00116e-05
4029,9.97259e-06
4030,9.93212e-06
4031,9.90011e-06
4032,9.86762e-06
4033,9.83287e-06
4034,9.79762e-06
4035,9.7592e-06
4036,9.72676e-06
4037,9.69178e-06
4038,9.65741e-06
4039,9.62276e-06
4040,9.58875e-06
4041,9.55436e-06
4042,9.51924e-06
4043,9.48667e-06
4044,9.45227e-06
4045,9.41702e-06
4046,9.38298e-06
4047,9.35265e-06
4048,9.31642e-06
4049,9.27905e-06
4050,9.24702e-06
4051,9.21373e-06
4052,9.1805e-06
4053,9.14972e-06
4054,9.12015e-06
4055,9.08626e-06
4056,9.05729e-06
4057,9.02358e-06
4058,8.993e-06
4059,8.95794e-06
4060,8.92491e-06
4061,8.89469e-06
4062,8.8593e-06
4063,8.82487e-06
4064,8.79081e-06
4065,8.75864e-06
4066,8.72575e-06
4067,8.6907e-06
4068,8.6623e-06
4069,8.63389e-06
4070,8.60335e-06
4071,8.57202e-06
4072,8.53993e-06
4073,8.51227e-06
4074,8.47956e-06
4075,8.45086e-06
4076,8.41899e-06
4077,8.38945e-06
4078,8.36058e-06
4079,8.32951e-06
4080,8.30095e-06
4081,8.27037e-06
4082,8.2428e-06
4083,8.21137e-06
4084,8.17909e-06
4085,8.15115e-06
4086,8.12193e-06
4087,8.09022e-06
4088,8.05717e-06
4089,8.02581e-06
4090,7.99484e-06
4091,7.96562e-06
4092,7.93357e-06
4093,7.90291e-06
4094,7.87595e-06
4095,7.84646e-06
4096,7.81993e-06
4097,7.78935e-06
4098,7.76017e-06
4099,7.73337e-06
4100,7.70229e-06
4101,7.67007e-06
4102,7.63931e-06
4103,7.61035e-06
4104,7.58553e-06
4105,7.55742e-06
4106,7.52775e-06
4107,7.4982e-06
4108,7.46727e-06
4109,7.44265e-06
4110,7.41649e-06
4111,7.39127e-06
4112,7.36349e-06
4113,7.33635e-06
4114,7.30643e-06
4115,7.27967e-06
4116,7.25153e-06
4117,7.22529e-06
4118,7.20041e-06
4119,7.17323e-06
4120,7.14934e-06
4121,7.1209e-06
4122,7.09698e-06
4123,7.07387e-06
4124,7.04765e-06
4125,7.02273e-06
4126,6.99601e-06
4127,6.96835e-06
4128,6.94453e-06
4129,6.92074e-06
4130,6.89809e-06
4131,6.87493e-06
4132,6.85141e-06
4133,6.82458e-06
4134,6.7977e-06
4135,6.77393e-06
4136,6.74947e-06
4137,6.72449e-06
4138,6.70261e-06
4139,6.67882e-06
4140,6.65374e-06
4141,6.62988e-06
4142,6.60495e-06
4143,6.58199e-06
4144,6.55578e-06
4145,6.53095e-06
4146,6.5056e-06
4147,6.48076e-06
4148,6.45979e-06
4149,6.43409e-06
4150,6.41149e-06
4151,6.39014e-06
4152,6.36487e-06
4153,6.34169e-06
4154,6.32034e-06
4155,6.29726e-06
4156,6.27262e-06
4157,6.24743e-06
4158,6.22531e-06
4159,6.2053e-06
4160,6.18488e-06
4161,6.16309e-06
4162,6.14241e-06
4163,6.12098e-06
4164,6.10009e-06
4165,6.07587e-06
4166,6.0527e-06
4167,6.02938e-06
4168,6.00734e-06
4169,5.98455e-06
4170,5.96468e-06
4171,5.94504e-06
4172,5.92565e-06
4173,5.90318e-06
4174,5.88215e-06
4175,5.86336e-06
4176,5.84303e-06
4177,5.82373e-06
4178,5.80216e-06
4179,5.78169e-06
4180,5.76268e-06
4181,5.73996e-06
4182,5.71886e-06
4183,5.7004e-06
4184,5.68044e-06
4185,5.65905e-06
4186,5.63801e-06
4187,5.619e-06
4188,5.59862e-06
4189,5.57626e-06
4190,5.55736e-06
4191,5.53673e-06
4192,5.51747e-06
4193,5.49812e-06
4194,5.48061e-06
4195,5.46077e-06
4196,5.44185e-06
4197,5.42164e-06
4198,5.40299e-06
4199,5.38217e-06
4200,5.36346e-06
4201,5.34453e-06
4202,5.3233e-06
4203,5.30433e-06
4204,5.28664e-06
4205,5.26841e-06
4206,5.24993e-06
4207,5.23086e-06
4208,5.21207e-06
4209,5.19529e-06
4210,5.17511e-06
4211,5.15579e-06
4212,5.13937e-06
4213,5.12134e-06
4214,5.10231e-06
4215,5.08418e-06
4216,5.06745e-06
4217,5.05042e-06
4218,5.03182e-06
4219,5.01275e-06
4220,4.99599e-06
4221,4.97671e-06
4222,4.95924e-06
4223,4.9413e-06
4224,4.92448e-06
4225,4.90735e-06
4226,4.89128e-06
4227,4.87344e-06
4228,4.8578e-06
4229,4.84079e-06
4230,4.8236e-06
4231,4.80672e-06
4232,4.78791e-06
4233,4.77081e-06
4234,4.75234e-06
4235,4.73678e-06
4236,4.71886e-06
4237,4.70279e-06
4238,4.68528e-06
4239,4.66912e-06
4240,4.65302e-06
4241,4.63578e-06
4242,4.62129e-06
4243,4.60533e-06
4244,4.59021e-06
4245,4.57339e-06
4246,4.55941e-06
4247,4.54391e-06
4248,4.52977e-06
4249,4.51358e-06
4250,4.49892e-06
4251,4.48408e-06
4252,4.46817e-06
4253,4.45205e-06
4254,4.43494e-06
4255,4.41745e-06
4256,4.40351e-06
4257,4.3897e-06
4258,4.37415e-06
4259,4.35995e-06
4260,4.3445e-06
4261,4.33052e-06
4262,4.31498e-06
4263,4.29953e-06
4264,4.2838e-06
4265,4.26842e-06
4266,4.2524e-06
4267,4.23712e-06
4268,4.2243e-06
4269,4.2096e-06
4270,4.19671e-06
4271,4.18264e-06
4272,4.16866e-06
4273,4.15569e-06
4274,4.14324e-06
4275,4.12877e-06
4276,4.11327e-06
4277,4.10095e-06
4278,4.08821e-06
4279,4.07604e-06
4280,4.06183e-06
4281,4.04834e-06
4282,4.03526e-06
4283,4.02215e-06
4284,4.00995e-06
4285,3.9973e-06
4286,3.9844e-06
4287,3.97193e-06
4288,3.95898e-06
4289,3.94715e-06
4290,3.93414e-06
4291,3.92228e-06
4292,3.90992e-06
4293,3.89774e-06
4294,3.88411e-06
4295,3.87256e-06
4296,3.85872e-06
4297,3.84537e-06
4298,3.83187e-06
4299,3.81765e-06
4300,3.80552e-06
4301,3.79213e-06
4302,3.7797e-06
4303,3.76652e-06
4304,3.75259e-06
4305,3.7402e-06
4306,3.72802e-06
4307,3.71466e-06
4308,3.7024e-06
4309,3.68982e-06
4310,3.67651e-06
4311,3.66525e-06
4312,3.6545e-06
4313,3.64341e-06
4314,3.63139e-06
4315,3.62047e-06
4316,3.60878e-06
4317,3.59579e-06
4318,3.58425e-06
4319,3.57147e-06
4320,3.5582e-06
4321,3.54522e-06
4322,3.53507e-06
4323,3.52427e-06
4324,3.51389e-06
4325,3.50199e-06
4326,3.49105e-06
4327,3.48102e-06
4328,3.4702e-06
4329,3.46021e-06
4330,3.44806e-06
4331,3.43632e-06
4332,3.42421e-06
4333,3.41334e-06
4334,3.40261e-06
4335,3.39095e-06
4336,3.379e-06
4337,3.36699e-06
4338,3.35558e-06
4339,3.34524e-06
4340,3.33458e-06
4341,3.32379e-06
4342,3.31309e-06
4343,3.30233e-06
4344,3.29109e-06
4345,3.28159e-06
4346,3.27074e-06
4347,3.26091e-06
4348,3.25168e-06
4349,3.24233e-06
4350,3.23289e-06
4351,3.22378e-06
4352,3.21477e-06
4353,3.20545e-06
4354,3.19578e-06
4355,3.18659e-06
4356,3.1757e-06
4357,3.16513e-06
4358,3.15594e-06
4359,3.14651e-06
4360,3.13617e-06
4361,3.12716e-06
4362,3.11638e-06
4363,3.10632e-06
4364,3.09645e-06
4365,3.08697e-06
4366,3.07765e-06
4367,3.0683e-06
4368,3.05927e-06
4369,3.05079e-06
4370,3.04096e-06
4371,3.03081e-06
4372,3.02109e-06
4373,3.01225e-06
4374,3.00329e-06
4375,2.99432e-06
4376,2.9854e-06
4377,2.9771e-06
4378,2.96776e-06
4379,2.9588e-06
4380,2.95034e-06
4381,2.94072e-06
4382,2.93174e-06
4383,2.92336e-06
4384,2.91352e-06
4385,2.90383e-06
4386,2.89522e-06
4387,2.88557e-06
4388,2.87678e-06
4389,2.868e-06
4390,2.85986e-06
4391,2.85184e-06
4392,2.84298e-06
4393,2.83496e-06
4394,2.82596e-06
4395,2.81806e-06
4396,2.80941e-06
4397,2.80173e-06
4398,2.79324e-06
4399,2.78408e-06
4400,2.77644e-06
4401,2.76857e-06
4402,2.76006e-06
4403,2.75134e-06
4404,2.74303e-06
4405,2.73389e-06
4406,2.72443e-06
4407,2.71538e-06
4408,2.70607e-06
4409,2.69755e-06
4410,2.69002e-06
4411,2.68262e-06
4412,2.67485e-06
4413,2.66665e-06
4414,2.65897e-06
4415,2.65137e-06
4416,2.64374e-06
4417,2.63562e-06
4418,2.62835e-06
4419,2.62011e-06
4420,2.61306e-06
4421,2.60561e-06
4422,2.5972e-06
4423,2.58905e-06
4424,2.58133e-06
4425,2.57352e-06
4426,2.56533e-06
4427,2.55663e-06
4428,2.54872e-06
4429,2.54155e-06
4430,2.5335e-06
4431,2.52565e-06
4432,2.51818e-06
4433,2.51097e-06
4434,2.50395e-06
4435,2.49591e-06
4436,2.48897e-06
4437,2.4821e-06
4438,2.47455e-06
4439,2.46784e-06
4440,2.46015e-06
4441,2.45232e-06
4442,2.44549e-06
4443,2.43897e-06
4444,2.43211e-06
4445,2.42495e-06
4446,2.41806e-06
4447,2.41078e-06
4448,2.40266e-06
4449,2.39558e-06
4450,2.38887e-06
4451,2.38093e-06
4452,2.37343e-06
4453,2.36711e-06
4454,2.35994e-06
4455,2.35363e-06
4456,2.34664e-06
4457,2.33993e-06
4458,2.33217e-06
4459,2.32597e-06
4460,2.31908e-06
4461,2.31179e-06
4462,2.30467e-06
4463,2.29707e-06
4464,2.28922e-06
4465,2.28174e-06
4466,2.27447e-06
4467,2.26824e-06
4468,2.26091e-06
4469,2.25447e-06
4470,2.24822e-06
4471,2.24139e-06
4472,2.2339e-06
4473,2.22737e-06
4474,2.22055e-06
4475,2.21436e-06
4476,2.20737e-06
4477,2.20012e-06
4478,2.19307e-06
4479,2.18601e-06
4480,2.17989e-06
4481,2.17279e-06
4482,2.16579e-06
4483,2.1587e-06
4484,2.15143e-06
4485,2.14518e-06
4486,2.13825e-06
4487,2.13192e-06
4488,2.12535e-06
4489,2.11847e-06
4490,2.11218e-06
4491,2.10645e-06
4492,2.10021e-06
4493,2.09318e-06
4494,2.08603e-06
4495,2.07973e-06
4496,2.07311e-06
4497,2.06661e-06
4498,2.06026e-06
4499,2.05385e-06
4500,2.04705e-06
4501,2.04041e-06
4502,2.03469e-06
4503,2.02815e-06
4504,2.02264e-06
4505,2.01624e-06
4506,2.01087e-06
4507,2.00444e-06
4508,1.99817e-06
4509,1.99179e-06
4510,1.98562e-06
4511,1.97915e-06
4512,1.97293e-06
4513,1.96723e-06
4514,1.96116e-06
4515,1.95518e-06
4516,1.94908e-06
4517,1.94325e-06
4518,1.93678e-06
4519,1.93128e-06
4520,1.92582e-06
4521,1.92025e-06
4522,1.91473e-06
4523,1.90867e-06
4524,1.90314e-06
4525,1.89772e-06
4526,1.89245e-06
4527,1.88736e-06
4528,1.88124e-06
4529,1.87515e-06
4530,1.86921e-06
4531,1.86312e-06
4532,1.85746e-06
4533,1.85137e-06
4534,1.84555e-06
4535,1.83985e-06
4536,1.83409e-06
4537,1.82835e-06
4538,1.82293e-06
4539,1.81775e-06
4540,1.81249e-06
4541,1.80643e-06
4542,1.80154e-06
4543,1.79562e-06
4544,1.79044e-06
4545,1.78482e-06
4546,1.77943e-06
4547,1.77352e-06
4548,1.76862e-06
4549,1.76344e-06
4550,1.75857e-06
4551,1.75345e-06
4552,1.74788e-06
4553,1.74264e-06
4554,1.73789e-06
4555,1.73207e-06
4556,1.72648e-06
4557,1.72155e-06
4558,1.71687e-06
4559,1.71163e-06
4560,1.70583e-06
4561,1.7003e-06
4562,1.69529e-06
4563,1.69023e-06
4564,1.68505e-06
4565,1.67937e-06
4566,1.67355e-06
4567,1.66886e-06
4568,1.66377e-06
4569,1.65887e-06
4570,1.65397e-06
4571,1.64853e-06
4572,1.64369e-06
4573,1.63879e-06
4574,1.63348e-06
4575,1.62836e-06
4576,1.6239e-06
4577,1.61929e-06
4578,1.61442e-06
4579,1.60989e-06
4580,1.60491e-06
4581,1.59993e-06
4582,1.59503e-06
4583,1.5904e-06
4584,1.58505e-06
4585,1.58008e-06
4586,1.57549e-06
4587,1.57055e-06
4588,1.56542e-06
4589,1.56082e-06
4590,1.55641e-06
4591,1.55148e-06
4592,1.54614e-06
4593,1.54134e-06
4594,1.53707e-06
4595,1.53242e-06
4596,1.52783e-06
4597,1.52256e-06
4598,1.5177e-06
4599,1.51253e-06
4600,1.508e-06
4601,1.5029e-06
4602,1.49795e-06
4603,1.49314e-06
4604,1.48873e-06
4605,1.48419e-06
4606,1.47997e-06
4607,1.4756e-06
4608,1.47091e-06
4609,1.46626e-06
4610,1.46175e-06
4611,1.45757e-06
4612,1.45349e-06
4613,1.44863e-06
4614,1.44419e-06
4615,1.43917e-06
4616,1.43475e-06
4617,1.43013e-06
4618,1.42557e-06
4619,1.42154e-06
4620,1.41676e-06
4621,1.41206e-06
4622,1.40734e-06
4623,1.40253e-06
4624,1.39851e-06
4625,1.3939e-06
4626,1.38977e-06
4627,1.38545e-06
4628,1.38084e-06
4629,1.37615e-06
4630,1.37196e-06
4631,1.3681e-06
4632,1.36369e-06
4633,1.35884e-06
4634,1.35434e-06
4635,1.34958e-06
4636,1.34536e-06
4637,1.34086e-06
4638,1.3369e-06
4639,1.33222e-06
4640,1.32821e-06
4641,1.3239e-06
4642,1.32007e-06
4643,1.31609e-06
4644,1.31195e-06
4645,1.30778e-06
4646,1.30385e-06
4647,1.29941e-06
4648,1.29565e-06
4649,1.29128e-06
4650,1.28672e-06
4651,1.28204e-06
4652,1.27791e-06
4653,1.27372e-06
4654,1.26936e-06
4655,1.26518e-06
4656,1.26127e-06
4657,1.25678e-06
4658,1.25321e-06
4659,1.24961e-06
4660,1.24543e-06
4661,1.24157e-06
4662,1.23797e-06
4663,1.23412e-06
4664,1.23034e-06
4665,1.22623e-06
4666,1.22245e-06
4667,1.21835e-06
4668,1.21449e-06
4669,1.21059e-06
4670,1.20651e-06
4671,1.20245e-06
4672,1.19894e-06
4673,1.19486e-06
4674,1.19054e-06
4675,1.18658e-06
4676,1.18293e-06
4677,1.17939e-06
4678,1.17571e-06
4679,1.17202e-06
4680,1.16781e-06
4681,1.16423e-06
4682,1.1606e-06
4683,1.1569e-06
4684,1.15285e-06
4685,1.14945e-06
4686,1.14535e-06
4687,1.14191e-06
4688,1.13856e-06
4689,1.13449e-06
4690,1.13102e-06
4691,1.12709e-06
4692,1.12354e-06
4693,1.12006e-06
4694,1.11666e-06
4695,1.11293e-06
4696,1.10886e-06
4697,1.10518e-06
4698,1.10171e-06
4699,1.09822e-06
4700,1.09424e-06
4701,1.09013e-06
4702,1.08697e-06
4703,1.08378e-06
4704,1.08006e-06
4705,1.07609e-06
4706,1.07241e-06
4707,1.06927e-06
4708,1.06607e-06
4709,1.06226e-06
4710,1.0588e-06
4711,1.05564e-06
4712,1.05244e-06
4713,1.04881e-06
4714,1.04531e-06
4715,1.04144e-06
4716,1.03763e-06
4717,1.03414e-06
4718,1.03101e-06
4719,1.02732e-06
4720,1.02388e-06
4721,1.02061e-06
4722,1.01706e-06
4723,1.01339e-06
4724,1.00987e-06
4725,1.00614e-06
4726,1.0028e-06
4727,9.99384e-07
4728,9.96121e-07
4729,9.92609e-07
4730,9.88892e-07
4731,9.85655e-07
4732,9.82189e-07
4733,9.78502e-07
4734,9.75256e-07
4735,9.71994e-07
4736,9.68427e-07
4737,9.64726e-07
4738,9.614e-07
4739,9.58543e-07
4740,9.55085e-07
4741,9.51477e-07
4742,9.48561e-07
4743,9.45701e-07
4744,9.4243e-07
4745,9.3914e-07
4746,9.36311e-07
4747,9.33181e-07
4748,9.30307e-07
4749,9.27416e-07
4750,9.24365e-07
4751,9.21149e-07
4752,9.18003e-07
4753,9.15159e-07
4754,9.1212e-07
4755,9.09291e-07
4756,9.06537e-07
4757,9.03239e-07
4758,8.99954e-07
4759,8.96895e-07
4760,8.93731e-07
4761,8.90527e-07
4762,8.87215e-07
4763,8.84242e-07
4764,8.8112e-07
4765,8.78282e-07
4766,8.75037e-07
4767,8.71965e-07
4768,8.69156e-07
4769,8.66246e-07
4770,8.63223e-07
4771,8.60494e-07
4772,8.57643e-07
4773,8.54565e-07
4774,8.51792e-07
4775,8.49157e-07
4776,8.46363e-07
4777,8.43586e-07
4778,8.40616e-07
4779,8.37703e-07
4780,8.34797e-07
4781,8.32215e-07
4782,8.29588e-07
4783,8.27029e-07
4784,8.24377e-07
4785,8.21461e-07
4786,8.18795e-07
4787,8.16104e-07
4788,8.13251e-07
4789,8.1077e-07
4790,8.07824e-07
4791,8.05177e-07
4792,8.02262e-07
4793,7.9934e-07
4794,7.96422e-07
4795,7.93692e-07
4796,7.91289e-07
4797,7.88526e-07
4798,7.86098e-07
4799,7.83551e-07
4800,7.81102e-07
4801,7.78331e-07
4802,7.75635e-07
4803,7.72921e-07
4804,7.7028e-07
4805,7.67432e-07
4806,7.64623e-07
4807,7.61719e-07
4808,7.59276e-07
4809,7.56749e-07
4810,7.54189e-07
4811,7.51432e-07
4812,7.48814e-07
4813,7.46126e-07
4814,7.43288e-07
4815,7.40487e-07
4816,7.37987e-07
4817,7.35634e-07
4818,7.33301e-07
4819,7.31069e-07
4820,7.28715e-07
4821,7.26475e-07
4822,7.24093e-07
4823,7.21866e-07
4824,7.19255e-07
4825,7.17021e-07
4826,7.14558e-07
4827,7.11903e-07
4828,7.09261e-07
4829,7.0671e-07
4830,7.04474e-07
4831,7.01848e-07
4832,6.99493e-07
4833,6.96983e-07
4834,6.94563e-07
4835,6.91965e-07
4836,6.89535e-07
4837,6.87301e-07
4838,6.84817e-07
4839,6.82294e-07
4840,6.79827e-07
4841,6.77638e-07
4842,6.75298e-07
4843,6.7314e-07
4844,6.7063e-07
4845,6.68319e-07
4846,6.66279e-07
4847,6.64108e-07
4848,6.61743e-07
4849,6.59609e-07
4850,6.57434e-07
4851,6.54943e-07
4852,6.5278e-07
4853,6.50439e-07
4854,6.48451e-07
4855,6.46433e-07
4856,6.44087e-07
4857,6.41806e-07
4858,6.39341e-07
4859,6.37065e-07
4860,6.35007e-07
4861,6.33023e-07
4862,6.30866e-07
4863,6.28642e-07
4864,6.26301e-07
4865,6.24389e-07
4866,6.22284e-07
4867,6.20215e-07
4868,6.18198e-07
4869,6.16217e-07
4870,6.14291e-07
4871,6.11994e-07
4872,6.09895e-07
4873,6.07709e-07
4874,6.0579e-07
4875,6.03789e-07
4876,6.01891e-07
4877,5.99988e-07
4878,5.97863e-07
4879,5.95634e-07
4880,5.93614e-07
4881,5.91805e-07
4882,5.89674e-07
4883,5.8753e-07
4884,5.85379e-07
4885,5.83189e-07
4886,5.80997e-07
4887,5.78963e-07
4888,5.77016e-07
4889,5.74912e-07
4890,5.73122e-07
4891,5.71116e-07
4892,5.68963e-07
4893,5.66932e-07
4894,5.65102e-07
4895,5.63084e-07
4896,5.6108e-07
4897,5.59049e-07
4898,5.57326e-07
4899,5.55269e-07
4900,5.53139e-07
4901,5.51373e-07
4902,5.4935e-07
4903,5.47515e-07
4904,5.45485e-07
4905,5.43358e-07
4906,5.41352e-07
4907,5.3924e-07
4908,5.37532e-07
4909,5.35749e-07
4910,5.33785e-07
4911,5.31911e-07
4912,5.30124e-07
4913,5.28271e-07
4914,5.26563e-07
4915,5.24922e-07
4916,5.23182e-07
4917,5.21576e-07
4918,5.19754e-07
4919,5.17843e-07
4920,5.15903e-07
4921,5.14006e-07
4922,5.12269e-07
4923,5.1043e-07
4924,5.08747e-07
4925,5.06955e-07
4926,5.05253e-07
4927,5.03347e-07
4928,5.01678e-07
4929,4.99982e-07
4930,4.98138e-07
4931,4.9653e-07
4932,4.94789e-07
4933,4.93021e-07
4934,4.91285e-07
4935,4.89604e-07
4936,4.87872e-07
4937,4.86277e-07
4938,4.84635e-07
4939,4.82865e-07
4940,4.81124e-07
4941,4.79563e-07
4942,4.77993e-07
4943,4.76526e-07
4944,4.74794e-07
4945,4.73123e-07
4946,4.71624e-07
4947,4.70121e-07
4948,4.68477e-07
4949,4.66744e-07
4950,4.65335e-07
4951,4.63781e-07
4952,4.62183e-07
4953,4.60634e-07
4954,4.59192e-07
4955,4.57513e-07
4956,4.56118e-07
4957,4.54564e-07
4958,4.529e-07
4959,4.51391e-07
4960,4.50034e-07
4961,4.48479e-07
4962,4.46907e-07
4963,4.45327e-07
4964,4.43881e-07
4965,4.42482e-07
4966,4.41117e-07
4967,4.39492e-07
4968,4.37983e-07
4969,4.36463e-07
4970,4.34896e-07
4971,4.3353e-07
4972,4.31956e-07
4973,4.30644e-07
4974,4.2928e-07
4975,4.2777e-07
4976,4.26262e-07
4977,4.24832e-07
4978,4.23247e-07
4979,4.21878e-07
4980,4.20535e-07
4981,4.18978e-07
4982,4.17455e-07
4983,4.15916e-07
4984,4.14544e-07
4985,4.13016e-07
4986,4.11539e-07
4987,4.10168e-07
4988,4.088e-07
4989,4.07426e-07
4990,4.05954e-07
4991,4.04588e-07
4992,4.03346e-07
4993,4.02028e-07
4994,4.00805e-07
4995,3.99494e-07
4996,3.98119e-07
4997,3.96868e-07
4998,3.95588e-07
4999,3.94384e-07
5000,3.92987e-07
5001,3.918e-07
5002,3.90562e-07
5003,3.89216e-07
5004,3.88024e-07
5005,3.86728e-07
5006,3.85479e-07
5007,3.84112e-07
5008,3.82665e-07
5009,3.81442e-07
5010,3.80303e-07
5011,3.79122e-07
5012,3.77944e-07
5013,3.7661e-07
5014,3.75491e-07
5015,3.74232e-07
5016,3.72926e-07
5017,3.71608e-07
5018,3.70203e-07
5019,3.69072e-07
5020,3.67935e-07
5021,3.66642e-07
5022,3.65385e-07
5023,3.64218e-07
5024,3.63098e-07
5025,3.61852e-07
5026,3.60573e-07
5027,3.59276e-07
5028,3.57948e-07
5029,3.56875e-07
5030,3.55603e-07
5031,3.54355e-07
5032,3.53275e-07
5033,3.522e-07
5034,3.51087e-07
5035,3.49989e-07
5036,3.48788e-07
5037,3.47579e-07
5038,3.46556e-07
5039,3.45388e-07
5040,3.44121e-07
5041,3.43096e-07
5042,3.41887e-07
5043,3.4085e-07
5044,3.39646e-07
5045,3.38405e-07
5046,3.37209e-07
5047,3.36077e-07
5048,3.34943e-07
5049,3.3378e-07
5050,3.3263e-07
5051,3.31451e-07
5052,3.30355e-07
5053,3.29336e-07
5054,3.2836e-07
5055,3.27256e-07
5056,3.26069e-07
5057,3.24894e-07
5058,3.2383e-07
5059,3.22692e-07
5060,3.21517e-07
5061,3.20497e-07
5062,3.19456e-07
5063,3.18525e-07
5064,3.17499e-07
5065,3.16387e-07
5066,3.15395e-07
5067,3.14448e-07
5068,3.13437e-07
5069,3.12455e-07
5070,3.11368e-07
5071,3.1037e-07
5072,3.09383e-07
5073,3.08339e-07
5074,3.0732e-07
5075,3.06376e-07
5076,3.05377e-07
5077,3.04441e-07
5078,3.03394e-07
5079,3.02496e-07
5080,3.01426e-07
5081,3.00453e-07
5082,2.99385e-07
5083,2.98422e-07
5084,2.97416e-07
5085,2.9633e-07
5086,2.95464e-07
5087,2.94503e-07
5088,2.9348e-07
5089,2.92517e-07
5090,2.916e-07
5091,2.90618e-07
5092,2.89595e-07
5093,2.88565e-07
5094,2.87567e-07
5095,2.86674e-07
5096,2.85723e-07
5097,2.84907e-07
5098,2.84004e-07
5099,2.83176e-07
5100,2.82304e-07
5101,2.81445e-07
5102,2.80545e-07
5103,2.7959e-07
5104,2.78585e-07
5105,2.77789e-07
5106,2.76814e-07
5107,2.75922e-07
5108,2.75083e-07
5109,2.74151e-07
5110,2.73246e-07
5111,2.72427e-07
5112,2.71618e-07
5113,2.7076e-07
5114,2.69864e-07
5115,2.68919e-07
5116,2.68058e-07
5117,2.67156e-07
5118,2.66311e-07
5119,2.6551e-07
5120,2.6472e-07
5121,2.63826e-07
5122,2.62884e-07
5123,2.62131e-07
5124,2.61281e-07
5125,2.60415e-07
5126,2.59605e-07
5127,2.58825e-07
5128,2.57975e-07
5129,2.57077e-07
5130,2.56278e-07
5131,2.55557e-07
5132,2.54817e-07
5133,2.53952e-07
5134,2.53085e-07
5135,2.52361e-07
5136,2.51502e-07
5137,2.50645e-07
5138,2.49834e-07
5139,2.49104e-07
5140,2.48317e-07
5141,2.47601e-07
5142,2.46844e-07
5143,2.46024e-07
5144,2.4522e-07
5145,2.44531e-07
5146,2.43753e-07
5147,2.43063e-07
5148,2.42264e-07
5149,2.41585e-07
5150,2.40862e-07
5151,2.40024e-07
5152,2.39193e-07
5153,2.38478e-07
5154,2.37808e-07
5155,2.37076e-07
5156,2.36259e-07
5157,2.35519e-07
5158,2.34738e-07
5159,2.33979e-07
5160,2.33276e-07
5161,2.32615e-07
5162,2.31875e-07
5163,2.31155e-07
5164,2.30351e-07
5165,2.29643e-07
5166,2.28919e-07
5167,2.28139e-07
5168,2.27484e-07
5169,2.26845e-07
5170,2.26215e-07
5171,2.25491e-07
5172,2.24833e-07
5173,2.24147e-07
5174,2.23464e-07
5175,2.22714e-07
5176,2.22018e-07
5177,2.21407e-07
5178,2.20667e-07
5179,2.20021e-07
5180,2.19411e-07
5181,2.18777e-07
5182,2.18144e-07
5183,2.17414e-07
5184,2.16733e-07
5185,2.16094e-07
5186,2.15451e-07
5187,2.14798e-07
5188,2.14098e-07
5189,2.135e-07
5190,2.12916e-07
5191,2.12329e-07
5192,2.11724e-07
5193,2.11056e-07
5194,2.104e-07
5195,2.09803e-07
5196,2.09229e-07
5197,2.08653e-07
5198,2.08082e-07
5199,2.07494e-07
5200,2.06911e-07
5201,2.06339e-07
5202,2.05664e-07
5203,2.05047e-07
5204,2.04415e-07
5205,2.03822e-07
5206,2.03241e-07
5207,2.02553e-07
5208,2.01959e-07
5209,2.01396e-07
5210,2.0082e-07
5211,2.00232e-07
5212,1.99642e-07
5213,1.99038e-07
5214,1.98469e-07
5215,1.97818e-07
5216,1.97168e-07
5217,1.96549e-07
5218,1.95979e-07
5219,1.95385e-07
5220,1.94768e-07
5221,1.942e-07
5222,1.93606e-07
5223,1.92967e-07
5224,1.92306e-07
5225,1.91783e-07
5226,1.91144e-07
5227,1.90485e-07
5228,1.8996e-07
5229,1.89448e-07
5230,1.88925e-07
5231,1.8839e-07
5232,1.87873e-07
5233,1.8725e-07
5234,1.8666e-07
5235,1.86075e-07
5236,1.85546e-07
5237,1.84948e-07
5238,1.84369e-07
5239,1.83807e-07
5240,1.83192e-07
5241,1.82583e-07
5242,1.81975e-07
5243,1.8145e-07
5244,1.80931e-07
5245,1.80444e-07
5246,1.79949e-07
5247,1.79467e-07
5248,1.7892e-07
5249,1.78392e-07
5250,1.77854e-07
5251,1.77351e-07
5252,1.76797e-07
5253,1.76324e-07
5254,1.75848e-07
5255,1.75311e-07
5256,1.74838e-07
5257,1.74369e-07
5258,1.73842e-07
5259,1.73364e-07
5260,1.72897e-07
5261,1.72362e-07
5262,1.71859e-07
5263,1.71387e-07
5264,1.70861e-07
5265,1.70288e-07
5266,1.69737e-07
5267,1.69175e-07
5268,1.68628e-07
5269,1.68139e-07
5270,1.67655e-07
5271,1.67135e-07
5272,1.66676e-07
5273,1.66219e-07
5274,1.65679e-07
5275,1.65189e-07
5276,1.64732e-07
5277,1.64293e-07
5278,1.63816e-07
5279,1.63297e-07
5280,1.62815e-07
5281,1.62281e-07
5282,1.61729e-07
5283,1.61291e-07
5284,1.6077e-07
5285,1.60344e-07
5286,1.59851e-07
5287,1.59318e-07
5288,1.58891e-07
5289,1.58449e-07
5290,1.58023e-07
5291,1.57597e-07
5292,1.57091e-07
5293,1.56626e-07
5294,1.56189e-07
5295,1.55724e-07
5296,1.55275e-07
5297,1.54765e-07
5298,1.54315e-07
5299,1.539e-07
5300,1.5347e-07
5301,1.52998e-07
5302,1.52513e-07
5303,1.52069e-07
5304,1.51584e-07
5305,1.51112e-07
5306,1.50629e-07
5307,1.50123e-07
5308,1.49649e-07
5309,1.49239e-07
5310,1.48778e-07
5311,1.48381e-07
5312,1.47988e-07
5313,1.47538e-07
5314,1.47136e-07
5315,1.46661e-07
5316,1.46201e-07
5317,1.45729e-07
5318,1.45249e-07
5319,1.44788e-07
5320,1.44406e-07
5321,1.43943e-07
5322,1.43479e-07
5323,1.43003e-07
5324,1.42591e-07
5325,1.4212e-07
5326,1.41702e-07
5327,1.41264e-07
5328,1.40798e-07
5329,1.40347e-07
5330,1.39899e-07
5331,1.39516e-07
5332,1.39115e-07
5333,1.38707e-07
5334,1.38294e-07
5335,1.37914e-07
5336,1.37545e-07
5337,1.37162e-07
5338,1.36792e-07
5339,1.36369e-07
5340,1.35972e-07
5341,1.3554e-07
5342,1.35105e-07
5343,1.34709e-07
5344,1.34313e-07
5345,1.33876e-07
5346,1.33493e-07
5347,1.33133e-07
5348,1.32726e-07
5349,1.32362e-07
5350,1.31946e-07
5351,1.31532e-07
5352,1.3118e-07
5353,1.30789e-07
5354,1.30392e-07
5355,1.30013e-07
5356,1.29625e-07
5357,1.29195e-07
5358,1.28852e-07
5359,1.28478e-07
5360,1.2808e-07
5361,1.2767e-07
5362,1.27279e-07
5363,1.26939e-07
5364,1.26588e-07
5365,1.2625e-07
5366,1.259e-07
5367,1.25546e-07
5368,1.2519e-07
5369,1.24832e-07
5370,1.24504e-07
5371,1.24123e-07
5372,1.23784e-07
5373,1.23397e-07
5374,1.23065e-07
5375,1.22695e-07
5376,1.22316e-07
5377,1.21958e-07
5378,1.21579e-07
5379,1.21231e-07
5380,1.20866e-07
5381,1.20507e-07
5382,1.2019e-07
5383,1.19826e-07
5384,1.19509e-07
5385,1.19151e-07
5386,1.18837e-07
5387,1.18483e-07
5388,1.18125e-07
5389,1.1781e-07
5390,1.17501e-07
5391,1.17175e-07
5392,1.16803e-07
5393,1.16446e-07
5394,1.16114e-07
5395,1.15805e-07
5396,1.15453e-07
5397,1.15104e-07
5398,1.14774e-07
5399,1.14396e-07
5400,1.14015e-07
5401,1.13684e-07
5402,1.13334e-07
5403,1.13032e-07
5404,1.12727e-07
5405,1.12376e-07
5406,1.12027e-07
5407,1.11668e-07
5408,1.11361e-07
5409,1.11044e-07
5410,1.10744e-07
5411,1.10402e-07
5412,1.10045e-07
5413,1.09745e-07
5414,1.09431e-07
5415,1.09079e-07
5416,1.08732e-07
5417,1.08414e-07
5418,1.08097e-07
5419,1.07792e-07
5420,1.07477e-07
5421,1.07162e-07
5422,1.06841e-07
5423,1.06539e-07
5424,1.06258e-07
5425,1.05923e-07
5426,1.05617e-07
5427,1.05291e-07
5428,1.04984e-07
5429,1.04658e-07
5430,1.04333e-07
5431,1.04036e-07
5432,1.0376e-07
5433,1.03468e-07
5434,1.03172e-07
5435,1.02889e-07
5436,1.02614e-07
5437,1.02279e-07
5438,1.01934e-07
5439,1.01647e-07
5440,1.01357e-07
5441,1.01085e-07
5442,1.00757e-07
5443,1.0048e-07
5444,1.00201e-07
5445,9.99164e-08
5446,9.96519e-08
5447,9.93304e-08
5448,9.90142e-08
5449,9.87188e-08
5450,9.84435e-08
5451,9.81733e-08
5452,9.78569e-08
5453,9.75428e-08
5454,9.72513e-08
5455,9.69313e-08
5456,9.66309e-08
5457,9.63183e-08
5458,9.60206e-08
5459,9.56974e-08
5460,9.54065e-08
5461,9.5139e-08
5462,9.48701e-08
5463,9.45849e-08
5464,9.42987e-08
5465,9.40068e-08
5466,9.37084e-08
5467,9.34177e-08
5468,9.31275e-08
5469,9.28342e-08
5470,9.25301e-08
5471,9.22154e-08
5472,9.19139e-08
5473,9.1613e-08
5474,9.13614e-08
5475,9.11208e-08
5476,9.08723e-08
5477,9.06224e-08
5478,9.03272e-08
5479,9.00278e-08
5480,8.97442e-08
5481,8.9496e-08
5482,8.92573e-08
5483,8.89903e-08
5484,8.86965e-08
5485,8.84263e-08
5486,8.8162e-08
5487,8.78962e-08
5488,8.7643e-08
5489,8.74071e-08
5490,8.71469e-08
5491,8.68644e-08
5492,8.66135e-08
5493,8.63358e-08
5494,8.60811e-08
5495,8.58008e-08
5496,8.55431e-08
5497,8.53086e-08
5498,8.50558e-08
5499,8.48248e-08
5500,8.45545e-08
5501,8.43086e-08
5502,8.40808e-08
5503,8.38247e-08
5504,8.35929e-08
5505,8.3359e-08
5506,8.31036e-08
5507,8.28644e-08
5508,8.26214e-08
5509,8.23694e-08
5510,8.21398e-08
5511,8.19188e-08
5512,8.16622e-08
5513,8.1431e-08
5514,8.11807e-08
5515,8.09246e-08
5516,8.06633e-08
5517,8.04423e-08
5518,8.02177e-08
5519,7.99994e-08
5520,7.9777e-08
5521,7.95258e-08
5522,7.92572e-08
5523,7.90132e-08
5524,7.87701e-08
5525,7.85395e-08
5526,7.8309e-08
5527,7.80988e-08
5528,7.78655e-08
5529,7.76086e-08
5530,7.73928e-08
5531,7.71685e-08
5532,7.69499e-08
5533,7.67324e-08
5534,7.65288e-08
5535,7.63045e-08
5536,7.60753e-08
5537,7.58385e-08
5538,7.55937e-08
5539,7.53388e-08
5540,7.51251e-08
5541,7.4876e-08
5542,7.46767e-08
5543,7.4479e-08
5544,7.42706e-08
5545,7.40411e-08
5546,7.38066e-08
5547,7.361e-08
5548,7.3378e-08
5549,7.31319e-08
5550,7.29297e-08
5551,7.27364e-08
5552,7.25115e-08
5553,7.23129e-08
5554,7.20955e-08
5555,7.18896e-08
5556,7.1674e-08
5557,7.14344e-08
5558,7.1225e-08
5559,7.10339e-08
5560,7.08054e-08
5561,7.0589e-08
5562,7.03796e-08
5563,7.0185e-08
5564,6.9962e-08
5565,6.97526e-08
5566,6.95371e-08
5567,6.93367e-08
5568,6.9148e-08
5569,6.8947e-08
5570,6.8752e-08
5571,6.85538e-08
5572,6.83539e-08
5573,6.81595e-08
5574,6.79627e-08
5575,6.7753e-08
5576,6.75261e-08
5577,6.73442e-08
5578,6.71373e-08
5579,6.69229e-08
5580,6.66947e-08
5581,6.6474e-08
5582,6.62585e-08
5583,6.60471e-08
5584,6.5825e-08
5585,6.56348e-08
5586,6.5416e-08
5587,6.52192e-08
5588,6.50339e-08
5589,6.48463e-08
5590,6.46521e-08
5591,6.44736e-08
5592,6.42654e-08
5593,6.40485e-08
5594,6.38622e-08
5595,6.36628e-08
5596,6.34756e-08
5597,6.32654e-08
5598,6.30478e-08
5599,6.2855e-08
5600,6.26729e-08
5601,6.24958e-08
5602,6.22945e-08
5603,6.20947e-08
5604,6.19046e-08
5605,6.17317e-08
5606,6.15535e-08
5607,6.13699e-08
5608,6.11963e-08
5609,6.10337e-08
5610,6.08633e-08
5611,6.06921e-08
5612,6.04978e-08
5613,6.02924e-08
5614,6.00865e-08
5615,5.98903e-08
5616,5.97191e-08
5617,5.95228e-08
5618,5.93557e-08
5619,5.91771e-08
5620,5.90086e-08
5621,5.88241e-08
5622,5.86377e-08
5623,5.84757e-08
5624,5.82962e-08
5625,5.81412e-08
5626,5.79565e-08
5627,5.78019e-08
5628,5.76137e-08
5629,5.74241e-08
5630,5.72484e-08
5631,5.70847e-08
5632,5.69305e-08
5633,5.67664e-08
5634,5.66157e-08
5635,5.64437e-08
5636,5.62713e-08
5637,5.61073e-08
5638,5.5955e-08
5639,5.57776e-08
5640,5.56139e-08
5641,5.54543e-08
5642,5.53056e-08
5643,5.51522e-08
5644,5.49957e-08
5645,5.48131e-08
5646,5.46267e-08
5647,5.44574e-08
5648,5.4276e-08
5649,5.4126e-08
5650,5.39795e-08
5651,5.38299e-08
5652,5.36572e-08
5653,5.34829e-08
5654,5.33271e-08
5655,5.31681e-08
5656,5.29972e-08
5657,5.285e-08
5658,5.26924e-08
5659,5.25249e-08
5660,5.23462e-08
5661,5.22066e-08
5662,5.20675e-08
5663,5.19274e-08
5664,5.17771e-08
5665,5.16387e-08
5666,5.14795e-08
5667,5.13074e-08
5668,5.1155e-08
5669,5.09914e-08
5670,5.08272e-08
5671,5.06622e-08
5672,5.05244e-08
5673,5.03646e-08
5674,5.01941e-08
5675,5.00458e-08
5676,4.98855e-08
5677,4.97182e-08
5678,4.95493e-08
5679,4.93897e-08
5680,4.92564e-08
5681,4.91253e-08
5682,4.89673e-08
5683,4.88032e-08
5684,4.86423e-08
5685,4.85044e-08
5686,4.8363e-08
5687,4.82146e-08
5688,4.80725e-08
5689,4.79146e-08
5690,4.77746e-08
5691,4.76347e-08
5692,4.74775e-08
5693,4.73374e-08
5694,4.71962e-08
5695,4.70604e-08
5696,4.69222e-08
5697,4.67927e-08
5698,4.66605e-08
5699,4.65108e-08
5700,4.6354e-08
5701,4.62303e-08
5702,4.60898e-08
5703,4.59665e-08
5704,4.58206e-08
5705,4.56784e-08
5706,4.5543e-08
5707,4.54024e-08
5708,4.52645e-08
5709,4.51325e-08
5710,4.50026e-08
5711,4.48647e-08
5712,4.47327e-08
5713,4.46067e-08
5714,4.44728e-08
5715,4.43479e-08
5716,4.4216e-08
5717,4.40694e-08
5718,4.39232e-08
5719,4.37749e-08
5720,4.36285e-08
5721,4.35058e-08
5722,4.33809e-08
5723,4.32422e-08
5724,4.31077e-08
5725,4.2967e-08
5726,4.28483e-08
5727,4.27337e-08
5728,4.26206e-08
5729,4.24962e-08
5730,4.23571e-08
5731,4.22459e-08
5732,4.21215e-08
5733,4.19941e-08
5734,4.1882e-08
5735,4.17625e-08
5736,4.16475e-08
5737,4.15242e-08
5738,4.14151e-08
5739,4.12871e-08
5740,4.11509e-08
5741,4.10311e-08
5742,4.09126e-08
5743,4.07957e-08
5744,4.0671e-08
5745,4.05364e-08
5746,4.04108e-08
5747,4.03002e-08
5748,4.01705e-08
5749,4.00506e-08
5750,3.99426e-08
5751,3.98173e-08
5752,3.96917e-08
5753,3.95735e-08
5754,3.94516e-08
5755,3.93381e-08
5756,3.92259e-08
5757,3.9101e-08
5758,3.89856e-08
5759,3.88729e-08
5760,3.8763e-08
5761,3.86518e-08
5762,3.854e-08
5763,3.84172e-08
5764,3.82886e-08
5765,3.81736e-08
5766,3.80684e-08
5767,3.79648e-08
5768,3.78654e-08
5769,3.77613e-08
5770,3.76397e-08
5771,3.7514e-08
5772,3.73979e-08
5773,3.72912e-08
5774,3.71862e-08
5775,3.70828e-08
5776,3.6979e-08
5777,3.68597e-08
5778,3.67512e-08
5779,3.66496e-08
5780,3.65441e-08
5781,3.64348e-08
5782,3.63386e-08
5783,3.62406e-08
5784,3.61449e-08
5785,3.60345e-08
5786,3.59268e-08
5787,3.58223e-08
5788,3.57149e-08
5789,3.56223e-08
5790,3.55111e-08
5791,3.53948e-08
5792,3.52919e-08
5793,3.51934e-08
5794,3.50843e-08
5795,3.49833e-08
5796,3.48736e-08
5797,3.47835e-08
5798,3.46811e-08
5799,3.45708e-08
5800,3.4475e-08
5801,3.43736e-08
5802,3.4265e-08
5803,3.41538e-08
5804,3.40417e-08
5805,3.39497e-08
5806,3.38587e-08
5807,3.37666e-08
5808,3.36773e-08
5809,3.35772e-08
5810,3.34793e-08
5811,3.33801e-08
5812,3.32889e-08
5813,3.31911e-08
5814,3.30885e-08
5815,3.29957e-08
5816,3.29039e-08
5817,3.28129e-08
5818,3.27117e-08
5819,3.26055e-08
5820,3.25137e-08
5821,3.24159e-08
5822,3.23126e-08
5823,3.22114e-08
5824,3.21054e-08
5825,3.20067e-08
5826,3.19211e-08
5827,3.18232e-08
5828,3.17261e-08
5829,3.16274e-08
5830,3.15309e-08
5831,3.14287e-08
5832,3.13405e-08
5833,3.125e-08
5834,3.11521e-08
5835,3.10669e-08
5836,3.09739e-08
5837,3.08945e-08
5838,3.08065e-08
5839,3.07111e-08
5840,3.06176e-08
5841,3.05398e-08
5842,3.0455e-08
5843,3.03591e-08
5844,3.02687e-08
5845,3.01887e-08
5846,3.01073e-08
5847,3.00131e-08
5848,2.99265e-08
5849,2.98496e-08
5850,2.97582e-08
5851,2.96653e-08
5852,2.9574e-08
5853,2.9483e-08
5854,2.93962e-08
5855,2.93069e-08
5856,2.92241e-08
5857,2.91357e-08
5858,2.90508e-08
5859,2.89755e-08
5860,2.88932e-08
5861,2.88161e-08
5862,2.87425e-08
5863,2.8655e-08
5864,2.85676e-08
5865,2.84767e-08
5866,2.84024e-08
5867,2.83234e-08
5868,2.82344e-08
5869,2.81501e-08
5870,2.80744e-08
5871,2.79925e-08
5872,2.79098e-08
5873,2.78271e-08
5874,2.77463e-08
5875,2.76723e-08
5876,2.75889e-08
5877,2.75033e-08
5878,2.74313e-08
5879,2.7358e-08
5880,2.72741e-08
5881,2.72054e-08
5882,2.71361e-08
5883,2.70579e-08
5884,2.69759e-08
5885,2.68958e-08
5886,2.6822e-08
5887,2.67518e-08
5888,2.66784e-08
5889,2.65963e-08
5890,2.65243e-08
5891,2.64425e-08
5892,2.63746e-08
5893,2.63033e-08
5894,2.62245e-08
5895,2.61435e-08
5896,2.60736e-08
5897,2.59937e-08
5898,2.59241e-08
5899,2.58564e-08
5900,2.57835e-08
5901,2.57107e-08
5902,2.56325e-08
5903,2.55657e-08
5904,2.54999e-08
5905,2.54306e-08
5906,2.5361e-08
5907,2.52825e-08
5908,2.5216e-08
5909,2.51449e-08
5910,2.50791e-08
5911,2.50157e-08
5912,2.49452e-08
5913,2.48787e-08
5914,2.4806e-08
5915,2.4739e-08
5916,2.4663e-08
5917,2.46012e-08
5918,2.45328e-08
5919,2.44672e-08
5920,2.43921e-08
5921,2.43178e-08
5922,2.42539e-08
5923,2.41936e-08
5924,2.41321e-08
5925,2.4058e-08
5926,2.39836e-08
5927,2.39179e-08
5928,2.38452e-08
5929,2.37846e-08
5930,2.37179e-08
5931,2.36531e-08
5932,2.35855e-08
5933,2.35215e-08
5934,2.34551e-08
5935,2.33856e-08
5936,2.33158e-08
5937,2.32427e-08
5938,2.31739e-08
5939,2.31017e-08
5940,2.30367e-08
5941,2.29667e-08
5942,2.28935e-08
5943,2.28369e-08
5944,2.27791e-08
5945,2.27135e-08
5946,2.26524e-08
5947,2.25963e-08
5948,2.2531e-08
5949,2.24627e-08
5950,2.24022e-08
5951,2.23379e-08
5952,2.22738e-08
5953,2.22109e-08
5954,2.21467e-08
5955,2.20813e-08
5956,2.20193e-08
5957,2.1958e-08
5958,2.19031e-08
5959,2.18446e-08
5960,2.17829e-08
5961,2.17204e-08
5962,2.1656e-08
5963,2.16003e-08
5964,2.15344e-08
5965,2.14772e-08
5966,2.14123e-08
5967,2.1349e-08
5968,2.12936e-08
5969,2.12342e-08
5970,2.11735e-08
5971,2.1112e-08
5972,2.10545e-08
5973,2.09947e-08
5974,2.09337e-08
5975,2.08751e-08
5976,2.08201e-08
5977,2.0756e-08
5978,2.06973e-08
5979,2.06328e-08
5980,2.05696e-08
5981,2.05067e-08
5982,2.04474e-08
5983,2.03914e-08
5984,2.03368e-08
5985,2.02838e-08
5986,2.02326e-08
5987,2.01728e-08
5988,2.01132e-08
5989,2.00613e-08
5990,2.00099e-08
5991,1.99574e-08
5992,1.98986e-08
5993,1.9837e-08
5994,1.97819e-08
5995,1.97237e-08
5996,1.96727e-08
5997,1.96206e-08
5998,1.95672e-08
5999,1.95144e-08
6000,1.94558e-08
6001,1.94077e-08
6002,1.93597e-08
6003,1.93097e-08
6004,1.9255e-08
6005,1.91986e-08
6006,1.91419e-08
6007,1.9083e-08
6008,1.90265e-08
6009,1.8977e-08
6010,1.89202e-08
6011,1.88671e-08
6012,1.88203e-08
6013,1.8769e-08
6014,1.87119e-08
6015,1.86609e-08
6016,1.86066e-08
6017,1.85607e-08
6018,1.85129e-08
6019,1.84629e-08
6020,1.84153e-08
6021,1.83657e-08
6022,1.83125e-08
6023,1.82552e-08
6024,1.82063e-08
6025,1.81602e-08
6026,1.81078e-08
6027,1.80572e-08
6028,1.80077e-08
6029,1.79619e-08
6030,1.79082e-08
6031,1.78607e-08
6032,1.7815e-08
6033,1.77613e-08
6034,1.77113e-08
6035,1.76584e-08
6036,1.76073e-08
6037,1.75615e-08
6038,1.75111e-08
6039,1.74644e-08
6040,1.74168e-08
6041,1.7368e-08
6042,1.7316e-08
6043,1.72676e-08
6044,1.72137e-08
6045,1.71624e-08
6046,1.71098e-08
6047,1.70591e-08
6048,1.70084e-08
6049,1.69659e-08
6050,1.69232e-08
6051,1.68722e-08
6052,1.68252e-08
6053,1.67751e-08
6054,1.67231e-08
6055,1.66726e-08
6056,1.66207e-08
6057,1.65722e-08
6058,1.65286e-08
6059,1.64844e-08
6060,1.6436e-08
6061,1.6394e-08
6062,1.63475e-08
6063,1.62971e-08
6064,1.62565e-08
6065,1.62153e-08
6066,1.61685e-08
6067,1.61213e-08
6068,1.60779e-08
6069,1.60344e-08
6070,1.59849e-08
6071,1.59366e-08
6072,1.58868e-08
6073,1.58386e-08
6074,1.5797e-08
6075,1.5749e-08
6076,1.57048e-08
6077,1.56653e-08
6078,1.5621e-08
6079,1.55804e-08
6080,1.55407e-08
6081,1.54957e-08
6082,1.54563e-08
6083,1.54126e-08
6084,1.53695e-08
6085,1.53315e-08
6086,1.52905e-08
6087,1.5249e-08
6088,1.52053e-08
6089,1.51615e-08
6090,1.51165e-08
6091,1.50752e-08
6092,1.50308e-08
6093,1.49901e-08
6094,1.49503e-08
6095,1.49061e-08
6096,1.48644e-08
6097,1.48179e-08
6098,1.47765e-08
6099,1.47323e-08
6100,1.46921e-08
6101,1.4652e-08
6102,1.46107e-08
6103,1.45719e-08
6104,1.45344e-08
6105,1.44917e-08
6106,1.44541e-08
6107,1.44128e-08
6108,1.43689e-08
6109,1.43254e-08
6110,1.42814e-08
6111,1.42359e-08
6112,1.41958e-08
6113,1.41517e-08
6114,1.4111e-08
6115,1.40669e-08
6116,1.40223e-08
6117,1.39781e-08
6118,1.39402e-08
6119,1.39007e-08
6120,1.38617e-08
6121,1.38271e-08
6122,1.37854e-08
6123,1.37492e-08
6124,1.3712e-08
6125,1.36765e-08
6126,1.36343e-08
6127,1.35924e-08
6128,1.35573e-08
6129,1.35204e-08
6130,1.34818e-08
6131,1.34438e-08
6132,1.34035e-08
6133,1.33693e-08
6134,1.33301e-08
6135,1.32885e-08
6136,1.32471e-08
6137,1.32055e-08
6138,1.31675e-08
6139,1.31288e-08
6140,1.30904e-08
6141,1.30549e-08
6142,1.30173e-08
6143,1.29843e-08
6144,1.29502e-08
6145,1.29169e-08
6146,1.28769e-08
6147,1.28436e-08
6148,1.28036e-08
6149,1.27692e-08
6150,1.27319e-08
6151,1.26962e-08
6152,1.26622e-08
6153,1.26263e-08
6154,1.25894e-08
6155,1.25526e-08
6156,1.25154e-08
6157,1.24792e-08
6158,1.24447e-08
6159,1.24072e-08
6160,1.23679e-08
6161,1.23284e-08
6162,1.22953e-08
6163,1.22594e-08
6164,1.22203e-08
6165,1.21809e-08
6166,1.21455e-08
6167,1.21084e-08
6168,1.2071e-08
6169,1.20317e-08
6170,1.19978e-08
6171,1.19645e-08
6172,1.19322e-08
6173,1.18947e-08
6174,1.1861e-08
6175,1.18274e-08
6176,1.17972e-08
6177,1.17648e-08
6178,1.17309e-08
6179,1.1693e-08
6180,1.16583e-08
6181,1.16275e-08
6182,1.1595e-08
6183,1.15593e-08
6184,1.15246e-08
6185,1.14871e-08
6186,1.14547e-08
6187,1.14235e-08
6188,1.13906e-08
6189,1.13562e-08
6190,1.1319e-08
6191,1.12868e-08
6192,1.12537e-08
6193,1.12234e-08
6194,1.11876e-08
6195,1.11548e-08
6196,1.11255e-08
6197,1.10938e-08
6198,1.10636e-08
6199,1.10292e-08
6200,1.09974e-08
6201,1.09647e-08
6202,1.09351e-08
6203,1.09024e-08
6204,1.08703e-08
6205,1.08381e-08
6206,1.08095e-08
6207,1.07781e-08
6208,1.07438e-08
6209,1.07111e-08
6210,1.06796e-08
6211,1.06489e-08
6212,1.06161e-08
6213,1.05817e-08
6214,1.05529e-08
6215,1.05232e-08
6216,1.04899e-08
6217,1.04586e-08
6218,1.04272e-08
6219,1.03976e-08
6220,1.03693e-08
6221,1.03386e-08
6222,1.03066e-08
6223,1.02742e-08
6224,1.02418e-08
6225,1.02099e-08
6226,1.01818e-08
6227,1.01498e-08
6228,1.01224e-08
6229,1.00932e-08
6230,1.00625e-08
6231,1.00322e-08
6232,1.0006e-08
6233,9.97481e-09
6234,9.94731e-09
6235,9.91793e-09
6236,9.88951e-09
6237,9.86182e-09
6238,9.83575e-09
6239,9.80865e-09
6240,9.77737e-09
6241,9.74773e-09
6242,9.71778e-09
6243,9.68808e-09
6244,9.6597e-09
6245,9.62891e-09
6246,9.5968e-09
6247,9.56954e-09
6248,9.54233e-09
6249,9.51393e-09
6250,9.48481e-09
6251,9.45634e-09
6252,9.43099e-09
6253,9.40429e-09
6254,9.37802e-09
6255,9.34826e-09
6256,9.31661e-09
6257,9.28867e-09
6258,9.26008e-09
6259,9.23485e-09
6260,9.20519e-09
6261,9.17914e-09
6262,9.15077e-09
6263,9.12057e-09
6264,9.09608e-09
6265,9.067e-09
6266,9.0402e-09
6267,9.01365e-09
6268,8.98897e-09
6269,8.96252e-09
6270,8.9348e-09
6271,8.90454e-09
6272,8.87379e-09
6273,8.8484e-09
6274,8.82138e-09
6275,8.79534e-09
6276,8.77164e-09
6277,8.74543e-09
6278,8.71796e-09
6279,8.69234e-09
6280,8.66909e-09
6281,8.64447e-09
6282,8.61629e-09
6283,8.59274e-09
6284,8.56655e-09
6285,8.54301e-09
6286,8.51521e-09
6287,8.48871e-09
6288,8.46253e-09
6289,8.4368e-09
6290,8.41005e-09
6291,8.38483e-09
6292,8.35792e-09
6293,8.33337e-09
6294,8.30924e-09
6295,8.28241e-09
6296,8.25897e-09
6297,8.23285e-09
6298,8.20954e-09
6299,8.18575e-09
6300,8.16291e-09
6301,8.13651e-09
6302,8.11274e-09
6303,8.09017e-09
6304,8.06806e-09
6305,8.04171e-09
6306,8.0167e-09
6307,7.99444e-09
6308,7.97086e-09
6309,7.94825e-09
6310,7.92424e-09
6311,7.90058e-09
6312,7.8766e-09
6313,7.85334e-09
6314,7.82946e-09
6315,7.80802e-09
6316,7.7846e-09
6317,7.76151e-09
6318,7.73713e-09
6319,7.71035e-09
6320,7.68399e-09
6321,7.66134e-09
6322,7.63829e-09
6323,7.61431e-09
6324,7.59006e-09
6325,7.56526e-09
6326,7.54246e-09
6327,7.51754e-09
6328,7.49454e-09
6329,7.47102e-09
6330,7.44999e-09
6331,7.42682e-09
6332,7.40445e-09
6333,7.38203e-09
6334,7.35812e-09
6335,7.33551e-09
6336,7.31389e-09
6337,7.29272e-09
6338,7.27e-09
6339,7.24647e-09
6340,7.22425e-09
6341,7.20434e-09
6342,7.1843e-09
6343,7.16035e-09
6344,7.13861e-09
6345,7.11622e-09
6346,7.09166e-09
6347,7.0674e-09
6348,7.04275e-09
6349,7.02015e-09
6350,6.99646e-09
6351,6.97293e-09
6352,6.94902e-09
6353,6.92856e-09
6354,6.90778e-09
6355,6.88646e-09
6356,6.8626e-09
6357,6.83953e-09
6358,6.81914e-09
6359,6.79844e-09
6360,6.77821e-09
6361,6.75757e-09
6362,6.73414e-09
6363,6.71169e-09
6364,6.68872e-09
6365,6.66653e-09
6366,6.64738e-09
6367,6.62843e-09
6368,6.60598e-09
6369,6.58397e-09
6370,6.56152e-09
6371,6.5415e-09
6372,6.5199e-09
6373,6.4973e-09
6374,6.47796e-09
6375,6.45953e-09
6376,6.43973e-09
6377,6.42094e-09
6378,6.39895e-09
6379,6.37938e-09
6380,6.35813e-09
6381,6.33664e-09
6382,6.31847e-09
6383,6.29828e-09
6384,6.28077e-09
6385,6.26135e-09
6386,6.24356e-09
6387,6.22206e-09
6388,6.20367e-09
6389,6.18479e-09
6390,6.16589e-09
6391,6.14637e-09
6392,6.12561e-09
6393,6.1068e-09
6394,6.0888e-09
6395,6.06918e-09
6396,6.05208e-09
6397,6.03371e-09
6398,6.01358e-09
6399,5.99219e-09
6400,5.97509e-09
6401,5.95611e-09
6402,5.93804e-09
6403,5.91797e-09
6404,5.89925e-09
6405,5.88021e-09
6406,5.85957e-09
6407,5.83877e-09
6408,5.81855e-09
6409,5.7981e-09
6410,5.78066e-09
6411,5.7622e-09
6412,5.74329e-09
6413,5.72554e-09
6414,5.70881e-09
6415,5.69025e-09
6416,5.67055e-09
6417,5.65344e-09
6418,5.63505e-09
6419,5.61895e-09
6420,5.60074e-09
6421,5.58501e-09
6422,5.5671e-09
6423,5.54965e-09
6424,5.53254e-09
6425,5.51363e-09
6426,5.4979e-09
6427,5.48092e-09
6428,5.46469e-09
6429,5.44619e-09
6430,5.42919e-09
6431,5.41277e-09
6432,5.39603e-09
6433,5.37803e-09
6434,5.36247e-09
6435,5.34421e-09
6436,5.32791e-09
6437,5.31279e-09
6438,5.2951e-09
6439,5.27986e-09
6440,5.2617e-09
6441,5.24681e-09
6442,5.22978e-09
6443,5.21282e-09
6444,5.19655e-09
6445,5.17875e-09
6446,5.16331e-09
6447,5.14784e-09
6448,5.13304e-09
6449,5.11564e-09
6450,5.09985e-09
6451,5.08274e-09
6452,5.06495e-09
6453,5.04668e-09
6454,5.03173e-09
6455,5.01676e-09
6456,4.99983e-09
6457,4.98481e-09
6458,4.96844e-09
6459,4.95054e-09
6460,4.93637e-09
6461,4.92232e-09
6462,4.90747e-09
6463,4.89204e-09
6464,4.87546e-09
6465,4.86011e-09
6466,4.84525e-09
6467,4.83139e-09
6468,4.81628e-09
6469,4.8024e-09
6470,4.78838e-09
6471,4.77365e-09
6472,4.75981e-09
6473,4.74377e-09
6474,4.72684e-09
6475,4.71145e-09
6476,4.69591e-09
6477,4.68217e-09
6478,4.66643e-09
6479,4.65063e-09
6480,4.63384e-09
6481,4.62033e-09
6482,4.6059e-09
6483,4.59005e-09
6484,4.57689e-09
6485,4.56208e-09
6486,4.54901e-09
6487,4.53355e-09
6488,4.51766e-09
6489,4.50223e-09
6490,4.48643e-09
6491,4.4704e-09
6492,4.45492e-09
6493,4.44185e-09
6494,4.42823e-09
6495,4.41408e-09
6496,4.3998e-09
6497,4.38512e-09
6498,4.37076e-09
6499,4.35502e-09
6500,4.33993e-09
6501,4.32512e-09
6502,4.31164e-09
6503,4.29672e-09
6504,4.2828e-09
6505,4.26977e-09
6506,4.25658e-09
6507,4.24421e-09
6508,4.23099e-09
6509,4.21863e-09
6510,4.20432e-09
6511,4.19112e-09
6512,4.17853e-09
6513,4.166e-09
6514,4.15359e-09
6515,4.141e-09
6516,4.12676e-09
6517,4.11419e-09
6518,4.10219e-09
6519,4.08865e-09
6520,4.07396e-09
6521,4.05907e-09
6522,4.04557e-09
6523,4.03183e-09
6524,4.02013e-09
6525,4.00623e-09
6526,3.99417e-09
6527,3.98107e-09
6528,3.96804e-09
6529,3.95439e-09
6530,3.9412e-09
6531,3.92908e-09
6532,3.91657e-09
6533,3.90258e-09
6534,3.89102e-09
6535,3.87731e-09
6536,3.86551e-09
6537,3.85312e-09
6538,3.84196e-09
6539,3.82931e-09
6540,3.81654e-09
6541,3.80301e-09
6542,3.79208e-09
6543,3.77906e-09
6544,3.76794e-09
6545,3.75658e-09
6546,3.74551e-09
6547,3.73232e-09
6548,3.7201e-09
6549,3.70872e-09
6550,3.69644e-09
6551,3.68453e-09
6552,3.67338e-09
6553,3.66239e-09
6554,3.65148e-09
6555,3.64025e-09
6556,3.62959e-09
6557,3.61822e-09
6558,3.60533e-09
6559,3.59296e-09
6560,3.58216e-09
6561,3.57049e-09
6562,3.56035e-09
6563,3.54859e-09
6564,3.53694e-09
6565,3.52645e-09
6566,3.51476e-09
6567,3.5025e-09
6568,3.49056e-09
6569,3.47846e-09
6570,3.46716e-09
6571,3.45644e-09
6572,3.44492e-09
6573,3.43363e-09
6574,3.42331e-09
6575,3.41161e-09
6576,3.39963e-09
6577,3.38888e-09
6578,3.37721e-09
6579,3.36663e-09
6580,3.35536e-09
6581,3.34459e-09
6582,3.33289e-09
6583,3.32079e-09
6584,3.30935e-09
6585,3.29973e-09
6586,3.28969e-09
6587,3.27835e-09
6588,3.26762e-09
6589,3.25763e-09
6590,3.24706e-09
6591,3.23597e-09
6592,3.22442e-09
6593,3.21367e-09
6594,3.20337e-09
6595,3.19312e-09
6596,3.18219e-09
6597,3.17276e-09
6598,3.16305e-09
6599,3.153e-09
6600,3.14178e-09
6601,3.13062e-09
6602,3.11954e-09
6603,3.10899e-09
6604,3.09913e-09
6605,3.09021e-09
6606,3.08044e-09
6607,3.07109e-09
6608,3.06135e-09
6609,3.05196e-09
6610,3.04186e-09
6611,3.03281e-09
6612,3.02249e-09
6613,3.0126e-09
6614,3.0037e-09
6615,2.99408e-09
6616,2.98411e-09
6617,2.97451e-09
6618,2.96517e-09
6619,2.95631e-09
6620,2.94626e-09
6621,2.93794e-09
6622,2.92966e-09
6623,2.91996e-09
6624,2.91029e-09
6625,2.90094e-09
6626,2.89221e-09
6627,2.8832e-09
6628,2.8736e-09
6629,2.86411e-09
6630,2.85396e-09
6631,2.84428e-09
6632,2.83515e-09
6633,2.82547e-09
6634,2.81669e-09
6635,2.80681e-09
6636,2.79683e-09
6637,2.78687e-09
6638,2.77846e-09
6639,2.76986e-09
6640,2.76162e-09
6641,2.75204e-09
6642,2.7429e-09
6643,2.73505e-09
6644,2.72642e-09
6645,2.71711e-09
6646,2.70806e-09
6647,2.70002e-09
6648,2.69181e-09
6649,2.6841e-09
6650,2.67574e-09
6651,2.6679e-09
6652,2.66021e-09
6653,2.65186e-09
6654,2.64256e-09
6655,2.63346e-09
6656,2.62604e-09
6657,2.6183e-09
6658,2.61059e-09
6659,2.60193e-09
6660,2.59287e-09
6661,2.58526e-09
6662,2.57723e-09
6663,2.56932e-09
6664,2.56218e-09
6665,2.55361e-09
6666,2.54578e-09
6667,2.53702e-09
6668,2.52837e-09
6669,2.52006e-09
6670,2.51241e-09
6671,2.50541e-09
6672,2.49748e-09
6673,2.48871e-09
6674,2.48157e-09
6675,2.47448e-09
6676,2.46624e-09
6677,2.45787e-09
6678,2.45034e-09
6679,2.44324e-09
6680,2.43496e-09
6681,2.42655e-09
6682,2.41907e-09
6683,2.41231e-09
6684,2.40505e-09
6685,2.39779e-09
6686,2.38973e-09
6687,2.38232e-09
6688,2.37468e-09
6689,2.368e-09
6690,2.36117e-09
6691,2.35386e-09
6692,2.34692e-09
6693,2.33935e-09
6694,2.3313e-09
6695,2.32437e-09
6696,2.31709e-09
6697,2.31028e-09
6698,2.30363e-09
6699,2.29682e-09
6700,2.28907e-09
6701,2.28181e-09
6702,2.27498e-09
6703,2.26796e-09
6704,2.26088e-09
6705,2.25393e-09
6706,2.24673e-09
6707,2.24001e-09
6708,2.2335e-09
6709,2.22586e-09
6710,2.21883e-09
6711,2.21255e-09
6712,2.20524e-09
6713,2.19765e-09
6714,2.19133e-09
6715,2.18503e-09
6716,2.17868e-09
6717,2.17121e-09
6718,2.16417e-09
6719,2.15683e-09
6720,2.15082e-09
6721,2.14378e-09
6722,2.13737e-09
6723,2.13103e-09
6724,2.1245e-09
6725,2.11837e-09
6726,2.11172e-09
6727,2.10439e-09
6728,2.09784e-09
6729,2.09092e-09
6730,2.08476e-09
6731,2.07858e-09
6732,2.07249e-09
6733,2.06598e-09
6734,2.0591e-09
6735,2.05221e-09
6736,2.04658e-09
6737,2.04046e-09
6738,2.03477e-09
6739,2.0289e-09
6740,2.02286e-09
6741,2.0165e-09
6742,2.01048e-09
6743,2.00475e-09
6744,1.99865e-09
6745,1.99248e-09
6746,1.98652e-09
6747,1.98012e-09
6748,1.97399e-09
6749,1.9672e-09
6750,1.961e-09
6751,1.95488e-09
6752,1.94845e-09
6753,1.94185e-09
6754,1.93525e-09
6755,1.92966e-09
6756,1.92435e-09
6757,1.9186e-09
6758,1.91313e-09
6759,1.90729e-09
6760,1.90189e-09
6761,1.89614e-09
6762,1.88988e-09
6763,1.88412e-09
6764,1.87896e-09
6765,1.87313e-09
6766,1.8678e-09
6767,1.86267e-09
6768,1.85642e-09
6769,1.85101e-09
6770,1.84564e-09
6771,1.84022e-09
6772,1.83416e-09
6773,1.82832e-09
6774,1.82268e-09
6775,1.81737e-09
6776,1.81233e-09
6777,1.80641e-09
6778,1.80016e-09
6779,1.79446e-09
6780,1.78852e-09
6781,1.78301e-09
6782,1.77808e-09
6783,1.77263e-09
6784,1.76745e-09
6785,1.76154e-09
6786,1.75574e-09
6787,1.75053e-09
6788,1.74543e-09
6789,1.73959e-09
6790,1.73377e-09
6791,1.72847e-09
6792,1.72335e-09
6793,1.71797e-09
6794,1.71224e-09
6795,1.70711e-09
6796,1.70229e-09
6797,1.69652e-09
6798,1.69139e-09
6799,1.68667e-09
6800,1.68183e-09
6801,1.67653e-09
6802,1.67146e-09
6803,1.66686e-09
6804,1.6621e-09
6805,1.65659e-09
6806,1.65169e-09
6807,1.64687e-09
6808,1.64159e-09
6809,1.63683e-09
6810,1.63144e-09
6811,1.62639e-09
6812,1.62114e-09
6813,1.61563e-09
6814,1.61124e-09
6815,1.60585e-09
6816,1.60049e-09
6817,1.59522e-09
6818,1.59054e-09
6819,1.58616e-09
6820,1.58121e-09
6821,1.57685e-09
6822,1.57207e-09
6823,1.56672e-09
6824,1.56166e-09
6825,1.55705e-09
6826,1.55249e-09
6827,1.54743e-09
6828,1.54287e-09
6829,1.53793e-09
6830,1.53273e-09
6831,1.5279e-09
6832,1.52339e-09
6833,1.51895e-09
6834,1.5142e-09
6835,1.50949e-09
6836,1.5052e-09
6837,1.50021e-09
6838,1.49516e-09
6839,1.49004e-09
6840,1.48583e-09
6841,1.48115e-09
6842,1.47673e-09
6843,1.47185e-09
6844,1.46722e-09
6845,1.46284e-09
6846,1.45803e-09
6847,1.45371e-09
6848,1.44967e-09
6849,1.44566e-09
6850,1.44138e-09
6851,1.43674e-09
6852,1.43267e-09
6853,1.42796e-09
6854,1.42333e-09
6855,1.4186e-09
6856,1.41457e-09
6857,1.40978e-09
6858,1.40532e-09
6859,1.401e-09
6860,1.39651e-09
6861,1.39225e-09
6862,1.38845e-09
6863,1.38379e-09
6864,1.37922e-09
6865,1.37481e-09
6866,1.37053e-09
6867,1.36588e-09
6868,1.36161e-09
6869,1.35756e-09
6870,1.35311e-09
6871,1.34875e-09
6872,1.34509e-09
6873,1.3413e-09
6874,1.33722e-09
6875,1.33306e-09
6876,1.32892e-09
6877,1.32502e-09
6878,1.32062e-09
6879,1.31638e-09
6880,1.31242e-09
6881,1.30863e-09
6882,1.30476e-09
6883,1.30072e-09
6884,1.2971e-09
6885,1.29355e-09
6886,1.28976e-09
6887,1.28602e-09
6888,1.28251e-09
6889,1.27828e-09
6890,1.27406e-09
6891,1.2699e-09
6892,1.26611e-09
6893,1.26198e-09
6894,1.25787e-09
6895,1.25437e-09
6896,1.25065e-09
6897,1.24706e-09
6898,1.24367e-09
6899,1.23957e-09
6900,1.23564e-09
6901,1.23153e-09
6902,1.22765e-09
6903,1.22378e-09
6904,1.21956e-09
6905,1.21622e-09
6906,1.21281e-09
6907,1.20911e-09
6908,1.20553e-09
6909,1.20225e-09
6910,1.19888e-09
6911,1.19504e-09
6912,1.19157e-09
6913,1.18793e-09
6914,1.18446e-09
6915,1.18095e-09
6916,1.17731e-09
6917,1.17357e-09
6918,1.16983e-09
6919,1.16617e-09
6920,1.16254e-09
6921,1.15907e-09
6922,1.15572e-09
6923,1.15187e-09
6924,1.14863e-09
6925,1.14478e-09
6926,1.14076e-09
6927,1.13719e-09
6928,1.13395e-09
6929,1.1301e-09
6930,1.12667e-09
6931,1.12299e-09
6932,1.11923e-09
6933,1.11535e-09
6934,1.112e-09
6935,1.10836e-09
6936,1.10451e-09
6937,1.10106e-09
6938,1.09784e-09
6939,1.09462e-09
6940,1.09126e-09
6941,1.08797e-09
6942,1.08498e-09
6943,1.0815e-09
6944,1.07781e-09
6945,1.07459e-09
6946,1.0716e-09
6947,1.06838e-09
6948,1.06475e-09
6949,1.06124e-09
6950,1.05754e-09
6951,1.05425e-09
6952,1.05132e-09
6953,1.04832e-09
6954,1.0452e-09
6955,1.04222e-09
6956,1.03927e-09
6957,1.0362e-09
6958,1.03288e-09
6959,1.0298e-09
6960,1.02675e-09
6961,1.0239e-09
6962,1.02105e-09
6963,1.01818e-09
6964,1.01472e-09
6965,1.01159e-09
6966,1.00817e-09
6967,1.00463e-09
6968,1.00111e-09
6969,9.98239e-10
6970,9.95335e-10
6971,9.92333e-10
6972,9.89212e-10
6973,9.8629e-10
6974,9.83492e-10
6975,9.80494e-10
6976,9.77373e-10
6977,9.74526e-10
6978,9.71263e-10
6979,9.68172e-10
6980,9.64829e-10
6981,9.6152e-10
6982,9.58866e-10
6983,9.5624e-10
6984,9.53596e-10
6985,9.50742e-10
6986,9.48012e-10
6987,9.45288e-10
6988,9.4223e-10
6989,9.39017e-10
6990,9.36037e-10
6991,9.33441e-10
6992,9.30308e-10
6993,9.27291e-10
6994,9.2463e-10
6995,9.2151e-10
6996,9.18936e-10
6997,9.16382e-10
6998,9.13333e-10
6999,9.10109e-10
7000,9.07443e-10
7001,9.04864e-10
7002,9.02136e-10
7003,8.99145e-10
7004,8.96363e-10
7005,8.9354e-10
7006,8.90911e-10
7007,8.88431e-10
7008,8.85526e-10
7009,8.82996e-10
7010,8.80199e-10
7011,8.77294e-10
7012,8.74201e-10
7013,8.71319e-10
7014,8.68417e-10
7015,8.6601e-10
7016,8.63608e-10
7017,8.60701e-10
7018,8.58174e-10
7019,8.55354e-10
7020,8.52463e-10
7021,8.49589e-10
7022,8.46695e-10
7023,8.43858e-10
7024,8.41269e-10
7025,8.38347e-10
7026,8.35579e-10
7027,8.32974e-10
7028,8.30655e-10
7029,8.28068e-10
7030,8.25507e-10
7031,8.23071e-10
7032,8.20403e-10
7033,8.17598e-10
7034,8.15303e-10
7035,8.12984e-10
7036,8.10519e-10
7037,8.08092e-10
7038,8.05754e-10
7039,8.03423e-10
7040,8.00944e-10
7041,7.98254e-10
7042,7.95454e-10
7043,7.9295e-10
7044,7.90484e-10
7045,7.87907e-10
7046,7.85427e-10
7047,7.82958e-10
7048,7.80439e-10
7049,7.77844e-10
7050,7.75525e-10
7051,7.73156e-10
7052,7.70737e-10
7053,7.68555e-10
7054,7.66355e-10
7055,7.63765e-10
7056,7.61606e-10
7057,7.59083e-10
7058,7.56764e-10
7059,7.54603e-10
7060,7.52332e-10
7061,7.49805e-10
7062,7.47492e-10
7063,7.45396e-10
7064,7.42991e-10
7065,7.4067e-10
7066,7.38516e-10
7067,7.36423e-10
7068,7.33988e-10
7069,7.3173e-10
7070,7.29544e-10
7071,7.27381e-10
7072,7.25261e-10
7073,7.23134e-10
7074,7.20755e-10
7075,7.18374e-10
7076,7.15864e-10
7077,7.13734e-10
7078,7.1166e-10
7079,7.09428e-10
7080,7.06938e-10
7081,7.04697e-10
7082,7.02239e-10
7083,7.00005e-10
7084,6.97758e-10
7085,6.95772e-10
7086,6.93656e-10
7087,6.914e-10
7088,6.88989e-10
7089,6.86636e-10
7090,6.84287e-10
7091,6.8223e-10
7092,6.80044e-10
7093,6.78057e-10
7094,6.76014e-10
7095,6.73996e-10
7096,6.71807e-10
7097,6.69661e-10
7098,6.67598e-10
7099,6.65518e-10
7100,6.63205e-10
7101,6.60975e-10
7102,6.58743e-10
7103,6.56834e-10
7104,6.54579e-10
7105,6.52495e-10
7106,6.50267e-10
7107,6.47999e-10
7108,6.45794e-10
7109,6.43982e-10
7110,6.4202e-10
7111,6.39892e-10
7112,6.37851e-10
7113,6.35908e-10
7114,6.34033e-10
7115,6.32228e-10
7116,6.30275e-10
7117,6.28227e-10
7118,6.26107e-10
7119,6.24175e-10
7120,6.2225e-10
7121,6.20262e-10
7122,6.18221e-10
7123,6.16493e-10
7124,6.14465e-10
7125,6.12749e-10
7126,6.10915e-10
7127,6.09028e-10
7128,6.0708e-10
7129,6.05055e-10
7130,6.02937e-10
7131,6.01002e-10
7132,5.9913e-10
7133,5.97171e-10
7134,5.95199e-10
7135,5.9336e-10
7136,5.91641e-10
7137,5.89787e-10
7138,5.88029e-10
7139,5.86012e-10
7140,5.84116e-10
7141,5.82186e-10
7142,5.80265e-10
7143,5.78616e-10
7144,5.76994e-10
7145,5.75042e-10
7146,5.73358e-10
7147,5.71563e-10
7148,5.69743e-10
7149,5.67743e-10
7150,5.65741e-10
7151,5.63709e-10
7152,5.61886e-10
7153,5.60079e-10
7154,5.58096e-10
7155,5.56404e-10
7156,5.5462e-10
7157,5.52945e-10
7158,5.51114e-10
7159,5.49512e-10
7160,5.47967e-10
7161,5.46207e-10
7162,5.44404e-10
7163,5.4268e-10
7164,5.41046e-10
7165,5.39406e-10
7166,5.3756e-10
7167,5.35859e-10
7168,5.34017e-10
7169,5.32463e-10
7170,5.3084e-10
7171,5.29199e-10
7172,5.274e-10
7173,5.25913e-10
7174,5.24271e-10
7175,5.22469e-10
7176,5.20608e-10
7177,5.1885e-10
7178,5.17247e-10
7179,5.1562e-10
7180,5.13931e-10
7181,5.12392e-10
7182,5.108e-10
7183,5.09308e-10
7184,5.07594e-10
7185,5.05998e-10
7186,5.04405e-10
7187,5.0284e-10
7188,5.01155e-10
7189,4.9967e-10
7190,4.98072e-10
7191,4.96375e-10
7192,4.94639e-10
7193,4.93152e-10
7194,4.91672e-10
7195,4.90239e-10
7196,4.88664e-10
7197,4.87231e-10
7198,4.85651e-10
7199,4.84115e-10
7200,4.82637e-10
7201,4.81278e-10
7202,4.79642e-10
7203,4.78229e-10
7204,4.76866e-10
7205,4.754e-10
7206,4.74048e-10
7207,4.72714e-10
7208,4.71357e-10
7209,4.69893e-10
7210,4.68394e-10
7211,4.66807e-10
7212,4.65223e-10
7213,4.63925e-10
7214,4.62638e-10
7215,4.6117e-10
7216,4.59723e-10
7217,4.58276e-10
7218,4.56993e-10
7219,4.5565e-10
7220,4.54151e-10
7221,4.52665e-10
7222,4.51383e-10
7223,4.49943e-10
7224,4.48383e-10
7225,4.46994e-10
7226,4.45486e-10
7227,4.44057e-10
7228,4.42622e-10
7229,4.41231e-10
7230,4.39996e-10
7231,4.38491e-10
7232,4.37084e-10
7233,4.35547e-10
7234,4.34274e-10
7235,4.32875e-10
7236,4.31539e-10
7237,4.30254e-10
7238,4.28846e-10
7239,4.27472e-10
7240,4.26036e-10
7241,4.24765e-10
7242,4.23478e-10
7243,4.22143e-10
7244,4.20882e-10
7245,4.19605e-10
7246,4.18403e-10
7247,4.17023e-10
7248,4.15581e-10
7249,4.1437e-10
7250,4.13216e-10
7251,4.11905e-10
7252,4.1051e-10
7253,4.09339e-10
7254,4.08142e-10
7255,4.06804e-10
7256,4.05519e-10
7257,4.04382e-10
7258,4.0319e-10
7259,4.02046e-10
7260,4.00788e-10
7261,3.99585e-10
7262,3.98458e-10
7263,3.97337e-10
7264,3.96161e-10
7265,3.94991e-10
7266,3.93697e-10
7267,3.92389e-10
7268,3.91132e-10
7269,3.89919e-10
7270,3.88763e-10
7271,3.87599e-10
7272,3.8633e-10
7273,3.85068e-10
7274,3.83743e-10
7275,3.82678e-10
7276,3.81617e-10
7277,3.80561e-10
7278,3.7931e-10
7279,3.77993e-10
7280,3.76887e-10
7281,3.75627e-10
7282,3.74433e-10
7283,3.73393e-10
7284,3.72128e-10
7285,3.70869e-10
7286,3.69617e-10
7287,3.68458e-10
7288,3.67214e-10
7289,3.66187e-10
7290,3.65035e-10
7291,3.63927e-10
7292,3.62824e-10
7293,3.61647e-10
7294,3.6052e-10
7295,3.59344e-10
7296,3.58086e-10
7297,3.57038e-10
7298,3.55954e-10
7299,3.54838e-10
7300,3.53686e-10
7301,3.52523e-10
7302,3.51311e-10
7303,3.50231e-10
7304,3.49178e-10
7305,3.48029e-10
7306,3.46956e-10
7307,3.45903e-10
7308,3.44757e-10
7309,3.43743e-10
7310,3.42725e-10
7311,3.41785e-10
7312,3.40827e-10
7313,3.39697e-10
7314,3.38755e-10
7315,3.37811e-10
7316,3.36742e-10
7317,3.35609e-10
7318,3.34539e-10
7319,3.33499e-10
7320,3.32364e-10
7321,3.31411e-10
7322,3.30304e-10
7323,3.29322e-10
7324,3.28222e-10
7325,3.27228e-10
7326,3.26334e-10
7327,3.25266e-10
7328,3.24226e-10
7329,3.23233e-10
7330,3.22262e-10
7331,3.21318e-10
7332,3.20409e-10
7333,3.19477e-10
7334,3.18452e-10
7335,3.17457e-10
7336,3.16582e-10
7337,3.1569e-10
7338,3.14632e-10
7339,3.13561e-10
7340,3.12602e-10
7341,3.11691e-10
7342,3.10655e-10
7343,3.09679e-10
7344,3.08805e-10
7345,3.07772e-10
7346,3.06782e-10
7347,3.0576e-10
7348,3.0474e-10
7349,3.03865e-10
7350,3.02978e-10
7351,3.02009e-10
7352,3.01103e-10
7353,3.00243e-10
7354,2.99427e-10
7355,2.98569e-10
7356,2.97639e-10
7357,2.96825e-10
7358,2.96004e-10
7359,2.95163e-10
7360,2.94267e-10
7361,2.93366e-10
7362,2.92464e-10
7363,2.91534e-10
7364,2.90573e-10
7365,2.89738e-10
7366,2.88918e-10
7367,2.87974e-10
7368,2.87111e-10
7369,2.86307e-10
7370,2.854e-10
7371,2.84455e-10
7372,2.83592e-10
7373,2.82706e-10
7374,2.8187e-10
7375,2.80995e-10
7376,2.80125e-10
7377,2.79374e-10
7378,2.78551e-10
7379,2.77736e-10
7380,2.7695e-10
7381,2.76071e-10
7382,2.75319e-10
7383,2.74473e-10
7384,2.73546e-10
7385,2.72794e-10
7386,2.71909e-10
7387,2.71063e-10
7388,2.7031e-10
7389,2.69411e-10
7390,2.68523e-10
7391,2.6767e-10
7392,2.66856e-10
7393,2.66084e-10
7394,2.65317e-10
7395,2.64558e-10
7396,2.63755e-10
7397,2.62953e-10
7398,2.62226e-10
7399,2.61366e-10
7400,2.60531e-10
7401,2.59666e-10
7402,2.58819e-10
7403,2.58107e-10
7404,2.57341e-10
7405,2.56635e-10
7406,2.55832e-10
7407,2.55148e-10
7408,2.54449e-10
7409,2.53752e-10
7410,2.53017e-10
7411,2.52284e-10
7412,2.51464e-10
7413,2.50712e-10
7414,2.49874e-10
7415,2.49049e-10
7416,2.48285e-10
7417,2.47476e-10
7418,2.46747e-10
7419,2.45977e-10
7420,2.45177e-10
7421,2.44497e-10
7422,2.43798e-10
7423,2.43103e-10
7424,2.42382e-10
7425,2.41633e-10
7426,2.4089e-10
7427,2.40252e-10
7428,2.39594e-10
7429,2.38848e-10
7430,2.38049e-10
7431,2.37262e-10
7432,2.36526e-10
7433,2.35779e-10
7434,2.34988e-10
7435,2.34358e-10
7436,2.33616e-10
7437,2.32883e-10
7438,2.32256e-10
7439,2.31501e-10
7440,2.30748e-10
7441,2.30059e-10
7442,2.29403e-10
7443,2.28697e-10
7444,2.27945e-10
7445,2.27297e-10
7446,2.26626e-10
7447,2.25963e-10
7448,2.25353e-10
7449,2.24637e-10
7450,2.24031e-10
7451,2.2331e-10
7452,2.2272e-10
7453,2.22077e-10
7454,2.2146e-10
7455,2.20806e-10
7456,2.20219e-10
7457,2.19528e-10
7458,2.18868e-10
7459,2.18262e-10
7460,2.17612e-10
7461,2.1697e-10
7462,2.16396e-10
7463,2.15811e-10
7464,2.15223e-10
7465,2.14661e-10
7466,2.14073e-10
7467,2.13514e-10
7468,2.12867e-10
7469,2.12267e-10
7470,2.11574e-10
7471,2.10943e-10
7472,2.1028e-10
7473,2.09686e-10
7474,2.0912e-10
7475,2.08488e-10
7476,2.07859e-10
7477,2.07223e-10
7478,2.06673e-10
7479,2.06045e-10
7480,2.05435e-10
7481,2.04875e-10
7482,2.04261e-10
7483,2.03652e-10
7484,2.03035e-10
7485,2.02382e-10
7486,2.01851e-10
7487,2.01243e-10
7488,2.00622e-10
7489,2.00018e-10
7490,1.99372e-10
7491,1.98818e-10
7492,1.98299e-10
7493,1.97668e-10
7494,1.97098e-10
7495,1.96558e-10
7496,1.95927e-10
7497,1.9533e-10
7498,1.94791e-10
7499,1.94207e-10
7500,1.93579e-10
7501,1.93047e-10
7502,1.92533e-10
7503,1.91956e-10
7504,1.9139e-10
7505,1.90859e-10
7506,1.90328e-10
7507,1.89826e-10
7508,1.89227e-10
7509,1.88684e-10
7510,1.88095e-10
7511,1.87552e-10
7512,1.86994e-10
7513,1.86458e-10
7514,1.85857e-10
7515,1.8535e-10
7516,1.84841e-10
7517,1.84366e-10
7518,1.83793e-10
7519,1.8319e-10
7520,1.82637e-10
7521,1.82066e-10
7522,1.81571e-10
7523,1.81033e-10
7524,1.80475e-10
7525,1.79932e-10
7526,1.79361e-10
7527,1.78809e-10
7528,1.78323e-10
7529,1.77856e-10
7530,1.77366e-10
7531,1.76898e-10
7532,1.7641e-10
7533,1.75907e-10
7534,1.75364e-10
7535,1.74807e-10
7536,1.74263e-10
7537,1.73806e-10
7538,1.73259e-10
7539,1.72732e-10
7540,1.72229e-10
7541,1.71702e-10
7542,1.71255e-10
7543,1.7081e-10
7544,1.70358e-10
7545,1.6992e-10
7546,1.69458e-10
7547,1.68978e-10
7548,1.68544e-10
7549,1.68098e-10
7550,1.67627e-10
7551,1.67132e-10
7552,1.66595e-10
7553,1.66092e-10
7554,1.65642e-10
7555,1.65148e-10
7556,1.64702e-10
7557,1.64275e-10
7558,1.63821e-10
7559,1.63357e-10
7560,1.62922e-10
7561,1.62438e-10
7562,1.6196e-10
7563,1.61492e-10
7564,1.61068e-10
7565,1.60623e-10
7566,1.6018e-10
7567,1.59683e-10
7568,1.59223e-10
7569,1.58789e-10
7570,1.58333e-10
7571,1.57828e-10
7572,1.57426e-10
7573,1.56971e-10
7574,1.56569e-10
7575,1.56156e-10
7576,1.55699e-10
7577,1.5527e-10
7578,1.54814e-10
7579,1.5435e-10
7580,1.53905e-10
7581,1.53513e-10
7582,1.53099e-10
7583,1.52669e-10
7584,1.52217e-10
7585,1.51776e-10
7586,1.51381e-10
7587,1.50917e-10
7588,1.50468e-10
7589,1.50038e-10
7590,1.49626e-10
7591,1.49171e-10
7592,1.48778e-10
7593,1.48318e-10
7594,1.47913e-10
7595,1.47511e-10
7596,1.47115e-10
7597,1.46685e-10
7598,1.46299e-10
7599,1.45863e-10
7600,1.45402e-10
7601,1.4496e-10
7602,1.44523e-10
7603,1.44062e-10
7604,1.43669e-10
7605,1.43239e-10
7606,1.42867e-10
7607,1.42427e-10
7608,1.42063e-10
7609,1.41643e-10
7610,1.41228e-10
7611,1.40818e-10
7612,1.4039e-10
7613,1.39948e-10
7614,1.39492e-10
7615,1.39098e-10
7616,1.38711e-10
7617,1.38352e-10
7618,1.37981e-10
7619,1.37634e-10
7620,1.37239e-10
7621,1.36839e-10
7622,1.36418e-10
7623,1.36e-10
7624,1.35609e-10
7625,1.3526e-10
7626,1.34916e-10
7627,1.34515e-10
7628,1.34109e-10
7629,1.3375e-10
7630,1.33373e-10
7631,1.32983e-10
7632,1.32563e-10
7633,1.32214e-10
7634,1.31836e-10
7635,1.31487e-10
7636,1.31082e-10
7637,1.30689e-10
7638,1.3035e-10
7639,1.29946e-10
7640,1.29581e-10
7641,1.29194e-10
7642,1.28823e-10
7643,1.28485e-10
7644,1.28117e-10
7645,1.27751e-10
7646,1.27381e-10
7647,1.26974e-10
7648,1.26595e-10
7649,1.26201e-10
7650,1.25885e-10
7651,1.25553e-10
7652,1.25203e-10
7653,1.24821e-10
7654,1.2451e-10
7655,1.24127e-10
7656,1.23733e-10
7657,1.23418e-10
7658,1.23056e-10
7659,1.22693e-10
7660,1.2236e-10
7661,1.22038e-10
7662,1.21712e-10
7663,1.2139e-10
7664,1.21057e-10
7665,1.20688e-10
7666,1.20348e-10
7667,1.20024e-10
7668,1.19684e-10
7669,1.19338e-10
7670,1.19019e-10
7671,1.18651e-10
7672,1.18329e-10
7673,1.17974e-10
7674,1.1767e-10
7675,1.17312e-10
7676,1.16994e-10
7677,1.16648e-10
7678,1.16285e-10
7679,1.15913e-10
7680,1.15574e-10
7681,1.15213e-10
7682,1.14911e-10
7683,1.14623e-10
7684,1.14287e-10
7685,1.13989e-10
7686,1.13634e-10
7687,1.13296e-10
7688,1.12995e-10
7689,1.12662e-10
7690,1.12358e-10
7691,1.12038e-10
7692,1.11688e-10
7693,1.11362e-10
7694,1.11024e-10
7695,1.10721e-10
7696,1.10415e-10
7697,1.10123e-10
7698,1.09806e-10
7699,1.09461e-10
7700,1.09122e-10
7701,1.08778e-10
7702,1.08434e-10
7703,1.08156e-10
7704,1.07842e-10
7705,1.07573e-10
7706,1.07241e-10
7707,1.06896e-10
7708,1.06572e-10
7709,1.06238e-10
7710,1.059e-10
7711,1.05614e-10
7712,1.05297e-10
7713,1.05028e-10
7714,1.04747e-10
7715,1.04451e-10
7716,1.04173e-10
7717,1.03893e-10
7718,1.03624e-10
7719,1.03333e-10
7720,1.03074e-10
7721,1.02789e-10
7722,1.0253e-10
7723,1.02215e-10
7724,1.01958e-10
7725,1.01653e-10
7726,1.01379e-10
7727,1.01097e-10
7728,1.0084e-10
7729,1.00533e-10
7730,1.00254e-10
7731,9.99454e-11
7732,9.96372e-11
7733,9.9368e-11
7734,9.90572e-11
7735,9.87747e-11
7736,9.85088e-11
7737,9.82011e-11
7738,9.79226e-11
7739,9.7678e-11
7740,9.7384e-11
7741,9.71149e-11
7742,9.68541e-11
7743,9.65718e-11
7744,9.62995e-11
7745,9.60199e-11
7746,9.5769e-11
7747,9.54862e-11
7748,9.51863e-11
7749,9.49246e-11
7750,9.46726e-11
7751,9.438e-11
7752,9.40883e-11
7753,9.38325e-11
7754,9.35436e-11
7755,9.32519e-11
7756,9.30092e-11
7757,9.27666e-11
7758,9.25176e-11
7759,9.2274e-11
7760,9.20381e-11
7761,9.17685e-11
7762,9.15334e-11
7763,9.1254e-11
7764,9.10263e-11
7765,9.07946e-11
7766,9.05463e-11
7767,9.03026e-11
7768,9.00732e-11
7769,8.98014e-11
7770,8.95568e-11
7771,8.92782e-11
7772,8.90393e-11
7773,8.8782e-11
7774,8.85231e-11
7775,8.8258e-11
7776,8.8023e-11
7777,8.77593e-11
7778,8.75114e-11
7779,8.72839e-11
7780,8.70588e-11
7781,8.68033e-11
7782,8.65806e-11
7783,8.63142e-11
7784,8.60973e-11
7785,8.58822e-11
7786,8.56268e-11
7787,8.54024e-11
7788,8.51787e-11
7789,8.49602e-11
7790,8.47273e-11
7791,8.44989e-11
7792,8.42428e-11
7793,8.40017e-11
7794,8.37793e-11
7795,8.35257e-11
7796,8.32812e-11
7797,8.30369e-11
7798,8.28212e-11
7799,8.25798e-11
7800,8.23455e-11
7801,8.21137e-11
7802,8.18743e-11
7803,8.16277e-11
7804,8.14187e-11
7805,8.12036e-11
7806,8.09773e-11
7807,8.07575e-11
7808,8.05545e-11
7809,8.03086e-11
7810,8.00795e-11
7811,7.98705e-11
7812,7.96392e-11
7813,7.94077e-11
7814,7.9203e-11
7815,7.89726e-11
7816,7.87424e-11
7817,7.84952e-11
7818,7.82493e-11
7819,7.80068e-11
7820,7.78101e-11
7821,7.76043e-11
7822,7.74051e-11
7823,7.71706e-11
7824,7.69358e-11
7825,7.6725e-11
7826,7.6498e-11
7827,7.62882e-11
7828,7.60496e-11
7829,7.58114e-11
7830,7.5621e-11
7831,7.54117e-11
7832,7.52076e-11
7833,7.49884e-11
7834,7.47915e-11
7835,7.45856e-11
7836,7.43561e-11
7837,7.41353e-11
7838,7.39116e-11
7839,7.36787e-11
7840,7.34635e-11
7841,7.32691e-11
7842,7.30829e-11
7843,7.28915e-11
7844,7.26727e-11
7845,7.24818e-11
7846,7.22615e-11
7847,7.20601e-11
7848,7.18754e-11
7849,7.1665e-11
7850,7.14763e-11
7851,7.1292e-11
7852,7.10726e-11
7853,7.08794e-11
7854,7.0657e-11
7855,7.04444e-11
7856,7.02366e-11
7857,7.00275e-11
7858,6.98017e-11
7859,6.95963e-11
7860,6.93971e-11
7861,6.92224e-11
7862,6.90069e-11
7863,6.87922e-11
7864,6.85864e-11
7865,6.84058e-11
7866,6.82255e-11
7867,6.80322e-11
7868,6.78243e-11
7869,6.76085e-11
7870,6.74181e-11
7871,6.72329e-11
7872,6.70589e-11
7873,6.68716e-11
7874,6.66797e-11
7875,6.64709e-11
7876,6.6273e-11
7877,6.60887e-11
7878,6.59102e-11
7879,6.57147e-11
7880,6.55469e-11
7881,6.53637e-11
7882,6.51641e-11
7883,6.49538e-11
7884,6.47533e-11
7885,6.45536e-11
7886,6.4361e-11
7887,6.41832e-11
7888,6.40036e-11
7889,6.38155e-11
7890,6.36144e-11
7891,6.341e-11
7892,6.32193e-11
7893,6.30195e-11
7894,6.28264e-11
7895,6.26555e-11
7896,6.24954e-11
7897,6.2303e-11
7898,6.21103e-11
7899,6.19146e-11
7900,6.17203e-11
7901,6.15569e-11
7902,6.13942e-11
7903,6.12033e-11
7904,6.1021e-11
7905,6.08359e-11
7906,6.06463e-11
7907,6.04831e-11
7908,6.03273e-11
7909,6.01717e-11
7910,5.99858e-11
7911,5.98288e-11
7912,5.96575e-11
7913,5.94778e-11
7914,5.93237e-11
7915,5.9164e-11
7916,5.89967e-11
7917,5.8819e-11
7918,5.86449e-11
7919,5.84599e-11
7920,5.82974e-11
7921,5.8131e-11
7922,5.79524e-11
7923,5.77648e-11
7924,5.76021e-11
7925,5.74368e-11
7926,5.72826e-11
7927,5.71223e-11
7928,5.69622e-11
7929,5.678e-11
7930,5.66253e-11
7931,5.64739e-11
7932,5.63255e-11
7933,5.61674e-11
7934,5.60202e-11
7935,5.58517e-11
7936,5.57046e-11
7937,5.55305e-11
7938,5.53495e-11
7939,5.52002e-11
7940,5.50597e-11
7941,5.48908e-11
7942,5.47386e-11
7943,5.458e-11
7944,5.44199e-11
7945,5.42664e-11
7946,5.40994e-11
7947,5.3961e-11
7948,5.38205e-11
7949,5.36709e-11
7950,5.35023e-11
7951,5.33492e-11
7952,5.3182e-11
7953,5.30195e-11
7954,5.28701e-11
7955,5.27278e-11
7956,5.25876e-11
7957,5.2434e-11
7958,5.22777e-11
7959,5.21232e-11
7960,5.19695e-11
7961,5.18053e-11
7962,5.1643e-11
7963,5.14839e-11
7964,5.13417e-11
7965,5.11805e-11
7966,5.10326e-11
7967,5.08878e-11
7968,5.07296e-11
7969,5.05848e-11
7970,5.04345e-11
7971,5.02763e-11
7972,5.01378e-11
7973,4.99792e-11
7974,4.98382e-11
7975,4.9683e-11
7976,4.95443e-11
7977,4.94131e-11
7978,4.92604e-11
7979,4.91194e-11
7980,4.89765e-11
7981,4.88261e-11
7982,4.86714e-11
7983,4.85333e-11
7984,4.83955e-11
7985,4.82652e-11
7986,4.81235e-11
7987,4.79806e-11
7988,4.78311e-11
7989,4.77015e-11
7990,4.75748e-11
7991,4.74425e-11
7992,4.7319e-11
7993,4.71707e-11
7994,4.70483e-11
7995,4.69175e-11
7996,4.67721e-11
7997,4.66351e-11
7998,4.64906e-11
7999,4.635e-11
8000,4.6201e-11
8001,4.60693e-11
8002,4.59373e-11
8003,4.58144e-11
8004,4.56882e-11
8005,4.55471e-11
8006,4.5397e-11
8007,4.52586e-11
8008,4.51117e-11
8009,4.49668e-11
8010,4.48506e-11
8011,4.47232e-11
8012,4.45911e-11
8013,4.44499e-11
8014,4.43083e-11
8015,4.41614e-11
8016,4.40464e-11
8017,4.39224e-11
8018,4.37929e-11
8019,4.36549e-11
8020,4.3523e-11
8021,4.33889e-11
8022,4.3272e-11
8023,4.31424e-11
8024,4.30121e-11
8025,4.28949e-11
8026,4.27844e-11
8027,4.2663e-11
8028,4.25328e-11
8029,4.23995e-11
8030,4.22888e-11
8031,4.21641e-11
8032,4.20514e-11
8033,4.193e-11
8034,4.18e-11
8035,4.16789e-11
8036,4.15635e-11
8037,4.14359e-11
8038,4.13278e-11
8039,4.12161e-11
8040,4.10945e-11
8041,4.09868e-11
8042,4.08645e-11
8043,4.07551e-11
8044,4.06263e-11
8045,4.05074e-11
8046,4.03996e-11
8047,4.0271e-11
8048,4.01409e-11
8049,4.00164e-11
8050,3.98901e-11
8051,3.97738e-11
8052,3.96605e-11
8053,3.95328e-11
8054,3.94276e-11
8055,3.93258e-11
8056,3.92207e-11
8057,3.91167e-11
8058,3.9005e-11
8059,3.88816e-11
8060,3.87553e-11
8061,3.86407e-11
8062,3.85286e-11
8063,3.84287e-11
8064,3.83063e-11
8065,3.82013e-11
8066,3.80914e-11
8067,3.79865e-11
8068,3.78644e-11
8069,3.77523e-11
8070,3.76426e-11
8071,3.75315e-11
8072,3.74198e-11
8073,3.73205e-11
8074,3.72081e-11
8075,3.70996e-11
8076,3.69893e-11
8077,3.68728e-11
8078,3.67661e-11
8079,3.66607e-11
8080,3.65542e-11
8081,3.6455e-11
8082,3.63406e-11
8083,3.62233e-11
8084,3.61263e-11
8085,3.60108e-11
8086,3.5894e-11
8087,3.57938e-11
8088,3.56997e-11
8089,3.56009e-11
8090,3.5506e-11
8091,3.53929e-11
8092,3.52806e-11
8093,3.51742e-11
8094,3.50589e-11
8095,3.49479e-11
8096,3.4837e-11
8097,3.47363e-11
8098,3.46228e-11
8099,3.45135e-11
8100,3.4401e-11
8101,3.43003e-11
8102,3.42054e-11
8103,3.41069e-11
8104,3.40062e-11
8105,3.38959e-11
8106,3.37846e-11
8107,3.3695e-11
8108,3.35924e-11
8109,3.34981e-11
8110,3.34004e-11
8111,3.33098e-11
8112,3.32131e-11
8113,3.31194e-11
8114,3.30331e-11
8115,3.29352e-11
8116,3.28433e-11
8117,3.2739e-11
8118,3.26327e-11
8119,3.25397e-11
8120,3.24517e-11
8121,3.23472e-11
8122,3.22567e-11
8123,3.21531e-11
8124,3.20565e-11
8125,3.19685e-11
8126,3.18718e-11
8127,3.17822e-11
8128,3.16868e-11
8129,3.15902e-11
8130,3.15078e-11
8131,3.14165e-11
8132,3.13336e-11
8133,3.1247e-11
8134,3.11469e-11
8135,3.10522e-11
8136,3.09673e-11
8137,3.08706e-11
8138,3.07753e-11
8139,3.06751e-11
8140,3.0593e-11
8141,3.0511e-11
8142,3.04305e-11
8143,3.03404e-11
8144,3.02517e-11
8145,3.01714e-11
8146,3.00899e-11
8147,2.99975e-11
8148,2.98985e-11
8149,2.98204e-11
8150,2.97419e-11
8151,2.96625e-11
8152,2.95667e-11
8153,2.94827e-11
8154,2.94055e-11
8155,2.93196e-11
8156,2.92327e-11
8157,2.91425e-11
8158,2.90494e-11
8159,2.89712e-11
8160,2.88901e-11
8161,2.8799e-11
8162,2.87111e-11
8163,2.86286e-11
8164,2.85525e-11
8165,2.84689e-11
8166,2.83759e-11
8167,2.82962e-11
8168,2.82166e-11
8169,2.81318e-11
8170,2.80555e-11
8171,2.7975e-11
8172,2.78881e-11
8173,2.78111e-11
8174,2.77206e-11
8175,2.76445e-11
8176,2.75671e-11
8177,2.74928e-11
8178,2.7405e-11
8179,2.73285e-11
8180,2.72545e-11
8181,2.71665e-11
8182,2.70883e-11
8183,2.70151e-11
8184,2.694e-11
8185,2.6863e-11
8186,2.6781e-11
8187,2.66958e-11
8188,2.6625e-11
8189,2.65479e-11
8190,2.6462e-11
8191,2.63855e-11
8192,2.63117e-11
8193,2.62342e-11
8194,2.61522e-11
8195,2.6077e-11
8196,2.60087e-11
8197,2.59298e-11
8198,2.58505e-11
8199,2.57768e-11
8200,2.57046e-11
8201,2.56242e-11
8202,2.55432e-11
8203,2.54763e-11
8204,2.53941e-11
8205,2.53137e-11
8206,2.52438e-11
8207,2.51733e-11
8208,2.50931e-11
8209,2.50255e-11
8210,2.49517e-11
8211,2.48862e-11
8212,2.48201e-11
8213,2.47415e-11
8214,2.46739e-11
8215,2.46038e-11
8216,2.45353e-11
8217,2.44579e-11
8218,2.43914e-11
8219,2.43227e-11
8220,2.42547e-11
8221,2.41906e-11
8222,2.41168e-11
8223,2.40441e-11
8224,2.39716e-11
8225,2.39015e-11
8226,2.38238e-11
8227,2.37508e-11
8228,2.36868e-11
8229,2.36167e-11
8230,2.35397e-11
8231,2.34708e-11
8232,2.34043e-11
8233,2.33327e-11
8234,2.32645e-11
8235,2.31987e-11
8236,2.31322e-11
8237,2.30617e-11
8238,2.29914e-11
8239,2.29273e-11
8240,2.28559e-11
8241,2.2794e-11
8242,2.27305e-11
8243,2.26585e-11
8244,2.25991e-11
8245,2.25339e-11
8246,2.24721e-11
8247,2.24093e-11
8248,2.23469e-11
8249,2.22835e-11
8250,2.22161e-11
8251,2.21493e-11
8252,2.20851e-11
8253,2.20227e-11
8254,2.19637e-11
8255,2.18928e-11
8256,2.18229e-11
8257,2.17655e-11
8258,2.17011e-11
8259,2.1631e-11
8260,2.1565e-11
8261,2.15012e-11
8262,2.14406e-11
8263,2.13717e-11
8264,2.13136e-11
8265,2.1248e-11
8266,2.11892e-11
8267,2.11264e-11
8268,2.10658e-11
8269,2.0999e-11
8270,2.09317e-11
8271,2.08751e-11
8272,2.08077e-11
8273,2.07524e-11
8274,2.06856e-11
8275,2.06159e-11
8276,2.05537e-11
8277,2.04976e-11
8278,2.04406e-11
8279,2.03767e-11
8280,2.03157e-11
8281,2.02498e-11
8282,2.01919e-11
8283,2.01266e-11
8284,2.00709e-11
8285,2.00127e-11
8286,1.99482e-11
8287,1.98814e-11
8288,1.98221e-11
8289,1.9764e-11
8290,1.97008e-11
8291,1.96488e-11
8292,1.9586e-11
8293,1.95328e-11
8294,1.94699e-11
8295,1.94179e-11
8296,1.93565e-11
8297,1.93036e-11
8298,1.92455e-11
8299,1.91921e-11
8300,1.91294e-11
8301,1.90735e-11
8302,1.90189e-11
8303,1.89568e-11
8304,1.89005e-11
8305,1.88467e-11
8306,1.87855e-11
8307,1.87222e-11
8308,1.86658e-11
8309,1.86142e-11
8310,1.85563e-11
8311,1.85078e-11
8312,1.84583e-11
8313,1.84091e-11
8314,1.83502e-11
8315,1.82979e-11
8316,1.82436e-11
8317,1.81853e-11
8318,1.8134e-11
8319,1.80868e-11
8320,1.80365e-11
8321,1.7988e-11
8322,1.79406e-11
8323,1.78914e-11
8324,1.78417e-11
8325,1.77833e-11
8326,1.77329e-11
8327,1.7685e-11
8328,1.7637e-11
8329,1.75806e-11
8330,1.75297e-11
8331,1.7482e-11
8332,1.74329e-11
8333,1.73787e-11
8334,1.73319e-11
8335,1.72779e-11
8336,1.72317e-11
8337,1.71862e-11
8338,1.7133e-11
8339,1.70808e-11
8340,1.70328e-11
8341,1.69823e-11
8342,1.69307e-11
8343,1.68817e-11
8344,1.68304e-11
8345,1.67799e-11
8346,1.67275e-11
8347,1.6682e-11
8348,1.66345e-11
8349,1.65911e-11
8350,1.65463e-11
8351,1.64962e-11
8352,1.64516e-11
8353,1.64066e-11
8354,1.63545e-11
8355,1.63068e-11
8356,1.6262e-11
8357,1.62179e-11
8358,1.61699e-11
8359,1.61234e-11
8360,1.60806e-11
8361,1.60291e-11
8362,1.59808e-11
8363,1.59346e-11
8364,1.58855e-11
8365,1.58364e-11
8366,1.57929e-11
8367,1.57437e-11
8368,1.56942e-11
8369,1.56419e-11
8370,1.55965e-11
8371,1.55558e-11
8372,1.55104e-11
8373,1.54594e-11
8374,1.54141e-11
8375,1.53726e-11
8376,1.53273e-11
8377,1.52859e-11
8378,1.52433e-11
8379,1.51944e-11
8380,1.51531e-11
8381,1.51094e-11
8382,1.50642e-11
8383,1.50218e-11
8384,1.49762e-11
8385,1.49325e-11
8386,1.48863e-11
8387,1.48381e-11
8388,1.47926e-11
8389,1.47514e-11
8390,1.47106e-11
8391,1.46658e-11
8392,1.46256e-11
8393,1.458e-11
8394,1.45412e-11
8395,1.44952e-11
8396,1.44527e-11
8397,1.44123e-11
8398,1.43685e-11
8399,1.43293e-11
8400,1.42898e-11
8401,1.42523e-11
8402,1.42136e-11
8403,1.41697e-11
8404,1.41327e-11
8405,1.40906e-11
8406,1.40452e-11
8407,1.40026e-11
8408,1.39587e-11
8409,1.39208e-11
8410,1.38804e-11
8411,1.38357e-11
8412,1.37933e-11
8413,1.37572e-11
8414,1.37198e-11
8415,1.3682e-11
8416,1.36422e-11
8417,1.35984e-11
8418,1.35619e-11
8419,1.35262e-11
8420,1.34898e-11
8421,1.34517e-11
8422,1.34101e-11
8423,1.33719e-11
8424,1.3336e-11
8425,1.32944e-11
8426,1.32576e-11
8427,1.32182e-11
8428,1.31831e-11
8429,1.31414e-11
8430,1.30999e-11
8431,1.30627e-11
8432,1.30206e-11
8433,1.29775e-11
8434,1.29431e-11
8435,1.29017e-11
8436,1.28631e-11
8437,1.28211e-11
8438,1.27828e-11
8439,1.27472e-11
8440,1.27134e-11
8441,1.26725e-11
8442,1.26381e-11
8443,1.25997e-11
8444,1.25579e-11
8445,1.2522e-11
8446,1.24815e-11
8447,1.24448e-11
8448,1.24105e-11
8449,1.2378e-11
8450,1.2342e-11
8451,1.23068e-11
8452,1.22718e-11
8453,1.2238e-11
8454,1.22005e-11
8455,1.21644e-11
8456,1.21326e-11
8457,1.2094e-11
8458,1.20621e-11
8459,1.203e-11
8460,1.19925e-11
8461,1.19544e-11
8462,1.19194e-11
8463,1.18823e-11
8464,1.18454e-11
8465,1.18103e-11
8466,1.1774e-11
8467,1.17417e-11
8468,1.17079e-11
8469,1.16762e-11
8470,1.16424e-11
8471,1.16081e-11
8472,1.15769e-11
8473,1.15424e-11
8474,1.1511e-11
8475,1.14802e-11
8476,1.14435e-11
8477,1.1413e-11
8478,1.13793e-11
8479,1.13486e-11
8480,1.13183e-11
8481,1.12885e-11
8482,1.12556e-11
8483,1.12226e-11
8484,1.11913e-11
8485,1.11607e-11
8486,1.11247e-11
8487,1.10932e-11
8488,1.10635e-11
8489,1.10347e-11
8490,1.10032e-11
8491,1.09676e-11
8492,1.09325e-11
8493,1.08972e-11
8494,1.08633e-11
8495,1.08314e-11
8496,1.08008e-11
8497,1.07705e-11
8498,1.07377e-11
8499,1.07041e-11
8500,1.06725e-11
8501,1.06439e-11
8502,1.06148e-11
8503,1.0583e-11
8504,1.05501e-11
8505,1.05197e-11
8506,1.04872e-11
8507,1.0455e-11
8508,1.04243e-11
8509,1.03953e-11
8510,1.03629e-11
8511,1.03315e-11
8512,1.03024e-11
8513,1.02738e-11
8514,1.02467e-11
8515,1.02163e-11
8516,1.01865e-11
8517,1.01529e-11
8518,1.01194e-11
8519,1.00886e-11
8520,1.0055e-11
8521,1.00266e-11
8522,9.99722e-12
8523,9.96577e-12
8524,9.93907e-12
8525,9.91241e-12
8526,9.88514e-12
8527,9.85674e-12
8528,9.82813e-12
8529,9.79651e-12
8530,9.77004e-12
8531,9.73885e-12
8532,9.70615e-12
8533,9.67823e-12
8534,9.64966e-12
8535,9.61987e-12
8536,9.58971e-12
8537,9.56324e-12
8538,9.5364e-12
8539,9.51042e-12
8540,9.48275e-12
8541,9.45763e-12
8542,9.4285e-12
8543,9.39858e-12
8544,9.37181e-12
8545,9.34236e-12
8546,9.31559e-12
8547,9.28642e-12
8548,9.25675e-12
8549,9.23109e-12
8550,9.20504e-12
8551,9.17619e-12
8552,9.14888e-12
8553,9.1198e-12
8554,9.09219e-12
8555,9.0646e-12
8556,9.03487e-12
8557,9.00577e-12
8558,8.97536e-12
8559,8.94937e-12
8560,8.92193e-12
8561,8.89787e-12
8562,8.87316e-12
8563,8.84621e-12
8564,8.82019e-12
8565,8.79244e-12
8566,8.76734e-12
8567,8.74343e-12
8568,8.71509e-12
8569,8.68808e-12
8570,8.66316e-12
8571,8.63798e-12
8572,8.61127e-12
8573,8.5882e-12
8574,8.56468e-12
8575,8.54227e-12
8576,8.51526e-12
8577,8.48952e-12
8578,8.4626e-12
8579,8.43625e-12
8580,8.40943e-12
8581,8.38686e-12
8582,8.36257e-12
8583,8.33928e-12
8584,8.31251e-12
8585,8.28444e-12
8586,8.25717e-12
8587,8.23027e-12
8588,8.20379e-12
8589,8.17708e-12
8590,8.15461e-12
8591,8.13098e-12
8592,8.10434e-12
8593,8.08039e-12
8594,8.05884e-12
8595,8.03565e-12
8596,8.01356e-12
8597,7.99049e-12
8598,7.96638e-12
8599,7.94461e-12
8600,7.92367e-12
8601,7.89829e-12
8602,7.87401e-12
8603,7.84922e-12
8604,7.82853e-12
8605,7.80411e-12
8606,7.77941e-12
8607,7.75371e-12
8608,7.73132e-12
8609,7.70838e-12
8610,7.6851e-12
8611,7.66441e-12
8612,7.64137e-12
8613,7.62132e-12
8614,7.59967e-12
8615,7.57719e-12
8616,7.55734e-12
8617,7.53663e-12
8618,7.51532e-12
8619,7.49169e-12
8620,7.4719e-12
8621,7.45e-12
8622,7.42938e-12
8623,7.40507e-12
8624,7.38027e-12
8625,7.35922e-12
8626,7.33793e-12
8627,7.31806e-12
8628,7.2956e-12
8629,7.27119e-12
8630,7.25043e-12
8631,7.22782e-12
8632,7.20391e-12
8633,7.17993e-12
8634,7.15851e-12
8635,7.13489e-12
8636,7.11228e-12
8637,7.09261e-12
8638,7.06999e-12
8639,7.05125e-12
8640,7.02964e-12
8641,7.009e-12
8642,6.98992e-12
8643,6.97019e-12
8644,6.94984e-12
8645,6.92918e-12
8646,6.907e-12
8647,6.88653e-12
8648,6.86505e-12
8649,6.84635e-12
8650,6.82739e-12
8651,6.80616e-12
8652,6.78509e-12
8653,6.76508e-12
8654,6.74388e-12
8655,6.72332e-12
8656,6.70208e-12
8657,6.68386e-12
8658,6.66329e-12
8659,6.64369e-12
8660,6.62572e-12
8661,6.60407e-12
8662,6.58591e-12
8663,6.56846e-12
8664,6.54752e-12
8665,6.52725e-12
8666,6.50531e-12
8667,6.48517e-12
8668,6.46425e-12
8669,6.44301e-12
8670,6.42293e-12
8671,6.40361e-12
8672,6.38549e-12
8673,6.36538e-12
8674,6.34471e-12
8675,6.32447e-12
8676,6.30653e-12
8677,6.28724e-12
8678,6.26992e-12
8679,6.24941e-12
8680,6.2292e-12
8681,6.21089e-12
8682,6.19146e-12
8683,6.17329e-12
8684,6.15341e-12
8685,6.13516e-12
8686,6.11478e-12
8687,6.09589e-12
8688,6.07732e-12
8689,6.05835e-12
8690,6.04238e-12
8691,6.0239e-12
8692,6.0051e-12
8693,5.98854e-12
8694,5.96994e-12
8695,5.95175e-12
8696,5.93266e-12
8697,5.91381e-12
8698,5.89759e-12
8699,5.87975e-12
8700,5.86187e-12
8701,5.84314e-12
8702,5.82727e-12
8703,5.80871e-12
8704,5.791e-12
8705,5.7718e-12
8706,5.75396e-12
8707,5.73532e-12
8708,5.71767e-12
8709,5.69944e-12
8710,5.68096e-12
8711,5.66447e-12
8712,5.64894e-12
8713,5.63217e-12
8714,5.6143e-12
8715,5.59952e-12
8716,5.58143e-12
8717,5.56354e-12
8718,5.54641e-12
8719,5.5297e-12
8720,5.51349e-12
8721,5.49667e-12
8722,5.48141e-12
8723,5.46666e-12
8724,5.44956e-12
8725,5.43147e-12
8726,5.41435e-12
8727,5.39781e-12
8728,5.38111e-12
8729,5.36374e-12
8730,5.34895e-12
8731,5.33417e-12
8732,5.31809e-12
8733,5.30302e-12
8734,5.28888e-12
8735,5.27453e-12
8736,5.25991e-12
8737,5.24387e-12
8738,5.22642e-12
8739,5.20937e-12
8740,5.1941e-12
8741,5.17769e-12
8742,5.16351e-12
8743,5.14809e-12
8744,5.13357e-12
8745,5.11692e-12
8746,5.1013e-12
8747,5.08707e-12
8748,5.07151e-12
8749,5.0577e-12
8750,5.04198e-12
8751,5.0285e-12
8752,5.01295e-12
8753,4.99632e-12
8754,4.98261e-12
8755,4.9679e-12
8756,4.95188e-12
8757,4.93581e-12
8758,4.92265e-12
8759,4.90822e-12
8760,4.89327e-12
8761,4.87965e-12
8762,4.86466e-12
8763,4.85126e-12
8764,4.83695e-12
8765,4.8218e-12
8766,4.80807e-12
8767,4.79315e-12
8768,4.77935e-12
8769,4.766e-12
8770,4.75194e-12
8771,4.73704e-12
8772,4.72109e-12
8773,4.70634e-12
8774,4.6931e-12
8775,4.67999e-12
8776,4.66609e-12
8777,4.65122e-12
8778,4.6374e-12
8779,4.62474e-12
8780,4.60986e-12
8781,4.59713e-12
8782,4.58447e-12
8783,4.57056e-12
8784,4.55825e-12
8785,4.54532e-12
8786,4.5331e-12
8787,4.51849e-12
8788,4.50626e-12
8789,4.49404e-12
8790,4.48112e-12
8791,4.46723e-12
8792,4.45443e-12
8793,4.44263e-12
8794,4.42857e-12
8795,4.41429e-12
8796,4.40022e-12
8797,4.38826e-12
8798,4.37539e-12
8799,4.36374e-12
8800,4.35132e-12
8801,4.33712e-12
8802,4.32319e-12
8803,4.31082e-12
8804,4.29793e-12
8805,4.28362e-12
8806,4.27055e-12
8807,4.25615e-12
8808,4.24241e-12
8809,4.2281e-12
8810,4.21652e-12
8811,4.2037e-12
8812,4.19229e-12
8813,4.18042e-12
8814,4.16882e-12
8815,4.15733e-12
8816,4.14473e-12
8817,4.13297e-12
8818,4.12186e-12
8819,4.10918e-12
8820,4.0972e-12
8821,4.08516e-12
8822,4.07339e-12
8823,4.06074e-12
8824,4.04871e-12
8825,4.03756e-12
8826,4.02573e-12
8827,4.01471e-12
8828,4.00343e-12
8829,3.99048e-12
8830,3.97945e-12
8831,3.96743e-12
8832,3.95469e-12
8833,3.94155e-12
8834,3.92846e-12
8835,3.91718e-12
8836,3.90457e-12
8837,3.89317e-12
8838,3.88212e-12
8839,3.87039e-12
8840,3.85932e-12
8841,3.84807e-12
8842,3.83749e-12
8843,3.82635e-12
8844,3.81442e-12
8845,3.80336e-12
8846,3.79183e-12
8847,3.78108e-12
8848,3.76953e-12
8849,3.75786e-12
8850,3.74533e-12
8851,3.73253e-12
8852,3.72256e-12
8853,3.71209e-12
8854,3.7007e-12
8855,3.68967e-12
8856,3.67882e-12
8857,3.66895e-12
8858,3.65787e-12
8859,3.64645e-12
8860,3.63428e-12
8861,3.62253e-12
8862,3.61233e-12
8863,3.60107e-12
8864,3.58991e-12
8865,3.58024e-12
8866,3.5685e-12
8867,3.55784e-12
8868,3.54737e-12
8869,3.53735e-12
8870,3.52565e-12
8871,3.51434e-12
8872,3.50332e-12
8873,3.49372e-12
8874,3.48427e-12
8875,3.47435e-12
8876,3.46406e-12
8877,3.45333e-12
8878,3.44274e-12
8879,3.43349e-12
8880,3.42386e-12
8881,3.41368e-12
8882,3.40462e-12
8883,3.39502e-12
8884,3.38433e-12
8885,3.37377e-12
8886,3.36303e-12
8887,3.35375e-12
8888,3.34338e-12
8889,3.3338e-12
8890,3.32316e-12
8891,3.31286e-12
8892,3.30405e-12
8893,3.29318e-12
8894,3.28373e-12
8895,3.27364e-12
8896,3.26483e-12
8897,3.25565e-12
8898,3.24694e-12
8899,3.23736e-12
8900,3.22765e-12
8901,3.21908e-12
8902,3.21021e-12
8903,3.20145e-12
8904,3.1927e-12
8905,3.18372e-12
8906,3.17438e-12
8907,3.16468e-12
8908,3.15427e-12
8909,3.14349e-12
8910,3.13355e-12
8911,3.12498e-12
8912,3.11578e-12
8913,3.10614e-12
8914,3.09706e-12
8915,3.08845e-12
8916,3.07975e-12
8917,3.07143e-12
8918,3.06266e-12
8919,3.05262e-12
8920,3.04367e-12
8921,3.03538e-12
8922,3.02635e-12
8923,3.01754e-12
8924,3.00932e-12
8925,2.99983e-12
8926,2.98968e-12
8927,2.98138e-12
8928,2.97344e-12
8929,2.96366e-12
8930,2.95436e-12
8931,2.94542e-12
8932,2.93546e-12
8933,2.92584e-12
8934,2.91667e-12
8935,2.90867e-12
8936,2.90092e-12
8937,2.89319e-12
8938,2.88423e-12
8939,2.87469e-12
8940,2.86481e-12
8941,2.85648e-12
8942,2.84693e-12
8943,2.8384e-12
8944,2.82897e-12
8945,2.82068e-12
8946,2.812e-12
8947,2.80418e-12
8948,2.79596e-12
8949,2.78674e-12
8950,2.77916e-12
8951,2.77039e-12
8952,2.76302e-12
8953,2.75468e-12
8954,2.74711e-12
8955,2.73963e-12
8956,2.73176e-12
8957,2.72434e-12
8958,2.71665e-12
8959,2.70882e-12
8960,2.70147e-12
8961,2.69278e-12
8962,2.6839e-12
8963,2.6766e-12
8964,2.66839e-12
8965,2.66045e-12
8966,2.653e-12
8967,2.64481e-12
8968,2.63691e-12
8969,2.62822e-12
8970,2.62017e-12
8971,2.61238e-12
8972,2.60507e-12
8973,2.59728e-12
8974,2.58879e-12
8975,2.58165e-12
8976,2.57337e-12
8977,2.56563e-12
8978,2.55826e-12
8979,2.55103e-12
8980,2.54362e-12
8981,2.5362e-12
8982,2.52944e-12
8983,2.52212e-12
8984,2.51376e-12
8985,2.50682e-12
8986,2.49937e-12
8987,2.49224e-12
8988,2.48524e-12
8989,2.47742e-12
8990,2.4697e-12
8991,2.46258e-12
8992,2.45504e-12
8993,2.44772e-12
8994,2.44055e-12
8995,2.4337e-12
8996,2.4258e-12
8997,2.41826e-12
8998,2.41029e-12
8999,2.40327e-12
9000,2.3961e-12
9001,2.3891e-12
9002,2.3815e-12
9003,2.37396e-12
9004,2.3661e-12
9005,2.35867e-12
9006,2.351e-12
9007,2.34347e-12
9008,2.33714e-12
9009,2.33079e-12
9010,2.32316e-12
9011,2.31623e-12
9012,2.30929e-12
9013,2.30158e-12
9014,2.294e-12
9015,2.28716e-12
9016,2.28094e-12
9017,2.27449e-12
9018,2.26738e-12
9019,2.26084e-12
9020,2.25329e-12
9021,2.24676e-12
9022,2.23985e-12
9023,2.23295e-12
9024,2.2258e-12
9025,2.2182e-12
9026,2.21087e-12
9027,2.20393e-12
9028,2.19714e-12
9029,2.19026e-12
9030,2.1829e-12
9031,2.17705e-12
9032,2.17125e-12
9033,2.16453e-12
9034,2.15767e-12
9035,2.15051e-12
9036,2.1443e-12
9037,2.13788e-12
9038,2.13133e-12
9039,2.12513e-12
9040,2.11862e-12
9041,2.1122e-12
9042,2.10542e-12
9043,2.09975e-12
9044,2.09354e-12
9045,2.08716e-12
9046,2.08092e-12
9047,2.07457e-12
9048,2.06782e-12
9049,2.0621e-12
9050,2.05546e-12
9051,2.04872e-12
9052,2.04257e-12
9053,2.03648e-12
9054,2.03052e-12
9055,2.02487e-12
9056,2.0189e-12
9057,2.0133e-12
9058,2.0069e-12
9059,2.00004e-12
9060,1.99341e-12
9061,1.98698e-12
9062,1.98165e-12
9063,1.97536e-12
9064,1.9695e-12
9065,1.96326e-12
9066,1.95704e-12
9067,1.95081e-12
9068,1.94532e-12
9069,1.93983e-12
9070,1.93463e-12
9071,1.92852e-12
9072,1.9223e-12
9073,1.91601e-12
9074,1.90968e-12
9075,1.90429e-12
9076,1.89878e-12
9077,1.89337e-12
9078,1.88736e-12
9079,1.88211e-12
9080,1.87659e-12
9081,1.8708e-12
9082,1.86449e-12
9083,1.85825e-12
9084,1.85323e-12
9085,1.84789e-12
9086,1.84295e-12
9087,1.83747e-12
9088,1.83193e-12
9089,1.82599e-12
9090,1.82044e-12
9091,1.8152e-12
9092,1.80971e-12
9093,1.80422e-12
9094,1.79928e-12
9095,1.79341e-12
9096,1.78831e-12
9097,1.7826e-12
9098,1.77702e-12
9099,1.77171e-12
9100,1.76697e-12
9101,1.76153e-12
9102,1.75656e-12
9103,1.75098e-12
9104,1.74573e-12
9105,1.74103e-12
9106,1.73531e-12
9107,1.72961e-12
9108,1.72457e-12
9109,1.71911e-12
9110,1.71329e-12
9111,1.70771e-12
9112,1.70272e-12
9113,1.69711e-12
9114,1.6918e-12
9115,1.6868e-12
9116,1.68202e-12
9117,1.67684e-12
9118,1.67128e-12
9119,1.66584e-12
9120,1.66086e-12
9121,1.65599e-12
9122,1.65153e-12
9123,1.64613e-12
9124,1.64058e-12
9125,1.63601e-12
9126,1.6307e-12
9127,1.62619e-12
9128,1.62084e-12
9129,1.61591e-12
9130,1.61093e-12
9131,1.60549e-12
9132,1.60105e-12
9133,1.59593e-12
9134,1.59078e-12
9135,1.58584e-12
9136,1.58062e-12
9137,1.57552e-12
9138,1.57088e-12
9139,1.56651e-12
9140,1.56187e-12
9141,1.55736e-12
9142,1.55224e-12
9143,1.54714e-12
9144,1.54275e-12
9145,1.53811e-12
9146,1.53381e-12
9147,1.52924e-12
9148,1.52504e-12
9149,1.52091e-12
9150,1.51663e-12
9151,1.51205e-12
9152,1.50751e-12
9153,1.50319e-12
9154,1.49869e-12
9155,1.49431e-12
9156,1.48986e-12
9157,1.48552e-12
9158,1.48104e-12
9159,1.47667e-12
9160,1.47187e-12
9161,1.46784e-12
9162,1.46358e-12
9163,1.45869e-12
9164,1.45375e-12
9165,1.44975e-12
9166,1.44536e-12
9167,1.44073e-12
9168,1.43597e-12
9169,1.4311e-12
9170,1.42621e-12
9171,1.42207e-12
9172,1.41805e-12
9173,1.41346e-12
9174,1.40961e-12
9175,1.40543e-12
9176,1.40133e-12
9177,1.39734e-12
9178,1.39271e-12
9179,1.38847e-12
9180,1.38442e-12
9181,1.38055e-12
9182,1.37686e-12
9183,1.37247e-12
9184,1.36832e-12
9185,1.36418e-12
9186,1.36035e-12
9187,1.35588e-12
9188,1.35136e-12
9189,1.34699e-12
9190,1.34306e-12
9191,1.33882e-12
9192,1.33444e-12
9193,1.33014e-12
9194,1.32591e-12
9195,1.32165e-12
9196,1.31729e-12
9197,1.31355e-12
9198,1.30962e-12
9199,1.30551e-12
9200,1.30188e-12
9201,1.29806e-12
9202,1.29373e-12
9203,1.28987e-12
9204,1.2862e-12
9205,1.28274e-12
9206,1.2786e-12
9207,1.27458e-12
9208,1.27088e-12
9209,1.26676e-12
9210,1.2633e-12
9211,1.25937e-12
9212,1.25599e-12
9213,1.25256e-12
9214,1.2488e-12
9215,1.24503e-12
9216,1.24115e-12
9217,1.23718e-12
9218,1.23348e-12
9219,1.22977e-12
9220,1.22611e-12
9221,1.22217e-12
9222,1.21874e-12
9223,1.21529e-12
9224,1.21166e-12
9225,1.20768e-12
9226,1.20353e-12
9227,1.20002e-12
9228,1.19674e-12
9229,1.1932e-12
9230,1.18919e-12
9231,1.18577e-12
9232,1.1819e-12
9233,1.17788e-12
9234,1.1741e-12
9235,1.17085e-12
9236,1.16697e-12
9237,1.16335e-12
9238,1.1596e-12
9239,1.15622e-12
9240,1.15284e-12
9241,1.14907e-12
9242,1.146e-12
9243,1.14265e-12
9244,1.13883e-12
9245,1.13531e-12
9246,1.13152e-12
9247,1.12796e-12
9248,1.12475e-12
9249,1.12148e-12
9250,1.11842e-12
9251,1.11494e-12
9252,1.11187e-12
9253,1.1087e-12
9254,1.10503e-12
9255,1.10155e-12
9256,1.09849e-12
9257,1.09489e-12
9258,1.09117e-12
9259,1.08803e-12
9260,1.08485e-12
9261,1.08127e-12
9262,1.07792e-12
9263,1.07485e-12
9264,1.07136e-12
9265,1.06833e-12
9266,1.0652e-12
9267,1.06172e-12
9268,1.05826e-12
9269,1.05531e-12
9270,1.05237e-12
9271,1.04946e-12
9272,1.04666e-12
9273,1.04374e-12
9274,1.04057e-12
9275,1.03779e-12
9276,1.03455e-12
9277,1.03142e-12
9278,1.02822e-12
9279,1.02473e-12
9280,1.0213e-12
9281,1.018e-12
9282,1.01476e-12
9283,1.0113e-12
9284,1.00778e-12
9285,1.00459e-12
9286,1.00145e-12
9287,9.98668e-13
9288,9.95652e-13
9289,9.92616e-13
9290,9.89661e-13
9291,9.86376e-13
9292,9.83396e-13
9293,9.80083e-13
9294,9.77333e-13
9295,9.74525e-13
9296,9.71801e-13
9297,9.68839e-13
9298,9.66137e-13
9299,9.62942e-13
9300,9.59816e-13
9301,9.56992e-13
9302,9.54363e-13
9303,9.51346e-13
9304,9.48408e-13
9305,9.45401e-13
9306,9.42335e-13
9307,9.39609e-13
9308,9.36996e-13
9309,9.34266e-13
9310,9.31595e-13
9311,9.29105e-13
9312,9.26579e-13
9313,9.23536e-13
9314,9.21079e-13
9315,9.18575e-13
9316,9.15788e-13
9317,9.1295e-13
9318,9.1035e-13
9319,9.07857e-13
9320,9.05359e-13
9321,9.02541e-13
9322,9.00113e-13
9323,8.97374e-13
9324,8.94552e-13
9325,8.92023e-13
9326,8.89101e-13
9327,8.86133e-13
9328,8.83208e-13
9329,8.80799e-13
9330,8.77978e-13
9331,8.75279e-13
9332,8.72661e-13
9333,8.69743e-13
9334,8.67221e-13
9335,8.64905e-13
9336,8.62249e-13
9337,8.59914e-13
9338,8.57451e-13
9339,8.54689e-13
9340,8.52121e-13
9341,8.49486e-13
9342,8.46701e-13
9343,8.4409e-13
9344,8.41497e-13
9345,8.38741e-13
9346,8.36094e-13
9347,8.33787e-13
9348,8.31327e-13
9349,8.28598e-13
9350,8.26231e-13
9351,8.23707e-13
9352,8.21173e-13
9353,8.18814e-13
9354,8.1654e-13
9355,8.14242e-13
9356,8.11796e-13
9357,8.0959e-13
9358,8.07387e-13
9359,8.05076e-13
9360,8.02843e-13
9361,8.00214e-13
9362,7.97553e-13
9363,7.9504e-13
9364,7.92398e-13
9365,7.90198e-13
9366,7.87764e-13
9367,7.85367e-13
9368,7.83156e-13
9369,7.80574e-13
9370,7.78291e-13
9371,7.75861e-13
9372,7.73481e-13
9373,7.71327e-13
9374,7.69174e-13
9375,7.67076e-13
9376,7.65034e-13
9377,7.62595e-13
9378,7.60431e-13
9379,7.58179e-13
9380,7.55781e-13
9381,7.53495e-13
9382,7.5148e-13
9383,7.49348e-13
9384,7.46962e-13
9385,7.44867e-13
9386,7.42631e-13
9387,7.40506e-13
9388,7.38399e-13
9389,7.36132e-13
9390,7.33854e-13
9391,7.31665e-13
9392,7.29443e-13
9393,7.2727e-13
9394,7.25309e-13
9395,7.23191e-13
9396,7.20971e-13
9397,7.18691e-13
9398,7.16277e-13
9399,7.13912e-13
9400,7.11658e-13
9401,7.09627e-13
9402,7.07518e-13
9403,7.05549e-13
9404,7.03472e-13
9405,7.01277e-13
9406,6.99267e-13
9407,6.972e-13
9408,6.95109e-13
9409,6.93006e-13
9410,6.90723e-13
9411,6.88783e-13
9412,6.86492e-13
9413,6.84175e-13
9414,6.82098e-13
9415,6.79906e-13
9416,6.78053e-13
9417,6.75817e-13
9418,6.73998e-13
9419,6.7205e-13
9420,6.69993e-13
9421,6.67901e-13
9422,6.65728e-13
9423,6.63902e-13
9424,6.62106e-13
9425,6.59983e-13
9426,6.57967e-13
9427,6.55902e-13
9428,6.53897e-13
9429,6.51949e-13
9430,6.50005e-13
9431,6.48203e-13
9432,6.4618e-13
9433,6.44023e-13
9434,6.42138e-13
9435,6.40376e-13
9436,6.38436e-13
9437,6.36456e-13
9438,6.34501e-13
9439,6.32794e-13
9440,6.31063e-13
9441,6.29206e-13
9442,6.2743e-13
9443,6.25715e-13
9444,6.23917e-13
9445,6.21956e-13
9446,6.19893e-13
9447,6.1804e-13
9448,6.16096e-13
9449,6.14032e-13
9450,6.12017e-13
9451,6.10265e-13
9452,6.08412e-13
9453,6.06543e-13
9454,6.04765e-13
9455,6.02893e-13
9456,6.01104e-13
9457,5.99128e-13
9458,5.97403e-13
9459,5.95425e-13
9460,5.93689e-13
9461,5.91807e-13
9462,5.90185e-13
9463,5.88608e-13
9464,5.86802e-13
9465,5.8505e-13
9466,5.83434e-13
9467,5.81804e-13
9468,5.80235e-13
9469,5.78429e-13
9470,5.76783e-13
9471,5.7518e-13
9472,5.73598e-13
9473,5.71889e-13
9474,5.70249e-13
9475,5.6855e-13
9476,5.6696e-13
9477,5.65388e-13
9478,5.63552e-13
9479,5.6167e-13
9480,5.60135e-13
9481,5.58403e-13
9482,5.56862e-13
9483,5.55144e-13
9484,5.53572e-13
9485,5.51908e-13
9486,5.50332e-13
9487,5.48624e-13
9488,5.47002e-13
9489,5.45332e-13
9490,5.43641e-13
9491,5.41902e-13
9492,5.40339e-13
9493,5.38635e-13
9494,5.36897e-13
9495,5.35078e-13
9496,5.33584e-13
9497,5.31843e-13
9498,5.30366e-13
9499,5.28876e-13
9500,5.27253e-13
9501,5.25693e-13
9502,5.24142e-13
9503,5.22469e-13
9504,5.20719e-13
9505,5.19037e-13
9506,5.17565e-13
9507,5.16153e-13
9508,5.14482e-13
9509,5.13066e-13
9510,5.11369e-13
9511,5.0961e-13
9512,5.07921e-13
9513,5.06519e-13
9514,5.04958e-13
9515,5.03604e-13
9516,5.02056e-13
9517,5.0038e-13
9518,4.98772e-13
9519,4.97424e-13
9520,4.95946e-13
9521,4.9452e-13
9522,4.92935e-13
9523,4.91327e-13
9524,4.90008e-13
9525,4.88532e-13
9526,4.86973e-13
9527,4.85601e-13
9528,4.84159e-13
9529,4.82562e-13
9530,4.81109e-13
9531,4.79801e-13
9532,4.78427e-13
9533,4.76871e-13
9534,4.75287e-13
9535,4.73935e-13
9536,4.72486e-13
9537,4.71199e-13
9538,4.69841e-13
9539,4.68434e-13
9540,4.67115e-13
9541,4.65766e-13
9542,4.64372e-13
9543,4.63129e-13
9544,4.61755e-13
9545,4.60483e-13
9546,4.59238e-13
9547,4.57975e-13
9548,4.56737e-13
9549,4.55294e-13
9550,4.54009e-13
9551,4.52628e-13
9552,4.51392e-13
9553,4.50187e-13
9554,4.48884e-13
9555,4.47646e-13
9556,4.46282e-13
9557,4.45056e-13
9558,4.43766e-13
9559,4.42566e-13
9560,4.4138e-13
9561,4.39973e-13
9562,4.38745e-13
9563,4.37471e-13
9564,4.36092e-13
9565,4.34921e-13
9566,4.33591e-13
9567,4.32339e-13
9568,4.31148e-13
9569,4.30006e-13
9570,4.28642e-13
9571,4.27377e-13
9572,4.26136e-13
9573,4.24909e-13
9574,4.23655e-13
9575,4.22274e-13
9576,4.20994e-13
9577,4.19717e-13
9578,4.18596e-13
9579,4.17333e-13
9580,4.16128e-13
9581,4.1495e-13
9582,4.13804e-13
9583,4.12586e-13
9584,4.11404e-13
9585,4.10156e-13
9586,4.08886e-13
9587,4.07524e-13
9588,4.06215e-13
9589,4.05136e-13
9590,4.04061e-13
9591,4.02796e-13
9592,4.01469e-13
9593,4.00341e-13
9594,3.99238e-13
9595,3.98025e-13
9596,3.96894e-13
9597,3.95625e-13
9598,3.94295e-13
9599,3.93113e-13
9600,3.91841e-13
9601,3.90568e-13
9602,3.89277e-13
9603,3.88186e-13
9604,3.87128e-13
9605,3.86029e-13
9606,3.84989e-13
9607,3.83816e-13
9608,3.82564e-13
9609,3.81516e-13
9610,3.80454e-13
9611,3.794e-13
9612,3.78296e-13
9613,3.77191e-13
9614,3.7602e-13
9615,3.74823e-13
9616,3.73552e-13
9617,3.72475e-13
9618,3.71321e-13
9619,3.70147e-13
9620,3.69078e-13
9621,3.67928e-13
9622,3.66822e-13
9623,3.658e-13
9624,3.64612e-13
9625,3.6346e-13
9626,3.62276e-13
9627,3.61264e-13
9628,3.60192e-13
9629,3.59045e-13
9630,3.57919e-13
9631,3.56885e-13
9632,3.55805e-13
9633,3.54734e-13
9634,3.53658e-13
9635,3.52545e-13
9636,3.51393e-13
9637,3.50289e-13
9638,3.49275e-13
9639,3.48185e-13
9640,3.47063e-13
9641,3.45993e-13
9642,3.44849e-13
9643,3.43884e-13
9644,3.42978e-13
9645,3.41948e-13
9646,3.40814e-13
9647,3.39917e-13
9648,3.38828e-13
9649,3.37772e-13
9650,3.36702e-13
9651,3.35752e-13
9652,3.34793e-13
9653,3.33861e-13
9654,3.32878e-13
9655,3.3194e-13
9656,3.30864e-13
9657,3.29915e-13
9658,3.28939e-13
9659,3.27976e-13
9660,3.27093e-13
9661,3.26202e-13
9662,3.2518e-13
9663,3.24162e-13
9664,3.23143e-13
9665,3.22211e-13
9666,3.21279e-13
9667,3.20315e-13
9668,3.19472e-13
9669,3.18483e-13
9670,3.17586e-13
9671,3.1658e-13
9672,3.15665e-13
9673,3.14796e-13
9674,3.13964e-13
9675,3.13069e-13
9676,3.12077e-13
9677,3.11259e-13
9678,3.10369e-13
9679,3.09403e-13
9680,3.08442e-13
9681,3.07607e-13
9682,3.06605e-13
9683,3.05801e-13
9684,3.04932e-13
9685,3.04035e-13
9686,3.03178e-13
9687,3.02327e-13
9688,3.01374e-13
9689,3.00406e-13
9690,2.99452e-13
9691,2.98464e-13
9692,2.97457e-13
9693,2.96555e-13
9694,2.95654e-13
9695,2.94739e-13
9696,2.93777e-13
9697,2.92782e-13
9698,2.91965e-13
9699,2.91028e-13
9700,2.90099e-13
9701,2.89232e-13
9702,2.88328e-13
9703,2.87551e-13
9704,2.86671e-13
9705,2.85762e-13
9706,2.84909e-13
9707,2.84062e-13
9708,2.83164e-13
9709,2.82234e-13
9710,2.81444e-13
9711,2.80628e-13
9712,2.79893e-13
9713,2.79121e-13
9714,2.7831e-13
9715,2.77509e-13
9716,2.76647e-13
9717,2.75772e-13
9718,2.74909e-13
9719,2.74083e-13
9720,2.73261e-13
9721,2.72467e-13
9722,2.71673e-13
9723,2.70868e-13
9724,2.69981e-13
9725,2.69269e-13
9726,2.68537e-13
9727,2.67693e-13
9728,2.66989e-13
9729,2.66225e-13
9730,2.65399e-13
9731,2.64549e-13
9732,2.63676e-13
9733,2.62894e-13
9734,2.62037e-13
9735,2.61229e-13
9736,2.60505e-13
9737,2.59753e-13
9738,2.59054e-13
9739,2.58379e-13
9740,2.57654e-13
9741,2.56918e-13
9742,2.5617e-13
9743,2.5544e-13
9744,2.54666e-13
9745,2.53835e-13
9746,2.53025e-13
9747,2.52296e-13
9748,2.51524e-13
9749,2.50787e-13
9750,2.49975e-13
9751,2.49282e-13
9752,2.48489e-13
9753,2.47775e-13
9754,2.47004e-13
9755,2.46209e-13
9756,2.45491e-13
9757,2.44693e-13
9758,2.4393e-13
9759,2.43213e-13
9760,2.42521e-13
9761,2.41823e-13
9762,2.4115e-13
9763,2.40481e-13
9764,2.39716e-13
9765,2.39056e-13
9766,2.38294e-13
9767,2.37654e-13
9768,2.36939e-13
9769,2.36317e-13
9770,2.35684e-13
9771,2.35075e-13
9772,2.34403e-13
9773,2.33697e-13
9774,2.33031e-13
9775,2.32415e-13
9776,2.31734e-13
9777,2.31114e-13
9778,2.30448e-13
9779,2.29817e-13
9780,2.29133e-13
9781,2.28479e-13
9782,2.27816e-13
9783,2.27151e-13
9784,2.26444e-13
9785,2.25822e-13
9786,2.2519e-13
9787,2.24581e-13
9788,2.23978e-13
9789,2.23396e-13
9790,2.22729e-13
9791,2.2207e-13
9792,2.21427e-13
9793,2.20712e-13
9794,2.20003e-13
9795,2.19377e-13
9796,2.18788e-13
9797,2.18122e-13
9798,2.17484e-13
9799,2.16798e-13
9800,2.16112e-13
9801,2.15451e-13
9802,2.14767e-13
9803,2.14177e-13
9804,2.13589e-13
9805,2.13012e-13
9806,2.12421e-13
9807,2.1176e-13
9808,2.11163e-13
9809,2.10508e-13
9810,2.09961e-13
9811,2.09299e-13
9812,2.08735e-13
9813,2.0813e-13
9814,2.07534e-13
9815,2.06869e-13
9816,2.06222e-13
9817,2.05575e-13
9818,2.05029e-13
9819,2.04386e-13
9820,2.0374e-13
9821,2.03098e-13
9822,2.02511e-13
9823,2.01959e-13
9824,2.01346e-13
9825,2.00794e-13
9826,2.00202e-13
9827,1.99565e-13
9828,1.98905e-13
9829,1.98385e-13
9830,1.9779e-13
9831,1.97176e-13
9832,1.96568e-13
9833,1.95989e-13
9834,1.95351e-13
9835,1.94704e-13
9836,1.94096e-13
9837,1.93556e-13
9838,1.92961e-13
9839,1.92462e-13
9840,1.9196e-13
9841,1.91372e-13
9842,1.90746e-13
9843,1.90222e-13
9844,1.89696e-13
9845,1.89163e-13
9846,1.88657e-13
9847,1.8817e-13
9848,1.87673e-13
9849,1.87159e-13
9850,1.86567e-13
9851,1.8596e-13
9852,1.85476e-13
9853,1.84962e-13
9854,1.84471e-13
9855,1.83909e-13
9856,1.83361e-13
9857,1.82797e-13
9858,1.82244e-13
9859,1.81705e-13
9860,1.8114e-13
9861,1.80633e-13
9862,1.80135e-13
9863,1.79618e-13
9864,1.79056e-13
9865,1.78561e-13
9866,1.78054e-13
9867,1.77534e-13
9868,1.7701e-13
9869,1.76534e-13
9870,1.76018e-13
9871,1.7549e-13
9872,1.74917e-13
9873,1.74398e-13
9874,1.73844e-13
9875,1.73362e-13
9876,1.72815e-13
9877,1.72369e-13
9878,1.71895e-13
9879,1.71453e-13
9880,1.70981e-13
9881,1.70518e-13
9882,1.69979e-13
9883,1.69497e-13
9884,1.68999e-13
9885,1.68558e-13
9886,1.68114e-13
9887,1.67669e-13
9888,1.67156e-13
9889,1.66636e-13
9890,1.66125e-13
9891,1.65631e-13
9892,1.65199e-13
9893,1.64675e-13
9894,1.64249e-13
9895,1.63738e-13
9896,1.63288e-13
9897,1.62821e-13
9898,1.62356e-13
9899,1.6185e-13
9900,1.61359e-13
9901,1.60946e-13
9902,1.6049e-13
9903,1.60012e-13
9904,1.59543e-13
9905,1.59099e-13
9906,1.58596e-13
9907,1.5814e-13
9908,1.57696e-13
9909,1.5727e-13
9910,1.56823e-13
9911,1.5635e-13
9912,1.55899e-13
9913,1.5546e-13
9914,1.55058e-13
9915,1.54661e-13
9916,1.54222e-13
9917,1.53809e-13
9918,1.53401e-13
9919,1.52984e-13
9920,1.525e-13
9921,1.52013e-13
9922,1.51528e-13
9923,1.51139e-13
9924,1.50676e-13
9925,1.50194e-13
9926,1.49704e-13
9927,1.49311e-13
9928,1.48898e-13
9929,1.48481e-13
9930,1.48011e-13
9931,1.47522e-13
9932,1.47101e-13
9933,1.46688e-13
9934,1.46253e-13
9935,1.45785e-13
9936,1.45333e-13
9937,1.44906e-13
9938,1.44501e-13
9939,1.44125e-13
9940,1.43689e-13
9941,1.4324e-13
9942,1.42792e-13
9943,1.42405e-13
9944,1.42026e-13
9945,1.41588e-13
9946,1.41203e-13
9947,1.40783e-13
9948,1.40422e-13
9949,1.4003e-13
9950,1.39588e-13
9951,1.39129e-13
9952,1.38747e-13
9953,1.38326e-13
9954,1.37973e-13
9955,1.37614e-13
9956,1.3721e-13
9957,1.36769e-13
9958,1.36402e-13
9959,1.35968e-13
9960,1.35589e-13
9961,1.35234e-13
9962,1.34806e-13
9963,1.34391e-13
9964,1.34e-13
9965,1.33603e-13
9966,1.33203e-13
9967,1.32844e-13
9968,1.32494e-13
9969,1.32076e-13
9970,1.31709e-13
9971,1.31295e-13
9972,1.30885e-13
9973,1.30543e-13
9974,1.30201e-13
9975,1.29792e-13
9976,1.29371e-13
9977,1.29006e-13
9978,1.28625e-13
9979,1.2821e-13
9980,1.27809e-13
9981,1.27433e-13
9982,1.27024e-13
9983,1.26701e-13
9984,1.26357e-13
9985,1.25957e-13
9986,1.25627e-13
9987,1.25235e-13
9988,1.24833e-13
9989,1.24488e-13
9990,1.24096e-13
9991,1.2376e-13
9992,1.23414e-13
9993,1.23026e-13
9994,1.22627e-13
9995,1.22229e-13
9996,1.21872e-13
9997,1.21514e-13
9998,1.21195e-13
9999,1.20839e-13
10000,1.20486e-13
10001,1.20143e-13
10002,1.19794e-13
10003,1.19464e-13
10004,1.19119e-13
10005,1.18762e-13
10006,1.18438e-13
10007,1.18101e-13
10008,1.178e-13
10009,1.17437e-13
10010,1.17102e-13
10011,1.16743e-13
10012,1.16411e-13
10013,1.16085e-13
10014,1.1573e-13
10015,1.15377e-13
10016,1.15055e-13
10017,1.14695e-13
10018,1.14351e-13
10019,1.14041e-13
10020,1.13739e-13
10021,1.13412e-13
10022,1.13087e-13
10023,1.12756e-13
10024,1.12436e-13
10025,1.1212e-13
10026,1.118e-13
10027,1.11446e-13
10028,1.11081e-13
10029,1.10748e-13
10030,1.10423e-13
10031,1.10102e-13
10032,1.09822e-13
10033,1.09537e-13
10034,1.09203e-13
10035,1.08883e-13
10036,1.08549e-13
10037,1.08265e-13
10038,1.07923e-13
10039,1.07587e-13
10040,1.07234e-13
10041,1.06927e-13
10042,1.06616e-13
10043,1.06316e-13
10044,1.05989e-13
10045,1.05695e-13
10046,1.05421e-13
10047,1.05144e-13
10048,1.04864e-13
10049,1.04551e-13
10050,1.04256e-13
10051,1.03966e-13
10052,1.03687e-13
10053,1.03366e-13
10054,1.03033e-13
10055,1.0272e-13
10056,1.0244e-13
10057,1.02153e-13
10058,1.01855e-13
10059,1.0158e-13
10060,1.01258e-13
10061,1.00992e-13
10062,1.00689e-13
10063,1.00361e-13
10064,1.0009e-13
10065,9.97994e-14
10066,9.95099e-14
10067,9.91908e-14
10068,9.88883e-14
10069,9.86002e-14
10070,9.83002e-14
10071,9.80043e-14
10072,9.76894e-14
10073,9.74222e-14
10074,9.71726e-14
10075,9.68819e-14
10076,9.65964e-14
10077,9.63432e-14
10078,9.60453e-14
10079,9.57472e-14
10080,9.54462e-14
10081,9.51846e-14
10082,9.49354e-14
10083,9.46922e-14
10084,9.44446e-14
10085,9.42022e-14
10086,9.39236e-14
10087,9.36596e-14
10088,9.33943e-14
10089,9.3142e-14
10090,9.28685e-14
10091,9.2606e-14
10092,9.23486e-14
10093,9.20925e-14
10094,9.18345e-14
10095,9.15667e-14
10096,9.12755e-14
10097,9.09803e-14
10098,9.07128e-14
10099,9.04453e-14
10100,9.01888e-14
10101,8.99452e-14
10102,8.97039e-14
10103,8.94558e-14
10104,8.91995e-14
10105,8.89574e-14
10106,8.87266e-14
10107,8.84981e-14
10108,8.82533e-14
10109,8.79728e-14
10110,8.76948e-14
10111,8.74604e-14
10112,8.72256e-14
10113,8.69518e-14
10114,8.67174e-14
10115,8.64777e-14
10116,8.62024e-14
10117,8.59253e-14
10118,8.56591e-14
10119,8.54159e-14
10120,8.51921e-14
10121,8.49578e-14
10122,8.46968e-14
10123,8.44525e-14
10124,8.41982e-14
10125,8.39724e-14
10126,8.37578e-14
10127,8.35145e-14
10128,8.32965e-14
10129,8.30568e-14
10130,8.28362e-14
10131,8.25985e-14
10132,8.2345e-14
10133,8.21125e-14
10134,8.1856e-14
10135,8.16325e-14
10136,8.13913e-14
10137,8.11302e-14
10138,8.09053e-14
10139,8.06463e-14
10140,8.03858e-14
10141,8.01748e-14
10142,7.99628e-14
10143,7.97535e-14
10144,7.95492e-14
10145,7.93292e-14
10146,7.91035e-14
10147,7.88487e-14
10148,7.86337e-14
10149,7.84248e-14
10150,7.82059e-14
10151,7.79887e-14
10152,7.77644e-14
10153,7.75566e-14
10154,7.73191e-14
10155,7.71127e-14
10156,7.68981e-14
10157,7.66601e-14
10158,7.64221e-14
10159,7.62012e-14
10160,7.59886e-14
10161,7.57488e-14
10162,7.55003e-14
10163,7.53015e-14
10164,7.50962e-14
10165,7.48645e-14
10166,7.46542e-14
10167,7.44184e-14
10168,7.41864e-14
10169,7.39615e-14
10170,7.37253e-14
10171,7.35012e-14
10172,7.3274e-14
10173,7.30851e-14
10174,7.2865e-14
10175,7.26389e-14
10176,7.24325e-14
10177,7.22382e-14
10178,7.20191e-14
10179,7.18029e-14
10180,7.16012e-14
10181,7.14123e-14
10182,7.11868e-14
10183,7.09594e-14
10184,7.07618e-14
10185,7.05453e-14
10186,7.03648e-14
10187,7.01563e-14
10188,6.99486e-14
10189,6.97325e-14
10190,6.95481e-14
10191,6.933e-14
10192,6.91187e-14
10193,6.89379e-14
10194,6.87608e-14
10195,6.85456e-14
10196,6.83242e-14
10197,6.81301e-14
10198,6.79174e-14
10199,6.77109e-14
10200,6.75376e-14
10201,6.73353e-14
10202,6.71496e-14
10203,6.69449e-14
10204,6.67372e-14
10205,6.65655e-14
10206,6.63745e-14
10207,6.61988e-14
10208,6.60206e-14
10209,6.58412e-14
10210,6.56407e-14
10211,6.54457e-14
10212,6.52611e-14
10213,6.50632e-14
10214,6.48774e-14
10215,6.46817e-14
10216,6.4495e-14
10217,6.43115e-14
10218,6.41324e-14
10219,6.39672e-14
10220,6.37971e-14
10221,6.36155e-14
10222,6.3412e-14
10223,6.321e-14
10224,6.30226e-14
10225,6.28185e-14
10226,6.26213e-14
10227,6.24409e-14
10228,6.22674e-14
10229,6.20841e-14
10230,6.19221e-14
10231,6.17511e-14
10232,6.15813e-14
10233,6.14095e-14
10234,6.12499e-14
10235,6.10918e-14
10236,6.09216e-14
10237,6.07428e-14
10238,6.05805e-14
10239,6.04031e-14
10240,6.02143e-14
10241,6.00194e-14
10242,5.98596e-14
10243,5.96998e-14
10244,5.9524e-14
10245,5.93489e-14
10246,5.9162e-14
10247,5.90084e-14
10248,5.88225e-14
10249,5.86646e-14
10250,5.85118e-14
10251,5.83581e-14
10252,5.81862e-14
10253,5.79961e-14
10254,5.78062e-14
10255,5.7652e-14
10256,5.74694e-14
10257,5.72937e-14
10258,5.71235e-14
10259,5.69668e-14
10260,5.68125e-14
10261,5.66439e-14
10262,5.64759e-14
10263,5.63111e-14
10264,5.61289e-14
10265,5.59581e-14
10266,5.57933e-14
10267,5.56378e-14
10268,5.54888e-14
10269,5.53225e-14
10270,5.51456e-14
10271,5.49635e-14
10272,5.47979e-14
10273,5.46177e-14
10274,5.44724e-14
10275,5.43272e-14
10276,5.41693e-14
10277,5.39946e-14
10278,5.3848e-14
10279,5.36936e-14
10280,5.35521e-14
10281,5.34062e-14
10282,5.32498e-14
10283,5.30871e-14
10284,5.29417e-14
10285,5.279e-14
10286,5.26247e-14
10287,5.24831e-14
10288,5.23451e-14
10289,5.21986e-14
10290,5.20503e-14
10291,5.19059e-14
10292,5.1739e-14
10293,5.15677e-14
10294,5.14031e-14
10295,5.12349e-14
10296,5.10805e-14
10297,5.09383e-14
10298,5.07999e-14
10299,5.06454e-14
10300,5.04798e-14
10301,5.03467e-14
10302,5.01959e-14
10303,5.00484e-14
10304,4.9917e-14
10305,4.97642e-14
10306,4.96124e-14
10307,4.94633e-14
10308,4.93107e-14
10309,4.91536e-14
10310,4.90256e-14
10311,4.88752e-14
10312,4.87471e-14
10313,4.86038e-14
10314,4.84625e-14
10315,4.83281e-14
10316,4.82031e-14
10317,4.80706e-14
10318,4.7933e-14
10319,4.78065e-14
10320,4.76643e-14
10321,4.75134e-14
10322,4.73773e-14
10323,4.72362e-14
10324,4.70884e-14
10325,4.69618e-14
10326,4.68259e-14
10327,4.66947e-14
10328,4.65607e-14
10329,4.64185e-14
10330,4.62978e-14
10331,4.61676e-14
10332,4.60247e-14
10333,4.58827e-14
10334,4.57348e-14
10335,4.55877e-14
10336,4.54544e-14
10337,4.5321e-14
10338,4.51913e-14
10339,4.50703e-14
10340,4.49446e-14
10341,4.48159e-14
10342,4.46719e-14
10343,4.45438e-14
10344,4.43985e-14
10345,4.42708e-14
10346,4.41369e-14
10347,4.39912e-14
10348,4.38553e-14
10349,4.37402e-14
10350,4.36252e-14
10351,4.35054e-14
10352,4.33681e-14
10353,4.32417e-14
10354,4.3105e-14
10355,4.29732e-14
10356,4.2844e-14
10357,4.27241e-14
10358,4.25868e-14
10359,4.24441e-14
10360,4.23011e-14
10361,4.21593e-14
10362,4.20384e-14
10363,4.19087e-14
10364,4.1781e-14
10365,4.16666e-14
10366,4.15442e-14
10367,4.14351e-14
10368,4.13096e-14
10369,4.11752e-14
10370,4.10628e-14
10371,4.09294e-14
10372,4.08131e-14
10373,4.0705e-14
10374,4.05901e-14
10375,4.04767e-14
10376,4.03597e-14
10377,4.02275e-14
10378,4.01145e-14
10379,4.00085e-14
10380,3.9904e-14
10381,3.97922e-14
10382,3.96805e-14
10383,3.95541e-14
10384,3.94287e-14
10385,3.93226e-14
10386,3.9208e-14
10387,3.90977e-14
10388,3.89854e-14
10389,3.8873e-14
10390,3.87644e-14
10391,3.8654e-14
10392,3.85444e-14
10393,3.84278e-14
10394,3.83257e-14
10395,3.82028e-14
10396,3.80794e-14
10397,3.79628e-14
10398,3.78363e-14
10399,3.77227e-14
10400,3.7611e-14
10401,3.75088e-14
10402,3.73991e-14
10403,3.72805e-14
10404,3.71768e-14
10405,3.70591e-14
10406,3.69599e-14
10407,3.68477e-14
10408,3.67298e-14
10409,3.66239e-14
10410,3.65099e-14
10411,3.6392e-14
10412,3.6278e-14
10413,3.61823e-14
10414,3.60719e-14
10415,3.59666e-14
10416,3.58688e-14
10417,3.5771e-14
10418,3.56606e-14
10419,3.55528e-14
10420,3.54449e-14
10421,3.53522e-14
10422,3.52395e-14
10423,3.51224e-14
10424,3.50133e-14
10425,3.48959e-14
10426,3.47801e-14
10427,3.46772e-14
10428,3.45722e-14
10429,3.446e-14
10430,3.43451e-14
10431,3.42531e-14
10432,3.4163e-14
10433,3.40646e-14
10434,3.39547e-14
10435,3.38592e-14
10436,3.37647e-14
10437,3.36542e-14
10438,3.35418e-14
10439,3.3452e-14
10440,3.33572e-14
10441,3.32551e-14
10442,3.3146e-14
10443,3.30587e-14
10444,3.29577e-14
10445,3.28568e-14
10446,3.276e-14
10447,3.26546e-14
10448,3.25491e-14
10449,3.24596e-14
10450,3.23658e-14
10451,3.22725e-14
10452,3.2184e-14
10453,3.20927e-14
10454,3.20018e-14
10455,3.19006e-14
10456,3.1809e-14
10457,3.17214e-14
10458,3.16334e-14
10459,3.15311e-14
10460,3.14468e-14
10461,3.13611e-14
10462,3.12789e-14
10463,3.1195e-14
10464,3.11015e-14
10465,3.09999e-14
10466,3.091e-14
10467,3.08106e-14
10468,3.0709e-14
10469,3.06215e-14
10470,3.05218e-14
10471,3.04364e-14
10472,3.03374e-14
10473,3.02379e-14
10474,3.01527e-14
10475,3.00605e-14
10476,2.99716e-14
10477,2.98782e-14
10478,2.97887e-14
10479,2.97052e-14
10480,2.96099e-14
10481,2.95114e-14
10482,2.94189e-14
10483,2.93406e-14
10484,2.92589e-14
10485,2.91634e-14
10486,2.90673e-14
10487,2.89775e-14
10488,2.88981e-14
10489,2.88205e-14
10490,2.87353e-14
10491,2.86552e-14
10492,2.85749e-14
10493,2.84899e-14
10494,2.84084e-14
10495,2.83171e-14
10496,2.82336e-14
10497,2.81457e-14
10498,2.80567e-14
10499,2.79765e-14
10500,2.78843e-14
10501,2.77967e-14
10502,2.77125e-14
10503,2.76211e-14
10504,2.75377e-14
10505,2.74497e-14
10506,2.73656e-14
10507,2.72745e-14
10508,2.71922e-14
10509,2.71193e-14
10510,2.70445e-14
10511,2.69669e-14
10512,2.68777e-14
10513,2.67889e-14
10514,2.67096e-14
10515,2.66347e-14
10516,2.65502e-14
10517,2.64748e-14
10518,2.63901e-14
10519,2.63011e-14
10520,2.62239e-14
10521,2.61484e-14
10522,2.60761e-14
10523,2.59964e-14
10524,2.59111e-14
10525,2.58322e-14
10526,2.57547e-14
10527,2.56812e-14
10528,2.56098e-14
10529,2.55387e-14
10530,2.54609e-14
10531,2.53902e-14
10532,2.53086e-14
10533,2.52389e-14
10534,2.51704e-14
10535,2.5098e-14
10536,2.50156e-14
10537,2.49359e-14
10538,2.4864e-14
10539,2.4791e-14
10540,2.47122e-14
10541,2.46369e-14
10542,2.45576e-14
10543,2.44783e-14
10544,2.44064e-14
10545,2.43382e-14
10546,2.42738e-14
10547,2.42068e-14
10548,2.41349e-14
10549,2.40565e-14
10550,2.39899e-14
10551,2.39126e-14
10552,2.38454e-14
10553,2.37767e-14
10554,2.37052e-14
10555,2.36408e-14
10556,2.35646e-14
10557,2.35018e-14
10558,2.34334e-14
10559,2.33696e-14
10560,2.33039e-14
10561,2.32417e-14
10562,2.31756e-14
10563,2.31121e-14
10564,2.3048e-14
10565,2.29802e-14
10566,2.29111e-14
10567,2.28479e-14
10568,2.27852e-14
10569,2.27123e-14
10570,2.26417e-14
10571,2.25661e-14
10572,2.24993e-14
10573,2.24332e-14
10574,2.23628e-14
10575,2.22903e-14
10576,2.22202e-14
10577,2.21492e-14
10578,2.20906e-14
10579,2.203e-14
10580,2.19631e-14
10581,2.19022e-14
10582,2.18437e-14
10583,2.17743e-14
10584,2.17076e-14
10585,2.16408e-14
10586,2.15684e-14
10587,2.15034e-14
10588,2.14366e-14
10589,2.13739e-14
10590,2.13085e-14
10591,2.12379e-14
10592,2.11743e-14
10593,2.11043e-14
10594,2.10473e-14
10595,2.09828e-14
10596,2.09213e-14
10597,2.08571e-14
10598,2.07893e-14
10599,2.07253e-14
10600,2.06633e-14
10601,2.0602e-14
10602,2.05402e-14
10603,2.04729e-14
10604,2.04047e-14
10605,2.03471e-14
10606,2.02838e-14
10607,2.02222e-14
10608,2.01544e-14
10609,2.00897e-14
10610,2.00257e-14
10611,1.99639e-14
10612,1.98979e-14
10613,1.98332e-14
10614,1.97742e-14
10615,1.97154e-14
10616,1.96581e-14
10617,1.96008e-14
10618,1.95362e-14
10619,1.94843e-14
10620,1.94231e-14
10621,1.93639e-14
10622,1.92993e-14
10623,1.92447e-14
10624,1.91876e-14
10625,1.91365e-14
10626,1.9075e-14
10627,1.90116e-14
10628,1.89517e-14
10629,1.88909e-14
10630,1.88345e-14
10631,1.87831e-14
10632,1.8731e-14
10633,1.86695e-14
10634,1.862e-14
10635,1.85698e-14
10636,1.85183e-14
10637,1.84607e-14
10638,1.84032e-14
10639,1.83521e-14
10640,1.82984e-14
10641,1.82457e-14
10642,1.81878e-14
10643,1.81351e-14
10644,1.80858e-14
10645,1.80355e-14
10646,1.79782e-14
10647,1.7924e-14
10648,1.78688e-14
10649,1.78117e-14
10650,1.77576e-14
10651,1.77055e-14
10652,1.76551e-14
10653,1.76027e-14
10654,1.75483e-14
10655,1.74917e-14
10656,1.74386e-14
10657,1.73857e-14
10658,1.73312e-14
10659,1.72834e-14
10660,1.72344e-14
10661,1.71873e-14
10662,1.71388e-14
10663,1.70877e-14
10664,1.70412e-14
10665,1.6993e-14
10666,1.69412e-14
10667,1.68925e-14
10668,1.68478e-14
10669,1.68009e-14
10670,1.67508e-14
10671,1.67013e-14
10672,1.66504e-14
10673,1.6603e-14
10674,1.65503e-14
10675,1.64978e-14
10676,1.6448e-14
10677,1.63975e-14
10678,1.63519e-14
10679,1.63075e-14
10680,1.62609e-14
10681,1.621e-14
10682,1.61609e-14
10683,1.61107e-14
10684,1.60658e-14
10685,1.60217e-14
10686,1.59749e-14
10687,1.59248e-14
10688,1.58744e-14
10689,1.5831e-14
10690,1.57804e-14
10691,1.57387e-14
10692,1.56946e-14
10693,1.56517e-14
10694,1.56052e-14
10695,1.55599e-14
10696,1.55141e-14
10697,1.5472e-14
10698,1.54242e-14
10699,1.53783e-14
10700,1.5334e-14
10701,1.52915e-14
10702,1.5242e-14
10703,1.51909e-14
10704,1.51449e-14
10705,1.50975e-14
10706,1.50506e-14
10707,1.49999e-14
10708,1.4957e-14
10709,1.49093e-14
10710,1.48688e-14
10711,1.48236e-14
10712,1.47788e-14
10713,1.47332e-14
10714,1.46915e-14
10715,1.46456e-14
10716,1.45984e-14
10717,1.45521e-14
10718,1.45091e-14
10719,1.44658e-14
10720,1.44193e-14
10721,1.43781e-14
10722,1.43353e-14
10723,1.42969e-14
10724,1.42554e-14
10725,1.42177e-14
10726,1.41763e-14
10727,1.41305e-14
10728,1.4092e-14
10729,1.40537e-14
10730,1.40139e-14
10731,1.39726e-14
10732,1.39326e-14
10733,1.3894e-14
10734,1.38539e-14
10735,1.38096e-14
10736,1.3764e-14
10737,1.37169e-14
10738,1.36718e-14
10739,1.36343e-14
10740,1.35911e-14
10741,1.35461e-14
10742,1.35024e-14
10743,1.34633e-14
10744,1.3423e-14
10745,1.33781e-14
10746,1.33423e-14
10747,1.33046e-14
10748,1.32634e-14
10749,1.32238e-14
10750,1.31816e-14
10751,1.31419e-14
10752,1.31002e-14
10753,1.3063e-14
10754,1.30237e-14
10755,1.29879e-14
10756,1.29513e-14
10757,1.29086e-14
10758,1.28644e-14
10759,1.28263e-14
10760,1.27917e-14
10761,1.27555e-14
10762,1.27145e-14
10763,1.2677e-14
10764,1.26392e-14
10765,1.26039e-14
10766,1.2569e-14
10767,1.25328e-14
10768,1.24979e-14
10769,1.24568e-14
10770,1.24191e-14
10771,1.23862e-14
10772,1.23467e-14
10773,1.2312e-14
10774,1.22767e-14
10775,1.22411e-14
10776,1.22069e-14
10777,1.21716e-14
10778,1.21338e-14
10779,1.20937e-14
10780,1.20537e-14
10781,1.20176e-14
10782,1.19827e-14
10783,1.19462e-14
10784,1.19084e-14
10785,1.18687e-14
10786,1.18304e-14
10787,1.17901e-14
10788,1.17505e-14
10789,1.17126e-14
10790,1.16782e-14
10791,1.16394e-14
10792,1.16085e-14
10793,1.15762e-14
10794,1.15427e-14
10795,1.15082e-14
10796,1.14742e-14
10797,1.14393e-14
10798,1.14019e-14
10799,1.13659e-14
10800,1.13312e-14
10801,1.12984e-14
10802,1.12633e-14
10803,1.12301e-14
10804,1.11959e-14
10805,1.11662e-14
10806,1.11311e-14
10807,1.10951e-14
10808,1.10624e-14
10809,1.10296e-14
10810,1.09951e-14
10811,1.09641e-14
10812,1.09284e-14
10813,1.0899e-14
10814,1.08645e-14
10815,1.08306e-14
10816,1.07941e-14
10817,1.07608e-14
10818,1.07274e-14
10819,1.06922e-14
10820,1.06617e-14
10821,1.06334e-14
10822,1.05997e-14
10823,1.05693e-14
10824,1.05397e-14
10825,1.05104e-14
10826,1.0477e-14
10827,1.04438e-14
10828,1.04101e-14
10829,1.03772e-14
10830,1.03471e-14
10831,1.03174e-14
10832,1.02901e-14
10833,1.02628e-14
10834,1.02308e-14
10835,1.01992e-14
10836,1.01721e-14
10837,1.01417e-14
10838,1.01121e-14
10839,1.00824e-14
10840,1.00557e-14
10841,1.00286e-14
10842,9.99785e-15
10843,9.96469e-15
10844,9.93713e-15
10845,9.90775e-15
10846,9.8777e-15
10847,9.85059e-15
10848,9.82442e-15
10849,9.79734e-15
10850,9.77139e-15
10851,9.74371e-15
10852,9.71669e-15
10853,9.68551e-15
10854,9.65545e-15
10855,9.6268e-15
10856,9.6009e-15
10857,9.57302e-15
10858,9.54687e-15
10859,9.51635e-15
10860,9.49063e-15
10861,9.46259e-15
10862,9.43641e-15
10863,9.41085e-15
10864,9.38288e-15
10865,9.35192e-15
10866,9.32199e-15
10867,9.29347e-15
10868,9.26573e-15
10869,9.24055e-15
10870,9.21029e-15
10871,9.1825e-15
10872,9.15692e-15
10873,9.12884e-15
10874,9.10201e-15
10875,9.07566e-15
10876,9.05093e-15
10877,9.02134e-15
10878,8.99391e-15
10879,8.96915e-15
10880,8.94458e-15
10881,8.91787e-15
10882,8.89137e-15
10883,8.86566e-15
10884,8.83986e-15
10885,8.8161e-15
10886,8.7883e-15
10887,8.762e-15
10888,8.73583e-15
10889,8.70692e-15
10890,8.6817e-15
10891,8.65535e-15
10892,8.62982e-15
10893,8.60395e-15
10894,8.57703e-15
10895,8.54833e-15
10896,8.52275e-15
10897,8.49785e-15
10898,8.47248e-15
10899,8.44458e-15
10900,8.41891e-15
10901,8.39377e-15
10902,8.36921e-15
10903,8.34294e-15
10904,8.32017e-15
10905,8.29379e-15
10906,8.27139e-15
10907,8.24823e-15
10908,8.22213e-15
10909,8.19672e-15
10910,8.17259e-15
10911,8.1456e-15
10912,8.12326e-15
10913,8.09713e-15
10914,8.07389e-15
10915,8.04966e-15
10916,8.02289e-15
10917,8.00106e-15
10918,7.97995e-15
10919,7.95666e-15
10920,7.93543e-15
10921,7.91282e-15
10922,7.89183e-15
10923,7.86864e-15
10924,7.8432e-15
10925,7.81821e-15
10926,7.79505e-15
10927,7.7729e-15
10928,7.75183e-15
10929,7.72674e-15
10930,7.70511e-15
10931,7.68159e-15
10932,7.65905e-15
10933,7.63555e-15
10934,7.61351e-15
10935,7.59063e-15
10936,7.56825e-15
10937,7.54602e-15
10938,7.52194e-15
10939,7.50083e-15
10940,7.48092e-15
10941,7.46023e-15
10942,7.43973e-15
10943,7.41932e-15
10944,7.39933e-15
10945,7.37756e-15
10946,7.35449e-15
10947,7.33482e-15
10948,7.31276e-15
10949,7.28978e-15
10950,7.2678e-15
10951,7.24534e-15
10952,7.22604e-15
10953,7.20456e-15
10954,7.18501e-15
10955,7.16193e-15
10956,7.14172e-15
10957,7.1203e-15
10958,7.10063e-15
10959,7.08025e-15
10960,7.05932e-15
10961,7.03876e-15
10962,7.0154e-15
10963,6.99203e-15
10964,6.97355e-15
10965,6.95375e-15
10966,6.93349e-15
10967,6.91306e-15
10968,6.89117e-15
10969,6.87195e-15
10970,6.85077e-15
10971,6.82875e-15
10972,6.8086e-15
10973,6.78661e-15
10974,6.76373e-15
10975,6.74315e-15
10976,6.72383e-15
10977,6.70311e-15
10978,6.68268e-15
10979,6.66068e-15
10980,6.64125e-15
10981,6.62347e-15
10982,6.60375e-15
10983,6.58448e-15
10984,6.56439e-15
10985,6.54399e-15
10986,6.52537e-15
10987,6.50444e-15
10988,6.48636e-15
10989,6.46727e-15
10990,6.44933e-15
10991,6.42953e-15
10992,6.40853e-15
10993,6.39075e-15
10994,6.37164e-15
10995,6.35089e-15
10996,6.33165e-15
10997,6.31062e-15
10998,6.2924e-15
10999,6.2747e-15
11000,6.25753e-15
11001,6.23698e-15
11002,6.22034e-15
11003,6.20171e-15
11004,6.18166e-15
11005,6.1606e-15
11006,6.14401e-15
11007,6.12723e-15
11008,6.10849e-15
11009,6.08957e-15
11010,6.07328e-15
11011,6.05726e-15
11012,6.03863e-15
11013,6.0201e-15
11014,6.00245e-15
11015,5.98539e-15
11016,5.96865e-15
11017,5.95016e-15
11018,5.93388e-15
11019,5.91658e-15
11020,5.90035e-15
11021,5.8835e-15
11022,5.86765e-15
11023,5.85213e-15
11024,5.83479e-15
11025,5.81684e-15
11026,5.7977e-15
11027,5.78232e-15
11028,5.76498e-15
11029,5.74893e-15
11030,5.7327e-15
11031,5.71477e-15
11032,5.69887e-15
11033,5.6826e-15
11034,5.66648e-15
11035,5.65143e-15
11036,5.63537e-15
11037,5.6191e-15
11038,5.60357e-15
11039,5.58518e-15
11040,5.57045e-15
11041,5.55492e-15
11042,5.53663e-15
11043,5.51895e-15
11044,5.50088e-15
11045,5.48469e-15
11046,5.47024e-15
11047,5.45556e-15
11048,5.44089e-15
11049,5.42606e-15
11050,5.40996e-15
11051,5.39477e-15
11052,5.37881e-15
11053,5.36235e-15
11054,5.34718e-15
11055,5.3331e-15
11056,5.31828e-15
11057,5.30372e-15
11058,5.28966e-15
11059,5.27302e-15
11060,5.25768e-15
11061,5.24268e-15
11062,5.22694e-15
11063,5.21105e-15
11064,5.19487e-15
11065,5.17794e-15
11066,5.16188e-15
11067,5.14453e-15
11068,5.1301e-15
11069,5.11387e-15
11070,5.09668e-15
11071,5.08235e-15
11072,5.06885e-15
11073,5.05245e-15
11074,5.0355e-15
11075,5.0187e-15
11076,5.0041e-15
11077,4.98767e-15
11078,4.97078e-15
11079,4.95595e-15
11080,4.94262e-15
11081,4.92812e-15
11082,4.91278e-15
11083,4.89779e-15
11084,4.88464e-15
11085,4.8688e-15
11086,4.85384e-15
11087,4.83997e-15
11088,4.82688e-15
11089,4.81231e-15
11090,4.79925e-15
11091,4.78514e-15
11092,4.76947e-15
11093,4.75446e-15
11094,4.7418e-15
11095,4.72762e-15
11096,4.71351e-15
11097,4.69893e-15
11098,4.68468e-15
11099,4.66993e-15
11100,4.65612e-15
11101,4.64221e-15
11102,4.62689e-15
11103,4.61301e-15
11104,4.59936e-15
11105,4.58445e-15
11106,4.57117e-15
11107,4.5566e-15
11108,4.54183e-15
11109,4.52884e-15
11110,4.5162e-15
11111,4.50166e-15
11112,4.48716e-15
11113,4.47218e-15
11114,4.45884e-15
11115,4.44443e-15
11116,4.42977e-15
11117,4.41809e-15
11118,4.40607e-15
11119,4.39168e-15
11120,4.37806e-15
11121,4.36571e-15
11122,4.35291e-15
11123,4.33989e-15
11124,4.32564e-15
11125,4.31261e-15
11126,4.30103e-15
11127,4.2886e-15
11128,4.27694e-15
11129,4.26398e-15
11130,4.25242e-15
11131,4.23968e-15
11132,4.22817e-15
11133,4.21694e-15
11134,4.20578e-15
11135,4.19319e-15
11136,4.17944e-15
11137,4.16726e-15
11138,4.15522e-15
11139,4.14228e-15
11140,4.12934e-15
11141,4.11664e-15
11142,4.10405e-15
11143,4.09199e-15
11144,4.07976e-15
11145,4.06898e-15
11146,4.05761e-15
11147,4.04593e-15
11148,4.03523e-15
11149,4.02359e-15
11150,4.01206e-15
11151,3.9998e-15
11152,3.98737e-15
11153,3.97456e-15
11154,3.9637e-15
11155,3.95182e-15
11156,3.94068e-15
11157,3.92978e-15
11158,3.91693e-15
11159,3.90544e-15
11160,3.89293e-15
11161,3.88248e-15
11162,3.86992e-15
11163,3.85694e-15
11164,3.84646e-15
11165,3.83393e-15
11166,3.82235e-15
11167,3.81228e-15
11168,3.80147e-15
11169,3.78924e-15
11170,3.77721e-15
11171,3.76446e-15
11172,3.75317e-15
11173,3.74255e-15
11174,3.73169e-15
11175,3.71937e-15
11176,3.70873e-15
11177,3.69731e-15
11178,3.68669e-15
11179,3.67621e-15
11180,3.66641e-15
11181,3.65521e-15
11182,3.64312e-15
11183,3.63151e-15
11184,3.62074e-15
11185,3.61108e-15
11186,3.60099e-15
11187,3.58983e-15
11188,3.57971e-15
11189,3.56978e-15
11190,3.5602e-15
11191,3.55068e-15
11192,3.54071e-15
11193,3.53135e-15
11194,3.51984e-15
11195,3.50953e-15
11196,3.49788e-15
11197,3.48733e-15
11198,3.47718e-15
11199,3.4673e-15
11200,3.45737e-15
11201,3.44808e-15
11202,3.43838e-15
11203,3.42749e-15
11204,3.41755e-15
11205,3.40695e-15
11206,3.39608e-15
11207,3.38547e-15
11208,3.37574e-15
11209,3.36669e-15
11210,3.35577e-15
11211,3.34597e-15
11212,3.33545e-15
11213,3.32448e-15
11214,3.31555e-15
11215,3.30648e-15
11216,3.29578e-15
11217,3.28628e-15
11218,3.27569e-15
11219,3.26664e-15
11220,3.25689e-15
11221,3.24615e-15
11222,3.23702e-15
11223,3.22674e-15
11224,3.21592e-15
11225,3.20689e-15
11226,3.19807e-15
11227,3.1877e-15
11228,3.17757e-15
11229,3.16786e-15
11230,3.159e-15
11231,3.15061e-15
11232,3.14104e-15
11233,3.13163e-15
11234,3.12152e-15
11235,3.11091e-15
11236,3.1023e-15
11237,3.09295e-15
11238,3.0834e-15
11239,3.07416e-15
11240,3.06464e-15
11241,3.05527e-15
11242,3.0453e-15
11243,3.03639e-15
11244,3.02746e-15
11245,3.01752e-15
11246,3.00831e-15
11247,2.9996e-15
11248,2.9912e-15
11249,2.98255e-15
11250,2.97361e-15
11251,2.96414e-15
11252,2.95562e-15
11253,2.94632e-15
11254,2.9373e-15
11255,2.929e-15
11256,2.91938e-15
11257,2.90998e-15
11258,2.90191e-15
11259,2.893e-15
11260,2.88475e-15
11261,2.87637e-15
11262,2.8674e-15
11263,2.85786e-15
11264,2.84829e-15
11265,2.8396e-15
11266,2.83023e-15
11267,2.82264e-15
11268,2.81504e-15
11269,2.80665e-15
11270,2.79816e-15
11271,2.7893e-15
11272,2.78172e-15
11273,2.77368e-15
11274,2.76616e-15
11275,2.7579e-15
11276,2.75e-15
11277,2.74156e-15
11278,2.73252e-15
11279,2.72412e-15
11280,2.7169e-15
11281,2.70902e-15
11282,2.70128e-15
11283,2.69355e-15
11284,2.68615e-15
11285,2.67751e-15
11286,2.66923e-15
11287,2.66196e-15
11288,2.65386e-15
11289,2.64538e-15
11290,2.63683e-15
11291,2.62802e-15
11292,2.62074e-15
11293,2.61301e-15
11294,2.60459e-15
11295,2.59761e-15
11296,2.58911e-15
11297,2.58078e-15
11298,2.57375e-15
11299,2.56683e-15
11300,2.55961e-15
11301,2.55173e-15
11302,2.54347e-15
11303,2.53601e-15
11304,2.52924e-15
11305,2.52108e-15
11306,2.51264e-15
11307,2.50528e-15
11308,2.49769e-15
11309,2.48963e-15
11310,2.4813e-15
11311,2.4736e-15
11312,2.46666e-15
11313,2.45977e-15
11314,2.45178e-15
11315,2.44457e-15
11316,2.43793e-15
11317,2.43071e-15
11318,2.42341e-15
11319,2.41575e-15
11320,2.40889e-15
11321,2.40206e-15
11322,2.39468e-15
11323,2.38761e-15
11324,2.38003e-15
11325,2.37289e-15
11326,2.3658e-15
11327,2.3583e-15
11328,2.35169e-15
11329,2.34454e-15
11330,2.33695e-15
11331,2.3299e-15
11332,2.32333e-15
11333,2.31619e-15
11334,2.30861e-15
11335,2.30197e-15
11336,2.295e-15
11337,2.28765e-15
11338,2.28045e-15
11339,2.27422e-15
11340,2.26734e-15
11341,2.2604e-15
11342,2.25328e-15
11343,2.24593e-15
11344,2.23857e-15
11345,2.2316e-15
11346,2.22535e-15
11347,2.2181e-15
11348,2.21207e-15
11349,2.20518e-15
11350,2.19828e-15
11351,2.19187e-15
11352,2.18607e-15
11353,2.17988e-15
11354,2.17295e-15
11355,2.16593e-15
11356,2.15893e-15
11357,2.15275e-15
11358,2.1463e-15
11359,2.13912e-15
11360,2.13195e-15
11361,2.12573e-15
11362,2.11942e-15
11363,2.11362e-15
11364,2.10667e-15
11365,2.10056e-15
11366,2.09437e-15
11367,2.08803e-15
11368,2.08235e-15
11369,2.07671e-15
11370,2.07032e-15
11371,2.06377e-15
11372,2.05726e-15
11373,2.05124e-15
11374,2.04506e-15
11375,2.03893e-15
11376,2.03211e-15
11377,2.02553e-15
11378,2.01952e-15
11379,2.01406e-15
11380,2.00813e-15
11381,2.00271e-15
11382,1.99684e-15
11383,1.99088e-15
11384,1.98509e-15
11385,1.97949e-15
11386,1.97391e-15
11387,1.96851e-15
11388,1.9626e-15
11389,1.95632e-15
11390,1.95096e-15
11391,1.94525e-15
11392,1.93994e-15
11393,1.93406e-15
11394,1.92815e-15
11395,1.92288e-15
11396,1.91664e-15
11397,1.91156e-15
11398,1.90569e-15
11399,1.9006e-15
11400,1.89545e-15
11401,1.89e-15
11402,1.88404e-15
11403,1.87793e-15
11404,1.8719e-15
11405,1.86656e-15
11406,1.86125e-15
11407,1.85542e-15
11408,1.85049e-15
11409,1.84476e-15
11410,1.83878e-15
11411,1.83322e-15
11412,1.82731e-15
11413,1.82212e-15
11414,1.81609e-15
11415,1.81103e-15
11416,1.80562e-15
11417,1.80053e-15
11418,1.79538e-15
11419,1.79056e-15
11420,1.78579e-15
11421,1.78056e-15
11422,1.77523e-15
11423,1.77033e-15
11424,1.76559e-15
11425,1.76085e-15
11426,1.75587e-15
11427,1.75007e-15
11428,1.74533e-15
11429,1.73962e-15
11430,1.735e-15
11431,1.7302e-15
11432,1.72525e-15
11433,1.71979e-15
11434,1.71525e-15
11435,1.71065e-15
11436,1.70608e-15
11437,1.70125e-15
11438,1.69586e-15
11439,1.6913e-15
11440,1.6868e-15
11441,1.68173e-15
11442,1.6766e-15
11443,1.67116e-15
11444,1.66565e-15
11445,1.66053e-15
11446,1.65614e-15
11447,1.65138e-15
11448,1.64612e-15
11449,1.64135e-15
11450,1.63652e-15
11451,1.63125e-15
11452,1.62594e-15
11453,1.62046e-15
11454,1.61489e-15
11455,1.60949e-15
11456,1.60523e-15
11457,1.60071e-15
11458,1.59558e-15
11459,1.59126e-15
11460,1.58681e-15
11461,1.5817e-15
11462,1.57718e-15
11463,1.57239e-15
11464,1.56752e-15
11465,1.56305e-15
11466,1.55824e-15
11467,1.55335e-15
11468,1.54857e-15
11469,1.544e-15
11470,1.53912e-15
11471,1.53435e-15
11472,1.52915e-15
11473,1.52474e-15
11474,1.52026e-15
11475,1.51534e-15
11476,1.51035e-15
11477,1.50583e-15
11478,1.50163e-15
11479,1.49702e-15
11480,1.49221e-15
11481,1.48754e-15
11482,1.48309e-15
11483,1.47857e-15
11484,1.47404e-15
11485,1.46967e-15
11486,1.46534e-15
11487,1.46088e-15
11488,1.45625e-15
11489,1.45212e-15
11490,1.44763e-15
11491,1.44276e-15
11492,1.43882e-15
11493,1.43413e-15
11494,1.42973e-15
11495,1.42517e-15
11496,1.42116e-15
11497,1.41723e-15
11498,1.4131e-15
11499,1.40857e-15
11500,1.40419e-15
11501,1.40034e-15
11502,1.39625e-15
11503,1.39198e-15
11504,1.38785e-15
11505,1.38334e-15
11506,1.37921e-15
11507,1.37529e-15
11508,1.37138e-15
11509,1.36715e-15
11510,1.36261e-15
11511,1.35893e-15
11512,1.35509e-15
11513,1.35116e-15
11514,1.34699e-15
11515,1.34257e-15
11516,1.33815e-15
11517,1.33455e-15
11518,1.33065e-15
11519,1.32662e-15
11520,1.32281e-15
11521,1.31924e-15
11522,1.3153e-15
11523,1.31142e-15
11524,1.30793e-15
11525,1.30441e-15
11526,1.30082e-15
11527,1.29717e-15
11528,1.2935e-15
11529,1.28959e-15
11530,1.28612e-15
11531,1.282e-15
11532,1.27791e-15
11533,1.27406e-15
11534,1.27026e-15
11535,1.26677e-15
11536,1.26314e-15
11537,1.25901e-15
11538,1.25526e-15
11539,1.25138e-15
11540,1.24755e-15
11541,1.24393e-15
11542,1.24004e-15
11543,1.23597e-15
11544,1.23199e-15
11545,1.22842e-15
11546,1.22456e-15
11547,1.22081e-15
11548,1.21723e-15
11549,1.21389e-15
11550,1.21059e-15
11551,1.20683e-15
11552,1.20343e-15
11553,1.19973e-15
11554,1.19644e-15
11555,1.19307e-15
11556,1.18934e-15
11557,1.18592e-15
11558,1.18237e-15
11559,1.1784e-15
11560,1.17446e-15
11561,1.17081e-15
11562,1.16696e-15
11563,1.16335e-15
11564,1.16021e-15
11565,1.15689e-15
11566,1.15326e-15
11567,1.14986e-15
11568,1.14661e-15
11569,1.14347e-15
11570,1.14042e-15
11571,1.1368e-15
11572,1.13337e-15
11573,1.12977e-15
11574,1.1262e-15
11575,1.12303e-15
11576,1.12001e-15
11577,1.11677e-15
11578,1.11321e-15
11579,1.10987e-15
11580,1.10651e-15
11581,1.10286e-15
11582,1.09979e-15
11583,1.09632e-15
11584,1.09298e-15
11585,1.08984e-15
11586,1.08693e-15
11587,1.08388e-15
11588,1.08056e-15
11589,1.07727e-15
11590,1.07423e-15
11591,1.07103e-15
11592,1.0681e-15
11593,1.06519e-15
11594,1.06234e-15
11595,1.05939e-15
11596,1.05626e-15
11597,1.05289e-15
11598,1.04961e-15
11599,1.04627e-15
11600,1.04277e-15
11601,1.03947e-15
11602,1.03629e-15
11603,1.03324e-15
11604,1.03022e-15
11605,1.02734e-15
11606,1.02418e-15
11607,1.02113e-15
11608,1.01798e-15
11609,1.01497e-15
11610,1.01162e-15
11611,1.00882e-15
11612,1.00594e-15
11613,1.00321e-15
11614,9.99956e-16
11615,9.96641e-16
11616,9.93674e-16
11617,9.90371e-16
11618,9.87655e-16
11619,9.8502e-16
11620,9.82098e-16
11621,9.79238e-16
11622,9.76293e-16
11623,9.73259e-16
11624,9.70325e-16
11625,9.67356e-16
11626,9.64191e-16
11627,9.60917e-16
11628,9.58103e-16
11629,9.5525e-16
11630,9.52261e-16
11631,9.49553e-16
11632,9.46956e-16
11633,9.44314e-16
11634,9.41386e-16
11635,9.38531e-16
11636,9.35742e-16
11637,9.33052e-16
11638,9.29954e-16
11639,9.27444e-16
11640,9.24541e-16
11641,9.21469e-16
11642,9.18867e-16
11643,9.1639e-16
11644,9.13963e-16
11645,9.11461e-16
11646,9.08488e-16
11647,9.05782e-16
11648,9.0332e-16
11649,9.00893e-16
11650,8.98241e-16
11651,8.95479e-16
11652,8.92817e-16
11653,8.89826e-16
11654,8.87291e-16
11655,8.84373e-16
11656,8.81637e-16
11657,8.79232e-16
11658,8.76388e-16
11659,8.73446e-16
11660,8.70719e-16
11661,8.68037e-16
11662,8.65621e-16
11663,8.62911e-16
11664,8.60105e-16
11665,8.57245e-16
11666,8.54805e-16
11667,8.52391e-16
11668,8.50023e-16
11669,8.47641e-16
11670,8.45209e-16
11671,8.4242e-16
11672,8.40097e-16
11673,8.37563e-16
11674,8.35329e-16
11675,8.33039e-16
11676,8.30445e-16
11677,8.27644e-16
11678,8.25065e-16
11679,8.22377e-16
11680,8.20173e-16
11681,8.17977e-16
11682,8.15587e-16
11683,8.13149e-16
11684,8.10972e-16
11685,8.08467e-16
11686,8.06067e-16
11687,8.0358e-16
11688,8.00975e-16
11689,7.98641e-16
11690,7.96228e-16
11691,7.9389e-16
11692,7.91269e-16
11693,7.88718e-16
11694,7.86549e-16
11695,7.84083e-16
11696,7.81651e-16
11697,7.79356e-16
11698,7.77289e-16
11699,7.74833e-16
11700,7.72412e-16
11701,7.70167e-16
11702,7.67718e-16
11703,7.65231e-16
11704,7.62662e-16
11705,7.60151e-16
11706,7.57578e-16
11707,7.55184e-16
11708,7.52738e-16
11709,7.50441e-16
11710,7.48204e-16
11711,7.4578e-16
11712,7.43471e-16
11713,7.41009e-16
11714,7.38855e-16
11715,7.36577e-16
11716,7.34305e-16
11717,7.31943e-16
11718,7.29865e-16
11719,7.27732e-16
11720,7.25745e-16
11721,7.23447e-16
11722,7.21086e-16
11723,7.19145e-16
11724,7.16995e-16
11725,7.14608e-16
11726,7.12255e-16
11727,7.10289e-16
11728,7.08244e-16
11729,7.05968e-16
11730,7.03576e-16
11731,7.01148e-16
11732,6.99188e-16
11733,6.96994e-16
11734,6.94743e-16
11735,6.9285e-16
11736,6.90771e-16
11737,6.88587e-16
11738,6.86378e-16
11739,6.84384e-16
11740,6.82456e-16
11741,6.80556e-16
11742,6.78677e-16
11743,6.76508e-16
11744,6.7466e-16
11745,6.72651e-16
11746,6.70646e-16
11747,6.68531e-16
11748,6.66616e-16
11749,6.6452e-16
11750,6.62699e-16
11751,6.60764e-16
11752,6.5877e-16
11753,6.56576e-16
11754,6.54584e-16
11755,6.52818e-16
11756,6.50707e-16
11757,6.48833e-16
11758,6.47015e-16
11759,6.45186e-16
11760,6.43422e-16
11761,6.41637e-16
11762,6.39825e-16
11763,6.37993e-16
11764,6.35894e-16
11765,6.34184e-16
11766,6.32331e-16
11767,6.30438e-16
11768,6.28418e-16
11769,6.26667e-16
11770,6.24659e-16
11771,6.22989e-16
11772,6.21183e-16
11773,6.1953e-16
11774,6.17545e-16
11775,6.15665e-16
11776,6.13793e-16
11777,6.1201e-16
11778,6.1029e-16
11779,6.0833e-16
11780,6.06678e-16
11781,6.04927e-16
11782,6.03214e-16
11783,6.01359e-16
11784,5.99623e-16
11785,5.97719e-16
11786,5.95813e-16
11787,5.94123e-16
11788,5.92521e-16
11789,5.9059e-16
11790,5.88782e-16
11791,5.8713e-16
11792,5.85515e-16
11793,5.83654e-16
11794,5.81864e-16
11795,5.80278e-16
11796,5.78412e-16
11797,5.76884e-16
11798,5.75135e-16
11799,5.73335e-16
11800,5.71738e-16
11801,5.70049e-16
11802,5.68254e-16
11803,5.66495e-16
11804,5.64787e-16
11805,5.63048e-16
11806,5.61507e-16
11807,5.60003e-16
11808,5.58176e-16
11809,5.56536e-16
11810,5.54709e-16
11811,5.53212e-16
11812,5.51479e-16
11813,5.49942e-16
11814,5.48227e-16
11815,5.46737e-16
11816,5.44948e-16
11817,5.4332e-16
11818,5.41743e-16
11819,5.4029e-16
11820,5.38724e-16
11821,5.36962e-16
11822,5.35421e-16
11823,5.33796e-16
11824,5.32103e-16
11825,5.30351e-16
11826,5.28659e-16
11827,5.27015e-16
11828,5.25283e-16
11829,5.23762e-16
11830,5.22274e-16
11831,5.20872e-16
11832,5.19229e-16
11833,5.17853e-16
11834,5.16264e-16
11835,5.14782e-16
11836,5.13202e-16
11837,5.1154e-16
11838,5.10038e-16
11839,5.08476e-16
11840,5.07059e-16
11841,5.05619e-16
11842,5.0405e-16
11843,5.02356e-16
11844,5.00826e-16
11845,4.99356e-16
11846,4.98009e-16
11847,4.9654e-16
11848,4.94929e-16
11849,4.93448e-16
11850,4.91951e-16
11851,4.90557e-16
11852,4.8914e-16
11853,4.8756e-16
11854,4.85953e-16
11855,4.8463e-16
11856,4.83124e-16
11857,4.8165e-16
11858,4.80123e-16
11859,4.78639e-16
11860,4.77062e-16
11861,4.75793e-16
11862,4.74335e-16
11863,4.72841e-16
11864,4.71576e-16
11865,4.70225e-16
11866,4.6898e-16
11867,4.6754e-16
11868,4.66245e-16
11869,4.6489e-16
11870,4.63569e-16
11871,4.62224e-16
11872,4.60775e-16
11873,4.59219e-16
11874,4.57871e-16
11875,4.5659e-16
11876,4.55264e-16
11877,4.53919e-16
11878,4.5249e-16
11879,4.51208e-16
11880,4.49735e-16
11881,4.4845e-16
11882,4.47103e-16
11883,4.45827e-16
11884,4.44608e-16
11885,4.43321e-16
11886,4.42025e-16
11887,4.40589e-16
11888,4.39098e-16
11889,4.37886e-16
11890,4.36593e-16
11891,4.3518e-16
11892,4.33968e-16
11893,4.32779e-16
11894,4.31481e-16
11895,4.30266e-16
11896,4.28981e-16
11897,4.27672e-16
11898,4.26249e-16
11899,4.24885e-16
11900,4.23766e-16
11901,4.22584e-16
11902,4.21441e-16
11903,4.20133e-16
11904,4.18951e-16
11905,4.17711e-16
11906,4.16326e-16
11907,4.15013e-16
11908,4.13622e-16
11909,4.12303e-16
11910,4.10925e-16
11911,4.09552e-16
11912,4.08151e-16
11913,4.06918e-16
11914,4.0579e-16
11915,4.04686e-16
11916,4.03389e-16
11917,4.02135e-16
11918,4.01071e-16
11919,3.998e-16
11920,3.9851e-16
11921,3.97305e-16
11922,3.96056e-16
11923,3.9472e-16
11924,3.93465e-16
11925,3.92348e-16
11926,3.91252e-16
11927,3.90168e-16
11928,3.88918e-16
11929,3.87836e-16
11930,3.86576e-16
11931,3.85297e-16
11932,3.84145e-16
11933,3.83123e-16
11934,3.81968e-16
11935,3.80769e-16
11936,3.79615e-16
11937,3.78458e-16
11938,3.77362e-16
11939,3.7624e-16
11940,3.75178e-16
11941,3.74116e-16
11942,3.73035e-16
11943,3.71986e-16
11944,3.70813e-16
11945,3.69674e-16
11946,3.6859e-16
11947,3.6745e-16
11948,3.66425e-16
11949,3.65355e-16
11950,3.64263e-16
11951,3.63304e-16
11952,3.62131e-16
11953,3.61115e-16
11954,3.60167e-16
11955,3.59077e-16
11956,3.58e-16
11957,3.56997e-16
11958,3.55853e-16
11959,3.54815e-16
11960,3.53772e-16
11961,3.52645e-16
11962,3.51649e-16
11963,3.50509e-16
11964,3.49359e-16
11965,3.48202e-16
11966,3.47117e-16
11967,3.46105e-16
11968,3.45087e-16
11969,3.4394e-16
11970,3.42793e-16
11971,3.41692e-16
11972,3.40718e-16
11973,3.39758e-16
11974,3.38865e-16
11975,3.3796e-16
11976,3.36883e-16
11977,3.35889e-16
11978,3.34831e-16
11979,3.33927e-16
11980,3.32863e-16
11981,3.31922e-16
11982,3.31025e-16
11983,3.29979e-16
11984,3.28987e-16
11985,3.28097e-16
11986,3.27135e-16
11987,3.26272e-16
11988,3.2534e-16
11989,3.24411e-16
11990,3.2347e-16
11991,3.22437e-16
11992,3.21557e-16
11993,3.20572e-16
11994,3.19558e-16
11995,3.1848e-16
11996,3.17504e-16
11997,3.16587e-16
11998,3.15673e-16
11999,3.14845e-16
12000,3.13949e-16
12001,3.13067e-16
12002,3.12089e-16
12003,3.11118e-16
12004,3.10171e-16
12005,3.09186e-16
12006,3.08203e-16
12007,3.07289e-16
12008,3.06443e-16
12009,3.05542e-16
12010,3.04622e-16
12011,3.0381e-16
12012,3.02867e-16
12013,3.01921e-16
12014,3.00926e-16
12015,3.00074e-16
12016,2.99126e-16
12017,2.98256e-16
12018,2.97414e-16
12019,2.96601e-16
12020,2.95683e-16
12021,2.94753e-16
12022,2.93982e-16
12023,2.93051e-16
12024,2.92199e-16
12025,2.91283e-16
12026,2.9033e-16
12027,2.89357e-16
12028,2.88575e-16
12029,2.87772e-16
12030,2.86837e-16
12031,2.85982e-16
12032,2.85123e-16
12033,2.84234e-16
12034,2.83464e-16
12035,2.82702e-16
12036,2.81878e-16
12037,2.80971e-16
12038,2.80112e-16
12039,2.79245e-16
12040,2.78442e-16
12041,2.77689e-16
12042,2.76832e-16
12043,2.76085e-16
12044,2.75218e-16
12045,2.74369e-16
12046,2.73573e-16
12047,2.72741e-16
12048,2.72025e-16
12049,2.71197e-16
12050,2.70333e-16
12051,2.69471e-16
12052,2.68686e-16
12053,2.67836e-16
12054,2.67009e-16
12055,2.66157e-16
12056,2.65353e-16
12057,2.64564e-16
12058,2.63737e-16
12059,2.62922e-16
12060,2.62086e-16
12061,2.61268e-16
12062,2.60565e-16
12063,2.59833e-16
12064,2.5909e-16
12065,2.58371e-16
12066,2.57624e-16
12067,2.56802e-16
12068,2.56113e-16
12069,2.55279e-16
12070,2.54516e-16
12071,2.53769e-16
12072,2.53083e-16
12073,2.52387e-16
12074,2.51634e-16
12075,2.50807e-16
12076,2.49985e-16
12077,2.49146e-16
12078,2.48383e-16
12079,2.47578e-16
12080,2.46809e-16
12081,2.46101e-16
12082,2.45355e-16
12083,2.44709e-16
12084,2.44049e-16
12085,2.43375e-16
12086,2.42609e-16
12087,2.41853e-16
12088,2.41089e-16
12089,2.40363e-16
12090,2.39682e-16
12091,2.38975e-16
12092,2.38318e-16
12093,2.3763e-16
12094,2.36878e-16
12095,2.36157e-16
12096,2.35429e-16
12097,2.34775e-16
12098,2.34099e-16
12099,2.33367e-16
12100,2.32719e-16
12101,2.31974e-16
12102,2.31332e-16
12103,2.30674e-16
12104,2.30056e-16
12105,2.29342e-16
12106,2.28692e-16
12107,2.27949e-16
12108,2.27225e-16
12109,2.26484e-16
12110,2.2575e-16
12111,2.25097e-16
12112,2.24478e-16
12113,2.23831e-16
12114,2.23186e-16
12115,2.2255e-16
12116,2.21871e-16
12117,2.21258e-16
12118,2.20679e-16
12119,2.20049e-16
12120,2.19364e-16
12121,2.18738e-16
12122,2.18035e-16
12123,2.17308e-16
12124,2.16612e-16
12125,2.15931e-16
12126,2.15285e-16
12127,2.14661e-16
12128,2.13964e-16
12129,2.13253e-16
12130,2.12671e-16
12131,2.12096e-16
12132,2.11432e-16
12133,2.10824e-16
12134,2.102e-16
12135,2.09516e-16
12136,2.08949e-16
12137,2.08294e-16
12138,2.07616e-16
12139,2.06936e-16
12140,2.06287e-16
12141,2.05646e-16
12142,2.05075e-16
12143,2.0442e-16
12144,2.03874e-16
12145,2.03262e-16
12146,2.02698e-16
12147,2.0207e-16
12148,2.01419e-16
12149,2.00855e-16
12150,2.00314e-16
12151,1.99717e-16
12152,1.99114e-16
12153,1.98592e-16
12154,1.9801e-16
12155,1.97448e-16
12156,1.96837e-16
12157,1.9632e-16
12158,1.95717e-16
12159,1.95115e-16
12160,1.94469e-16
12161,1.93825e-16
12162,1.93197e-16
12163,1.92579e-16
12164,1.92041e-16
12165,1.915e-16
12166,1.90914e-16
12167,1.90363e-16
12168,1.89851e-16
12169,1.8929e-16
12170,1.88765e-16
12171,1.88172e-16
12172,1.87653e-16
12173,1.87105e-16
12174,1.86527e-16
12175,1.86001e-16
12176,1.85505e-16
12177,1.84911e-16
12178,1.84425e-16
12179,1.83837e-16
12180,1.83332e-16
12181,1.82835e-16
12182,1.82298e-16
12183,1.81725e-16
12184,1.81226e-16
12185,1.8075e-16
12186,1.80268e-16
12187,1.79694e-16
12188,1.79217e-16
12189,1.78654e-16
12190,1.78114e-16
12191,1.77648e-16
12192,1.77104e-16
12193,1.76596e-16
12194,1.76041e-16
12195,1.75451e-16
12196,1.74899e-16
12197,1.74383e-16
12198,1.73883e-16
12199,1.73334e-16
12200,1.72882e-16
12201,1.72365e-16
12202,1.7184e-16
12203,1.71367e-16
12204,1.70909e-16
12205,1.70431e-16
12206,1.6993e-16
12207,1.69463e-16
12208,1.68995e-16
12209,1.68495e-16
12210,1.6804e-16
12211,1.67556e-16
12212,1.67038e-16
12213,1.66523e-16
12214,1.66065e-16
12215,1.65534e-16
12216,1.65017e-16
12217,1.64549e-16
12218,1.6403e-16
12219,1.6351e-16
12220,1.63065e-16
12221,1.62602e-16
12222,1.62092e-16
12223,1.61561e-16
12224,1.61048e-16
12225,1.6056e-16
12226,1.60038e-16
12227,1.59571e-16
12228,1.59152e-16
12229,1.58711e-16
12230,1.58276e-16
12231,1.5786e-16
12232,1.5736e-16
12233,1.56851e-16
12234,1.56413e-16
12235,1.56006e-16
12236,1.55586e-16
12237,1.55105e-16
12238,1.54678e-16
12239,1.54235e-16
12240,1.53803e-16
12241,1.53367e-16
12242,1.52881e-16
12243,1.52483e-16
12244,1.52086e-16
12245,1.51687e-16
12246,1.51207e-16
12247,1.50734e-16
12248,1.50301e-16
12249,1.49838e-16
12250,1.49397e-16
12251,1.48954e-16
12252,1.48559e-16
12253,1.4815e-16
12254,1.47724e-16
12255,1.47258e-16
12256,1.46784e-16
12257,1.46368e-16
12258,1.45966e-16
12259,1.45505e-16
12260,1.45062e-16
12261,1.44639e-16
12262,1.44173e-16
12263,1.43744e-16
12264,1.43343e-16
12265,1.42957e-16
12266,1.4254e-16
12267,1.42127e-16
12268,1.41669e-16
12269,1.41223e-16
12270,1.40769e-16
12271,1.40382e-16
12272,1.40011e-16
12273,1.39589e-16
12274,1.39207e-16
12275,1.38838e-16
12276,1.38416e-16
12277,1.38047e-16
12278,1.3762e-16
12279,1.37256e-16
12280,1.3683e-16
12281,1.3645e-16
12282,1.36043e-16
12283,1.35604e-16
12284,1.35202e-16
12285,1.3485e-16
12286,1.34442e-16
12287,1.34064e-16
12288,1.33688e-16
12289,1.33259e-16
12290,1.32898e-16
12291,1.32475e-16
12292,1.32096e-16
12293,1.31749e-16
12294,1.31376e-16
12295,1.30979e-16
12296,1.30621e-16
12297,1.30208e-16
12298,1.29864e-16
12299,1.2952e-16
12300,1.29136e-16
12301,1.28721e-16
12302,1.28359e-16
12303,1.2797e-16
12304,1.27588e-16
12305,1.27213e-16
12306,1.26819e-16
12307,1.26467e-16
12308,1.26091e-16
12309,1.25719e-16
12310,1.25366e-16
12311,1.25009e-16
12312,1.24623e-16
12313,1.24218e-16
12314,1.23871e-16
12315,1.23533e-16
12316,1.2314e-16
12317,1.22732e-16
12318,1.22365e-16
12319,1.22031e-16
12320,1.21646e-16
12321,1.2127e-16
12322,1.20948e-16
12323,1.20618e-16
12324,1.20251e-16
12325,1.19899e-16
12326,1.19517e-16
12327,1.19129e-16
12328,1.18788e-16
12329,1.18408e-16
12330,1.18015e-16
12331,1.17623e-16
12332,1.17247e-16
12333,1.16923e-16
12334,1.16576e-16
12335,1.1625e-16
12336,1.15894e-16
12337,1.1557e-16
12338,1.15229e-16
12339,1.14909e-16
12340,1.14553e-16
12341,1.14185e-16
12342,1.13834e-16
12343,1.13497e-16
12344,1.13146e-16
12345,1.12779e-16
12346,1.12425e-16
12347,1.12084e-16
12348,1.11726e-16
12349,1.11421e-16
12350,1.11075e-16
12351,1.10731e-16
12352,1.10376e-16
12353,1.10016e-16
12354,1.09656e-16
12355,1.09328e-16
12356,1.09018e-16
12357,1.08684e-16
12358,1.08373e-16
12359,1.08042e-16
12360,1.07717e-16
12361,1.07413e-16
12362,1.07093e-16
12363,1.06791e-16
12364,1.06476e-16
12365,1.0619e-16
12366,1.05872e-16
12367,1.05582e-16
12368,1.05281e-16
12369,1.04997e-16
12370,1.04694e-16
12371,1.04411e-16
12372,1.04075e-16
12373,1.03798e-16
12374,1.03487e-16
12375,1.03169e-16
12376,1.02828e-16
12377,1.02536e-16
12378,1.02252e-16
12379,1.01934e-16
12380,1.01632e-16
12381,1.01366e-16
12382,1.01076e-16
12383,1.00791e-16
12384,1.00469e-16
12385,1.00185e-16
12386,9.98691e-17
12387,9.95944e-17
12388,9.92713e-17
12389,9.89988e-17
12390,9.86858e-17
12391,9.83885e-17
12392,9.80978e-17
12393,9.78138e-17
12394,9.75007e-17
12395,9.72465e-17
12396,9.69613e-17
12397,9.66767e-17
12398,9.64108e-17
12399,9.61018e-17
12400,9.58066e-17
12401,9.55103e-17
12402,9.52576e-17
12403,9.49753e-17
12404,9.4678e-17
12405,9.43828e-17
12406,9.41206e-17
12407,9.38323e-17
12408,9.35881e-17
12409,9.33164e-17
12410,9.3044e-17
12411,9.27696e-17
12412,9.24952e-17
12413,9.21966e-17
12414,9.18985e-17
12415,9.1632e-17
12416,9.13827e-17
12417,9.11068e-17
12418,9.08312e-17
12419,9.0585e-17
12420,9.03006e-17
12421,9.00359e-17
12422,8.97577e-17
12423,8.9503e-17
12424,8.9218e-17
12425,8.89476e-17
12426,8.8695e-17
12427,8.84408e-17
12428,8.82083e-17
12429,8.79487e-17
12430,8.77009e-17
12431,8.7434e-17
12432,8.71931e-17
12433,8.69451e-17
12434,8.67054e-17
12435,8.6425e-17
12436,8.61963e-17
12437,8.59466e-17
12438,8.56841e-17
12439,8.54574e-17
12440,8.51835e-17
12441,8.49548e-17
12442,8.47032e-17
12443,8.44553e-17
12444,8.41768e-17
12445,8.39327e-17
12446,8.36651e-17
12447,8.34369e-17
12448,8.32188e-17
12449,8.298e-17
12450,8.2746e-17
12451,8.24834e-17
12452,8.22144e-17
12453,8.19997e-17
12454,8.17779e-17
12455,8.15268e-17
12456,8.12801e-17
12457,8.10395e-17
12458,8.08223e-17
12459,8.05801e-17
12460,8.03683e-17
12461,8.01381e-17
12462,7.99148e-17
12463,7.96937e-17
12464,7.9445e-17
12465,7.92087e-17
12466,7.89912e-17
12467,7.8742e-17
12468,7.84797e-17
12469,7.82221e-17
12470,7.79632e-17
12471,7.77039e-17
12472,7.74421e-17
12473,7.72121e-17
12474,7.69909e-17
12475,7.67402e-17
12476,7.64907e-17
12477,7.62792e-17
12478,7.60749e-17
12479,7.58355e-17
12480,7.56017e-17
12481,7.5381e-17
12482,7.51483e-17
12483,7.49249e-17
12484,7.47064e-17
12485,7.44673e-17
12486,7.4261e-17
12487,7.40671e-17
12488,7.38582e-17
12489,7.36496e-17
12490,7.34268e-17
12491,7.32154e-17
12492,7.29874e-17
12493,7.27489e-17
12494,7.25239e-17
12495,7.23073e-17
12496,7.20992e-17
12497,7.18705e-17
12498,7.16641e-17
12499,7.14606e-17
12500,7.12418e-17
12501,7.10434e-17
12502,7.08465e-17
12503,7.06323e-17
12504,7.04126e-17
12505,7.01969e-17
12506,6.99844e-17
12507,6.97755e-17
12508,6.95527e-17
12509,6.9335e-17
12510,6.91353e-17
12511,6.89336e-17
12512,6.87488e-17
12513,6.85672e-17
12514,6.83474e-17
12515,6.81408e-17
12516,6.79186e-17
12517,6.7733e-17
12518,6.75321e-17
12519,6.73443e-17
12520,6.7147e-17
12521,6.69642e-17
12522,6.67624e-17
12523,6.65779e-17
12524,6.64022e-17
12525,6.62189e-17
12526,6.60142e-17
12527,6.58212e-17
12528,6.56468e-17
12529,6.54725e-17
12530,6.52699e-17
12531,6.50644e-17
12532,6.48792e-17
12533,6.47096e-17
12534,6.45266e-17
12535,6.43578e-17
12536,6.41649e-17
12537,6.39551e-17
12538,6.37617e-17
12539,6.35753e-17
12540,6.33826e-17
12541,6.31762e-17
12542,6.29679e-17
12543,6.27685e-17
12544,6.25598e-17
12545,6.23555e-17
12546,6.2181e-17
12547,6.19836e-17
12548,6.17756e-17
12549,6.15753e-17
12550,6.14107e-17
12551,6.12323e-17
12552,6.1032e-17
12553,6.08393e-17
12554,6.06495e-17
12555,6.04461e-17
12556,6.02428e-17
12557,6.00662e-17
12558,5.98919e-17
12559,5.96942e-17
12560,5.95161e-17
12561,5.93533e-17
12562,5.91705e-17
12563,5.89817e-17
12564,5.88197e-17
12565,5.86637e-17
12566,5.8481e-17
12567,5.82937e-17
12568,5.80977e-17
12569,5.79311e-17
12570,5.7771e-17
12571,5.75981e-17
12572,5.74392e-17
12573,5.72854e-17
12574,5.71256e-17
12575,5.69709e-17
12576,5.67882e-17
12577,5.66174e-17
12578,5.64296e-17
12579,5.6242e-17
12580,5.60818e-17
12581,5.59332e-17
12582,5.57746e-17
12583,5.56198e-17
12584,5.54467e-17
12585,5.53011e-17
12586,5.51487e-17
12587,5.49798e-17
12588,5.48195e-17
12589,5.46518e-17
12590,5.44822e-17
12591,5.43042e-17
12592,5.41281e-17
12593,5.39707e-17
12594,5.38049e-17
12595,5.36255e-17
12596,5.34667e-17
12597,5.33101e-17
12598,5.31421e-17
12599,5.29869e-17
12600,5.28203e-17
12601,5.26431e-17
12602,5.24642e-17
12603,5.22862e-17
12604,5.21463e-17
12605,5.20017e-17
12606,5.18626e-17
12607,5.1694e-17
12608,5.15285e-17
12609,5.13913e-17
12610,5.12281e-17
12611,5.10925e-17
12612,5.09551e-17
12613,5.08146e-17
12614,5.06724e-17
12615,5.05108e-17
12616,5.03697e-17
12617,5.02212e-17
12618,5.00709e-17
12619,4.9917e-17
12620,4.97818e-17
12621,4.96453e-17
12622,4.94988e-17
12623,4.93368e-17
12624,4.91859e-17
12625,4.90514e-17
12626,4.88942e-17
12627,4.8729e-17
12628,4.85779e-17
12629,4.84271e-17
12630,4.82863e-17
12631,4.81483e-17
12632,4.80014e-17
12633,4.78632e-17
12634,4.77281e-17
12635,4.75806e-17
12636,4.7435e-17
12637,4.72977e-17
12638,4.71514e-17
12639,4.7016e-17
12640,4.68789e-17
12641,4.67381e-17
12642,4.6603e-17
12643,4.64635e-17
12644,4.63164e-17
12645,4.61724e-17
12646,4.60381e-17
12647,4.58858e-17
12648,4.57607e-17
12649,4.56135e-17
12650,4.54724e-17
12651,4.53447e-17
12652,4.52229e-17
12653,4.5101e-17
12654,4.49778e-17
12655,4.48407e-17
12656,4.47143e-17
12657,4.45953e-17
12658,4.44603e-17
12659,4.4316e-17
12660,4.41754e-17
12661,4.40591e-17
12662,4.39381e-17
12663,4.38133e-17
12664,4.36875e-17
12665,4.35584e-17
12666,4.34434e-17
12667,4.33033e-17
12668,4.31611e-17
12669,4.30242e-17
12670,4.2902e-17
12671,4.27814e-17
12672,4.26622e-17
12673,4.25316e-17
12674,4.23947e-17
12675,4.2251e-17
12676,4.21301e-17
12677,4.20141e-17
12678,4.18768e-17
12679,4.17531e-17
12680,4.16408e-17
12681,4.15159e-17
12682,4.13871e-17
12683,4.12729e-17
12684,4.11457e-17
12685,4.10124e-17
12686,4.08785e-17
12687,4.07407e-17
12688,4.06046e-17
12689,4.04834e-17
12690,4.03538e-17
12691,4.02297e-17
12692,4.01105e-17
12693,3.99768e-17
12694,3.98427e-17
12695,3.9712e-17
12696,3.9593e-17
12697,3.94626e-17
12698,3.93353e-17
12699,3.92223e-17
12700,3.91025e-17
12701,3.89987e-17
12702,3.88817e-17
12703,3.87557e-17
12704,3.86332e-17
12705,3.85203e-17
12706,3.83964e-17
12707,3.82667e-17
12708,3.81484e-17
12709,3.80254e-17
12710,3.79141e-17
12711,3.7797e-17
12712,3.7687e-17
12713,3.75868e-17
12714,3.7468e-17
12715,3.73678e-17
12716,3.72487e-17
12717,3.71323e-17
12718,3.70067e-17
12719,3.6887e-17
12720,3.67874e-17
12721,3.66715e-17
12722,3.6566e-17
12723,3.64562e-17
12724,3.63396e-17
12725,3.62375e-17
12726,3.61337e-17
12727,3.60324e-17
12728,3.59338e-17
12729,3.5837e-17
12730,3.57296e-17
12731,3.56159e-17
12732,3.55187e-17
12733,3.54219e-17
12734,3.53145e-17
12735,3.52008e-17
12736,3.50939e-17
12737,3.49901e-17
12738,3.48789e-17
12739,3.47846e-17
12740,3.46876e-17
12741,3.45928e-17
12742,3.44848e-17
12743,3.43782e-17
12744,3.42829e-17
12745,3.41797e-17
12746,3.40732e-17
12747,3.39823e-17
12748,3.38882e-17
12749,3.37839e-17
12750,3.36753e-17
12751,3.3579e-17
12752,3.34798e-17
12753,3.33891e-17
12754,3.32832e-17
12755,3.31892e-17
12756,3.30943e-17
12757,3.30033e-17
12758,3.29055e-17
12759,3.28076e-17
12760,3.27151e-17
12761,3.26277e-17
12762,3.25367e-17
12763,3.24426e-17
12764,3.23528e-17
12765,3.22494e-17
12766,3.21599e-17
12767,3.20599e-17
12768,3.19686e-17
12769,3.18637e-17
12770,3.17596e-17
12771,3.16629e-17
12772,3.15774e-17
12773,3.14831e-17
12774,3.13972e-17
12775,3.13089e-17
12776,3.12242e-17
12777,3.11258e-17
12778,3.10365e-17
12779,3.09481e-17
12780,3.08568e-17
12781,3.07736e-17
12782,3.06806e-17
12783,3.05792e-17
12784,3.0494e-17
12785,3.04052e-17
12786,3.03215e-17
12787,3.02312e-17
12788,3.01391e-17
12789,3.00452e-17
12790,2.99437e-17
12791,2.98447e-17
12792,2.97493e-17
12793,2.96657e-17
12794,2.95834e-17
12795,2.94878e-17
12796,2.94086e-17
12797,2.93239e-17
12798,2.92344e-17
12799,2.91498e-17
12800,2.90666e-17
12801,2.89821e-17
12802,2.88882e-17
12803,2.88031e-17
12804,2.87083e-17
12805,2.86101e-17
12806,2.85193e-17
12807,2.84436e-17
12808,2.83544e-17
12809,2.82593e-17
12810,2.81773e-17
12811,2.80985e-17
12812,2.80237e-17
12813,2.79334e-17
12814,2.78566e-17
12815,2.77791e-17
12816,2.76998e-17
12817,2.76211e-17
12818,2.75344e-17
12819,2.74434e-17
12820,2.73503e-17
12821,2.72623e-17
12822,2.71755e-17
12823,2.70904e-17
12824,2.7e-17
12825,2.69092e-17
12826,2.68267e-17
12827,2.67364e-17
12828,2.66601e-17
12829,2.65875e-17
12830,2.65115e-17
12831,2.64311e-17
12832,2.63516e-17
12833,2.62785e-17
12834,2.61924e-17
12835,2.61144e-17
12836,2.60423e-17
12837,2.59632e-17
12838,2.58862e-17
12839,2.58006e-17
12840,2.57212e-17
12841,2.56388e-17
12842,2.5568e-17
12843,2.54907e-17
12844,2.54111e-17
12845,2.53384e-17
12846,2.52578e-17
12847,2.51723e-17
12848,2.50939e-17
12849,2.50182e-17
12850,2.49365e-17
12851,2.48605e-17
12852,2.4791e-17
12853,2.47163e-17
12854,2.46482e-17
12855,2.45809e-17
12856,2.45087e-17
12857,2.44323e-17
12858,2.43657e-17
12859,2.429e-17
12860,2.42116e-17
12861,2.41395e-17
12862,2.4071e-17
12863,2.40027e-17
12864,2.39293e-17
12865,2.38622e-17
12866,2.37878e-17
12867,2.37113e-17
12868,2.36337e-17
12869,2.35686e-17
12870,2.34955e-17
12871,2.34272e-17
12872,2.33506e-17
12873,2.32735e-17
12874,2.31949e-17
12875,2.31233e-17
12876,2.306e-17
12877,2.29884e-17
12878,2.29187e-17
12879,2.28465e-17
12880,2.27827e-17
12881,2.27168e-17
12882,2.26535e-17
12883,2.25875e-17
12884,2.25133e-17
12885,2.24475e-17
12886,2.23799e-17
12887,2.23149e-17
12888,2.22557e-17
12889,2.21879e-17
12890,2.21283e-17
12891,2.20585e-17
12892,2.19992e-17
12893,2.19365e-17
12894,2.18774e-17
12895,2.18103e-17
12896,2.1744e-17
12897,2.16744e-17
12898,2.16102e-17
12899,2.15478e-17
12900,2.14774e-17
12901,2.14189e-17
12902,2.13526e-17
12903,2.12838e-17
12904,2.12121e-17
12905,2.11456e-17
12906,2.10846e-17
12907,2.1028e-17
12908,2.09684e-17
12909,2.0901e-17
12910,2.08338e-17
12911,2.07709e-17
12912,2.07131e-17
12913,2.06453e-17
12914,2.05764e-17
12915,2.05203e-17
12916,2.04623e-17
12917,2.04026e-17
12918,2.03423e-17
12919,2.02843e-17
12920,2.02303e-17
12921,2.01704e-17
12922,2.01161e-17
12923,2.0062e-17
12924,1.99985e-17
12925,1.99437e-17
12926,1.98815e-17
12927,1.9824e-17
12928,1.97595e-17
12929,1.97052e-17
12930,1.96445e-17
12931,1.95815e-17
12932,1.95264e-17
12933,1.94702e-17
12934,1.94116e-17
12935,1.93581e-17
12936,1.92949e-17
12937,1.92312e-17
12938,1.91774e-17
12939,1.91237e-17
12940,1.90647e-17
12941,1.90012e-17
12942,1.89402e-17
12943,1.8878e-17
12944,1.88153e-17
12945,1.87568e-17
12946,1.86943e-17
12947,1.8643e-17
12948,1.85818e-17
12949,1.85274e-17
12950,1.84732e-17
12951,1.84116e-17
12952,1.83505e-17
12953,1.82954e-17
12954,1.82464e-17
12955,1.81906e-17
12956,1.8135e-17
12957,1.80769e-17
12958,1.80159e-17
12959,1.7962e-17
12960,1.79032e-17
12961,1.78473e-17
12962,1.77978e-17
12963,1.77497e-17
12964,1.76919e-17
12965,1.76356e-17
12966,1.75859e-17
12967,1.75291e-17
12968,1.74758e-17
12969,1.74243e-17
12970,1.73772e-17
12971,1.73295e-17
12972,1.72799e-17
12973,1.7225e-17
12974,1.71666e-17
12975,1.71189e-17
12976,1.70696e-17
12977,1.7014e-17
12978,1.69653e-17
12979,1.69169e-17
12980,1.68694e-17
12981,1.68173e-17
12982,1.67693e-17
12983,1.67242e-17
12984,1.66789e-17
12985,1.66314e-17
12986,1.65796e-17
12987,1.65277e-17
12988,1.64832e-17
12989,1.6433e-17
12990,1.63887e-17
12991,1.63356e-17
12992,1.62897e-17
12993,1.62441e-17
12994,1.61903e-17
12995,1.61456e-17
12996,1.60933e-17
12997,1.60481e-17
12998,1.5995e-17
12999,1.59476e-17
13000,1.58986e-17
13001,1.58558e-17
13002,1.58083e-17
13003,1.57561e-17
13004,1.57042e-17
13005,1.56564e-17
13006,1.56142e-17
13007,1.55713e-17
13008,1.55262e-17
13009,1.54816e-17
13010,1.54359e-17
13011,1.53885e-17
13012,1.53368e-17
13013,1.52874e-17
13014,1.52393e-17
13015,1.51984e-17
13016,1.51483e-17
13017,1.51044e-17
13018,1.50573e-17
13019,1.50168e-17
13020,1.4968e-17
13021,1.49199e-17
13022,1.48693e-17
13023,1.48284e-17
13024,1.47799e-17
13025,1.47299e-17
13026,1.46879e-17
13027,1.46406e-17
13028,1.46004e-17
13029,1.45595e-17
13030,1.45188e-17
13031,1.44734e-17
13032,1.44321e-17
13033,1.43865e-17
13034,1.43418e-17
13035,1.43029e-17
13036,1.42628e-17
13037,1.42188e-17
13038,1.41788e-17
13039,1.41354e-17
13040,1.4088e-17
13041,1.40433e-17
13042,1.40041e-17
13043,1.39584e-17
13044,1.39176e-17
13045,1.38727e-17
13046,1.38257e-17
13047,1.37851e-17
13048,1.37474e-17
13049,1.37054e-17
13050,1.36651e-17
13051,1.36286e-17
13052,1.35895e-17
13053,1.35502e-17
13054,1.35129e-17
13055,1.34747e-17
13056,1.34365e-17
13057,1.33973e-17
13058,1.33611e-17
13059,1.33223e-17
13060,1.32812e-17
13061,1.32433e-17
13062,1.32074e-17
13063,1.31647e-17
13064,1.31196e-17
13065,1.30774e-17
13066,1.30331e-17
13067,1.29961e-17
13068,1.29587e-17
13069,1.29229e-17
13070,1.28816e-17
13071,1.28447e-17
13072,1.28034e-17
13073,1.27597e-17
13074,1.27239e-17
13075,1.26888e-17
13076,1.26484e-17
13077,1.26137e-17
13078,1.2576e-17
13079,1.25345e-17
13080,1.2494e-17
13081,1.24522e-17
13082,1.24099e-17
13083,1.23764e-17
13084,1.23417e-17
13085,1.23084e-17
13086,1.22732e-17
13087,1.22365e-17
13088,1.22001e-17
13089,1.21644e-17
13090,1.21247e-17
13091,1.20919e-17
13092,1.20547e-17
13093,1.20143e-17
13094,1.19733e-17
13095,1.19352e-17
13096,1.18978e-17
13097,1.18583e-17
13098,1.18187e-17
13099,1.17783e-17
13100,1.17465e-17
13101,1.17103e-17
13102,1.16772e-17
13103,1.16394e-17
13104,1.16026e-17
13105,1.15683e-17
13106,1.15375e-17
13107,1.15036e-17
13108,1.14688e-17
13109,1.14342e-17
13110,1.1401e-17
13111,1.13687e-17
13112,1.13355e-17
13113,1.13033e-17
13114,1.1271e-17
13115,1.12363e-17
13116,1.12037e-17
13117,1.11692e-17
13118,1.11388e-17
13119,1.11035e-17
13120,1.10657e-17
13121,1.10276e-17
13122,1.09907e-17
13123,1.0956e-17
13124,1.09194e-17
13125,1.08835e-17
13126,1.08525e-17
13127,1.08196e-17
13128,1.07856e-17
13129,1.07561e-17
13130,1.07241e-17
13131,1.06901e-17
13132,1.06555e-17
13133,1.06212e-17
13134,1.05884e-17
13135,1.0557e-17
13136,1.0528e-17
13137,1.04961e-17
13138,1.04617e-17
13139,1.04286e-17
13140,1.04003e-17
13141,1.03714e-17
13142,1.03377e-17
13143,1.03065e-17
13144,1.02757e-17
13145,1.02471e-17
13146,1.02193e-17
13147,1.0187e-17
13148,1.01538e-17
13149,1.01255e-17
13150,1.00947e-17
13151,1.00623e-17
13152,1.00345e-17
13153,1.00052e-17
13154,9.97592e-18
13155,9.9491e-18
13156,9.92144e-18
13157,9.89094e-18
13158,9.86036e-18
13159,9.82792e-18
13160,9.79614e-18
13161,9.76947e-18
13162,9.73992e-18
13163,9.71053e-18
13164,9.67906e-18
13165,9.65239e-18
13166,9.62093e-18
13167,9.58838e-18
13168,9.55747e-18
13169,9.52642e-18
13170,9.49687e-18
13171,9.46618e-18
13172,9.434e-18
13173,9.4054e-18
13174,9.37881e-18
13175,9.35126e-18
13176,9.32216e-18
13177,9.29526e-18
13178,9.26927e-18
13179,9.24194e-18
13180,9.21428e-18
13181,9.1847e-18
13182,9.15889e-18
13183,9.13081e-18
13184,9.10532e-18
13185,9.07761e-18
13186,9.04916e-18
13187,9.02257e-18
13188,8.9973e-18
13189,8.97192e-18
13190,8.9467e-18
13191,8.91729e-18
13192,8.89127e-18
13193,8.86272e-18
13194,8.8362e-18
13195,8.81186e-18
13196,8.78309e-18
13197,8.75736e-18
13198,8.73369e-18
13199,8.70698e-18
13200,8.68312e-18
13201,8.6564e-18
13202,8.6309e-18
13203,8.60753e-18
13204,8.5841e-18
13205,8.55779e-18
13206,8.53198e-18
13207,8.50469e-18
13208,8.47601e-18
13209,8.44874e-18
13210,8.42508e-18
13211,8.40039e-18
13212,8.37534e-18
13213,8.35076e-18
13214,8.32848e-18
13215,8.3029e-18
13216,8.27493e-18
13217,8.24845e-18
13218,8.22638e-18
13219,8.20361e-18
13220,8.17682e-18
13221,8.15346e-18
13222,8.13118e-18
13223,8.10826e-18
13224,8.08644e-18
13225,8.06211e-18
13226,8.03843e-18
13227,8.01158e-18
13228,7.98453e-18
13229,7.96036e-18
13230,7.93579e-18
13231,7.91463e-18
13232,7.8931e-18
13233,7.86706e-18
13234,7.84562e-18
13235,7.82373e-18
13236,7.79974e-18
13237,7.7757e-18
13238,7.74956e-18
13239,7.72554e-18
13240,7.70345e-18
13241,7.68223e-18
13242,7.65696e-18
13243,7.63216e-18
13244,7.60871e-18
13245,7.58302e-18
13246,7.56048e-18
13247,7.53768e-18
13248,7.5141e-18
13249,7.49179e-18
13250,7.46826e-18
13251,7.44521e-18
13252,7.4217e-18
13253,7.39753e-18
13254,7.37312e-18
13255,7.34927e-18
13256,7.3278e-18
13257,7.30723e-18
13258,7.28436e-18
13259,7.26369e-18
13260,7.24106e-18
13261,7.2202e-18
13262,7.19974e-18
13263,7.17681e-18
13264,7.15616e-18
13265,7.13544e-18
13266,7.11161e-18
13267,7.08756e-18
13268,7.06338e-18
13269,7.03916e-18
13270,7.01782e-18
13271,6.99813e-18
13272,6.97912e-18
13273,6.95868e-18
13274,6.93557e-18
13275,6.91368e-18
13276,6.89322e-18
13277,6.87325e-18
13278,6.85434e-18
13279,6.8359e-18
13280,6.81439e-18
13281,6.79207e-18
13282,6.77068e-18
13283,6.75043e-18
13284,6.72951e-18
13285,6.70937e-18
13286,6.69071e-18
13287,6.66864e-18
13288,6.64737e-18
13289,6.62523e-18
13290,6.60652e-18
13291,6.5874e-18
13292,6.56906e-18
13293,6.54955e-18
13294,6.53153e-18
13295,6.51212e-18
13296,6.49101e-18
13297,6.47314e-18
13298,6.4543e-18
13299,6.43374e-18
13300,6.41631e-18
13301,6.39573e-18
13302,6.37399e-18
13303,6.3562e-18
13304,6.33817e-18
13305,6.31738e-18
13306,6.29663e-18
13307,6.27656e-18
13308,6.25863e-18
13309,6.23798e-18
13310,6.2178e-18
13311,6.20114e-18
13312,6.18163e-18
13313,6.16352e-18
13314,6.14509e-18
13315,6.12707e-18
13316,6.10725e-18
13317,6.08792e-18
13318,6.07012e-18
13319,6.05187e-18
13320,6.03342e-18
13321,6.01489e-18
13322,5.99512e-18
13323,5.97573e-18
13324,5.95965e-18
13325,5.94384e-18
13326,5.92723e-18
13327,5.90803e-18
13328,5.89176e-18
13329,5.87375e-18
13330,5.85541e-18
13331,5.83898e-18
13332,5.82165e-18
13333,5.80368e-18
13334,5.78667e-18
13335,5.76829e-18
13336,5.75064e-18
13337,5.73463e-18
13338,5.7178e-18
13339,5.6994e-18
13340,5.68373e-18
13341,5.66805e-18
13342,5.64988e-18
13343,5.63101e-18
13344,5.61367e-18
13345,5.59746e-18
13346,5.5815e-18
13347,5.56533e-18
13348,5.54677e-18
13349,5.52919e-18
13350,5.51089e-18
13351,5.49394e-18
13352,5.47848e-18
13353,5.46125e-18
13354,5.44565e-18
13355,5.4302e-18
13356,5.41309e-18
13357,5.39671e-18
13358,5.38181e-18
13359,5.36446e-18
13360,5.34977e-18
13361,5.3328e-18
13362,5.31837e-18
13363,5.30225e-18
13364,5.28664e-18
13365,5.27093e-18
13366,5.25572e-18
13367,5.23836e-18
13368,5.22184e-18
13369,5.20501e-18
13370,5.18821e-18
13371,5.1714e-18
13372,5.15398e-18
13373,5.13787e-18
13374,5.12172e-18
13375,5.10639e-18
13376,5.08952e-18
13377,5.07221e-18
13378,5.05538e-18
13379,5.03838e-18
13380,5.02262e-18
13381,5.00671e-18
13382,4.99181e-18
13383,4.97568e-18
13384,4.96086e-18
13385,4.94523e-18
13386,4.93179e-18
13387,4.91822e-18
13388,4.90454e-18
13389,4.89075e-18
13390,4.87771e-18
13391,4.8638e-18
13392,4.8508e-18
13393,4.83764e-18
13394,4.82199e-18
13395,4.80756e-18
13396,4.79291e-18
13397,4.7794e-18
13398,4.76549e-18
13399,4.75224e-18
13400,4.7365e-18
13401,4.72346e-18
13402,4.70798e-18
13403,4.69211e-18
13404,4.67695e-18
13405,4.66235e-18
13406,4.64869e-18
13407,4.63431e-18
13408,4.62013e-18
13409,4.60722e-18
13410,4.5934e-18
13411,4.58073e-18
13412,4.56592e-18
13413,4.55044e-18
13414,4.5348e-18
13415,4.52164e-18
13416,4.50759e-18
13417,4.49546e-18
13418,4.4822e-18
13419,4.46759e-18
13420,4.45472e-18
13421,4.4414e-18
13422,4.42907e-18
13423,4.41636e-18
13424,4.40286e-18
13425,4.39094e-18
13426,4.3771e-18
13427,4.36502e-18
13428,4.35255e-18
13429,4.34054e-18
13430,4.32808e-18
13431,4.31571e-18
13432,4.30341e-18
13433,4.29116e-18
13434,4.27914e-18
13435,4.26777e-18
13436,4.25402e-18
13437,4.24079e-18
13438,4.22751e-18
13439,4.21487e-18
13440,4.2013e-18
13441,4.18961e-18
13442,4.17682e-18
13443,4.16368e-18
13444,4.15224e-18
13445,4.13968e-18
13446,4.12575e-18
13447,4.11218e-18
13448,4.09924e-18
13449,4.08698e-18
13450,4.07425e-18
13451,4.06062e-18
13452,4.04678e-18
13453,4.03331e-18
13454,4.02177e-18
13455,4.00963e-18
13456,3.99637e-18
13457,3.98565e-18
13458,3.97333e-18
13459,3.96215e-18
13460,3.9511e-18
13461,3.94058e-18
13462,3.92881e-18
13463,3.91699e-18
13464,3.90573e-18
13465,3.89336e-18
13466,3.88151e-18
13467,3.87064e-18
13468,3.85947e-18
13469,3.8488e-18
13470,3.83691e-18
13471,3.82633e-18
13472,3.81533e-18
13473,3.8045e-18
13474,3.79228e-18
13475,3.78085e-18
13476,3.76852e-18
13477,3.75613e-18
13478,3.7454e-18
13479,3.73424e-18
13480,3.72363e-18
13481,3.71143e-18
13482,3.7004e-18
13483,3.69002e-18
13484,3.67838e-18
13485,3.66674e-18
13486,3.65491e-18
13487,3.64336e-18
13488,3.6317e-18
13489,3.62083e-18
13490,3.60894e-18
13491,3.59672e-18
13492,3.5858e-18
13493,3.57522e-18
13494,3.56464e-18
13495,3.5532e-18
13496,3.54332e-18
13497,3.53166e-18
13498,3.5223e-18
13499,3.5118e-18
13500,3.50217e-18
13501,3.49135e-18
13502,3.48036e-18
13503,3.46989e-18
13504,3.45834e-18
13505,3.44778e-18
13506,3.43625e-18
13507,3.42496e-18
13508,3.41501e-18
13509,3.40545e-18
13510,3.39579e-18
13511,3.38542e-18
13512,3.37611e-18
13513,3.36562e-18
13514,3.35465e-18
13515,3.34342e-18
13516,3.33355e-18
13517,3.32334e-18
13518,3.31319e-18
13519,3.30414e-18
13520,3.29532e-18
13521,3.28566e-18
13522,3.27684e-18
13523,3.26709e-18
13524,3.25642e-18
13525,3.24655e-18
13526,3.23723e-18
13527,3.22857e-18
13528,3.21908e-18
13529,3.20986e-18
13530,3.20011e-18
13531,3.19027e-18
13532,3.17951e-18
13533,3.17046e-18
13534,3.16192e-18
13535,3.15165e-18
13536,3.14146e-18
13537,3.13309e-18
13538,3.12334e-18
13539,3.11489e-18
13540,3.10615e-18
13541,3.09791e-18
13542,3.08837e-18
13543,3.07932e-18
13544,3.06963e-18
13545,3.06034e-18
13546,3.05162e-18
13547,3.04335e-18
13548,3.03511e-18
13549,3.02544e-18
13550,3.01695e-18
13551,3.00871e-18
13552,3.00019e-18
13553,2.99172e-18
13554,2.9825e-18
13555,2.97428e-18
13556,2.96493e-18
13557,2.95496e-18
13558,2.94669e-18
13559,2.93847e-18
13560,2.93018e-18
13561,2.92093e-18
13562,2.91142e-18
13563,2.90316e-18
13564,2.89547e-18
13565,2.8862e-18
13566,2.87817e-18
13567,2.8691e-18
13568,2.85957e-18
13569,2.84993e-18
13570,2.84044e-18
13571,2.83262e-18
13572,2.8234e-18
13573,2.81477e-18
13574,2.80625e-18
13575,2.79754e-18
13576,2.79006e-18
13577,2.78126e-18
13578,2.77236e-18
13579,2.76476e-18
13580,2.75629e-18
13581,2.7471e-18
13582,2.73927e-18
13583,2.73031e-18
13584,2.72266e-18
13585,2.71381e-18
13586,2.7065e-18
13587,2.69767e-18
13588,2.68873e-18
13589,2.68108e-18
13590,2.67368e-18
13591,2.6664e-18
13592,2.65934e-18
13593,2.65066e-18
13594,2.64289e-18
13595,2.63588e-18
13596,2.62749e-18
13597,2.61945e-18
13598,2.61103e-18
13599,2.60264e-18
13600,2.59485e-18
13601,2.58683e-18
13602,2.57831e-18
13603,2.57073e-18
13604,2.56366e-18
13605,2.55622e-18
13606,2.54945e-18
13607,2.5424e-18
13608,2.53536e-18
13609,2.52741e-18
13610,2.52014e-18
13611,2.51203e-18
13612,2.50409e-18
13613,2.49639e-18
13614,2.48842e-18
13615,2.48018e-18
13616,2.47269e-18
13617,2.46471e-18
13618,2.45662e-18
13619,2.44949e-18
13620,2.44292e-18
13621,2.43489e-18
13622,2.42761e-18
13623,2.42107e-18
13624,2.41317e-18
13625,2.40526e-18
13626,2.39875e-18
13627,2.39115e-18
13628,2.3842e-18
13629,2.37647e-18
13630,2.36918e-18
13631,2.36152e-18
13632,2.3544e-18
13633,2.34747e-18
13634,2.34098e-18
13635,2.33381e-18
13636,2.32625e-18
13637,2.31979e-18
13638,2.3124e-18
13639,2.30628e-18
13640,2.29885e-18
13641,2.29255e-18
13642,2.28524e-18
13643,2.27818e-18
13644,2.27099e-18
13645,2.26401e-18
13646,2.25727e-18
13647,2.25104e-18
13648,2.24453e-18
13649,2.23817e-18
13650,2.23151e-18
13651,2.22492e-18
13652,2.21862e-18
13653,2.21136e-18
13654,2.20465e-18
13655,2.19845e-18
13656,2.19156e-18
13657,2.18481e-18
13658,2.17897e-18
13659,2.17311e-18
13660,2.16676e-18
13661,2.16014e-18
13662,2.15306e-18
13663,2.14582e-18
13664,2.13842e-18
13665,2.1327e-18
13666,2.12632e-18
13667,2.11947e-18
13668,2.11352e-18
13669,2.10743e-18
13670,2.10068e-18
13671,2.09494e-18
13672,2.08875e-18
13673,2.08228e-18
13674,2.0757e-18
13675,2.06995e-18
13676,2.0642e-18
13677,2.05853e-18
13678,2.05266e-18
13679,2.04641e-18
13680,2.04037e-18
13681,2.03381e-18
13682,2.02841e-18
13683,2.02216e-18
13684,2.01572e-18
13685,2.00961e-18
13686,2.00295e-18
13687,1.99693e-18
13688,1.99152e-18
13689,1.98502e-18
13690,1.97896e-18
13691,1.97296e-18
13692,1.96699e-18
13693,1.96122e-18
13694,1.95544e-18
13695,1.94953e-18
13696,1.94377e-18
13697,1.93729e-18
13698,1.93164e-18
13699,1.92567e-18
13700,1.92012e-18
13701,1.91485e-18
13702,1.90883e-18
13703,1.90264e-18
13704,1.89646e-18
13705,1.89077e-18
13706,1.88447e-18
13707,1.878e-18
13708,1.8721e-18
13709,1.86676e-18
13710,1.8611e-18
13711,1.85614e-18
13712,1.85114e-18
13713,1.84555e-18
13714,1.83971e-18
13715,1.83372e-18
13716,1.82874e-18
13717,1.82315e-18
13718,1.81799e-18
13719,1.81296e-18
13720,1.80746e-18
13721,1.80165e-18
13722,1.7959e-18
13723,1.791e-18
13724,1.78605e-18
13725,1.78116e-18
13726,1.7757e-18
13727,1.77021e-18
13728,1.76538e-18
13729,1.75958e-18
13730,1.75459e-18
13731,1.74943e-18
13732,1.74465e-18
13733,1.74003e-18
13734,1.73518e-18
13735,1.72953e-18
13736,1.72434e-18
13737,1.71956e-18
13738,1.71399e-18
13739,1.70937e-18
13740,1.70435e-18
13741,1.69928e-18
13742,1.69468e-18
13743,1.68961e-18
13744,1.68509e-18
13745,1.67976e-18
13746,1.67489e-18
13747,1.6703e-18
13748,1.6654e-18
13749,1.6603e-18
13750,1.65553e-18
13751,1.65112e-18
13752,1.64635e-18
13753,1.64198e-18
13754,1.63749e-18
13755,1.63256e-18
13756,1.62805e-18
13757,1.6229e-18
13758,1.61841e-18
13759,1.61384e-18
13760,1.60873e-18
13761,1.60397e-18
13762,1.59893e-18
13763,1.59362e-18
13764,1.58888e-18
13765,1.58362e-18
13766,1.57842e-18
13767,1.57317e-18
13768,1.56886e-18
13769,1.56399e-18
13770,1.55877e-18
13771,1.55394e-18
13772,1.54964e-18
13773,1.54551e-18
13774,1.54132e-18
13775,1.53704e-18
13776,1.53212e-18
13777,1.52755e-18
13778,1.52314e-18
13779,1.51882e-18
13780,1.51476e-18
13781,1.51013e-18
13782,1.5058e-18
13783,1.50138e-18
13784,1.4967e-18
13785,1.49225e-18
13786,1.48726e-18
13787,1.48234e-18
13788,1.47815e-18
13789,1.47409e-18
13790,1.4701e-18
13791,1.46526e-18
13792,1.46073e-18
13793,1.456e-18
13794,1.45114e-18
13795,1.44617e-18
13796,1.44147e-18
13797,1.43688e-18
13798,1.43215e-18
13799,1.42739e-18
13800,1.42317e-18
13801,1.41861e-18
13802,1.41441e-18
13803,1.4101e-18
13804,1.40553e-18
13805,1.40125e-18
13806,1.39676e-18
13807,1.39236e-18
13808,1.38767e-18
13809,1.38389e-18
13810,1.37938e-18
13811,1.37466e-18
13812,1.37017e-18
13813,1.36629e-18
13814,1.36229e-18
13815,1.35828e-18
13816,1.35403e-18
13817,1.35004e-18
13818,1.34624e-18
13819,1.34184e-18
13820,1.33772e-18
13821,1.33383e-18
13822,1.32946e-18
13823,1.32583e-18
13824,1.32219e-18
13825,1.31799e-18
13826,1.31442e-18
13827,1.31018e-18
13828,1.30621e-18
13829,1.30187e-18
13830,1.29765e-18
13831,1.29332e-18
13832,1.28915e-18
13833,1.28558e-18
13834,1.28179e-18
13835,1.27791e-18
13836,1.2739e-18
13837,1.27031e-18
13838,1.26679e-18
13839,1.2629e-18
13840,1.25925e-18
13841,1.25581e-18
13842,1.25196e-18
13843,1.24857e-18
13844,1.24498e-18
13845,1.24163e-18
13846,1.23794e-18
13847,1.23462e-18
13848,1.23098e-18
13849,1.22707e-18
13850,1.22292e-18
13851,1.21966e-18
13852,1.21636e-18
13853,1.21245e-18
13854,1.20911e-18
13855,1.20571e-18
13856,1.20196e-18
13857,1.19859e-18
13858,1.19529e-18
13859,1.19198e-18
13860,1.18871e-18
13861,1.18486e-18
13862,1.18165e-18
13863,1.17785e-18
13864,1.17467e-18
13865,1.17116e-18
13866,1.16771e-18
13867,1.164e-18
13868,1.16024e-18
13869,1.15663e-18
13870,1.15323e-18
13871,1.15009e-18
13872,1.14651e-18
13873,1.14344e-18
13874,1.14027e-18
13875,1.13719e-18
13876,1.1341e-18
13877,1.13058e-18
13878,1.12748e-18
13879,1.12406e-18
13880,1.12071e-18
13881,1.11766e-18
13882,1.11426e-18
13883,1.11086e-18
13884,1.10712e-18
13885,1.10351e-18
13886,1.09989e-18
13887,1.0964e-18
13888,1.09268e-18
13889,1.08892e-18
13890,1.08527e-18
13891,1.08228e-18
13892,1.07879e-18
13893,1.07515e-18
13894,1.0723e-18
13895,1.06881e-18
13896,1.06558e-18
13897,1.06243e-18
13898,1.05909e-18
13899,1.05608e-18
13900,1.05327e-18
13901,1.05041e-18
13902,1.04738e-18
13903,1.04406e-18
13904,1.04117e-18
13905,1.03804e-18
13906,1.03466e-18
13907,1.03169e-18
13908,1.02879e-18
13909,1.02538e-18
13910,1.02195e-18
13911,1.01867e-18
13912,1.01591e-18
13913,1.01289e-18
13914,1.01002e-18
13915,1.00729e-18
13916,1.00446e-18
13917,1.00174e-18
13918,9.98605e-19
13919,9.9579e-19
13920,9.93107e-19
13921,9.90087e-19
13922,9.87202e-19
13923,9.83932e-19
13924,9.80889e-19
13925,9.78017e-19
13926,9.74807e-19
13927,9.72186e-19
13928,9.69107e-19
13929,9.66091e-19
13930,9.63304e-19
13931,9.60197e-19
13932,9.57115e-19
13933,9.54076e-19
13934,9.5112e-19
13935,9.47971e-19
13936,9.45279e-19
13937,9.42495e-19
13938,9.3988e-19
13939,9.37082e-19
13940,9.34317e-19
13941,9.31802e-19
13942,9.29213e-19
13943,9.26432e-19
13944,9.23604e-19
13945,9.20836e-19
13946,9.18001e-19
13947,9.15014e-19
13948,9.12182e-19
13949,9.09525e-19
13950,9.07082e-19
13951,9.04302e-19
13952,9.0126e-19
13953,8.98562e-19
13954,8.95792e-19
13955,8.93061e-19
13956,8.90166e-19
13957,8.8745e-19
13958,8.8471e-19
13959,8.81958e-19
13960,8.79532e-19
13961,8.76667e-19
13962,8.74025e-19
13963,8.71161e-19
13964,8.6843e-19
13965,8.66088e-19
13966,8.63364e-19
13967,8.60512e-19
13968,8.57885e-19
13969,8.55012e-19
13970,8.52492e-19
13971,8.49667e-19
13972,8.47398e-19
13973,8.44838e-19
13974,8.42314e-19
13975,8.39723e-19
13976,8.37456e-19
13977,8.35197e-19
13978,8.32756e-19
13979,8.30172e-19
13980,8.277e-19
13981,8.2522e-19
13982,8.22853e-19
13983,8.20433e-19
13984,8.17726e-19
13985,8.14964e-19
13986,8.12161e-19
13987,8.0951e-19
13988,8.07083e-19
13989,8.04606e-19
13990,8.02251e-19
13991,7.99793e-19
13992,7.9737e-19
13993,7.94763e-19
13994,7.92365e-19
13995,7.90182e-19
13996,7.87605e-19
13997,7.85366e-19
13998,7.83273e-19
13999,7.80975e-19
14000,7.7879e-19
14001,7.76516e-19
14002,7.74242e-19
14003,7.72056e-19
14004,7.70013e-19
14005,7.67545e-19
14006,7.65006e-19
14007,7.62933e-19
14008,7.60434e-19
14009,7.58245e-19
14010,7.55852e-19
14011,7.53611e-19
14012,7.51192e-19
14013,7.49172e-19
14014,7.46776e-19
14015,7.44384e-19
14016,7.4185e-19
14017,7.39376e-19
14018,7.37135e-19
14019,7.34947e-19
14020,7.32773e-19
14021,7.30382e-19
14022,7.28425e-19
14023,7.26044e-19
14024,7.23705e-19
14025,7.21497e-19
14026,7.19521e-19
14027,7.17299e-19
14028,7.14986e-19
14029,7.13004e-19
14030,7.11054e-19
14031,7.09171e-19
14032,7.07035e-19
14033,7.04886e-19
14034,7.02885e-19
14035,7.00744e-19
14036,6.98667e-19
14037,6.96753e-19
14038,6.94601e-19
14039,6.92551e-19
14040,6.90506e-19
14041,6.88472e-19
14042,6.86241e-19
14043,6.843e-19
14044,6.82264e-19
14045,6.80115e-19
14046,6.77817e-19
14047,6.75759e-19
14048,6.73696e-19
14049,6.71688e-19
14050,6.69464e-19
14051,6.6769e-19
14052,6.65782e-19
14053,6.63572e-19
14054,6.61297e-19
14055,6.59504e-19
14056,6.57539e-19
14057,6.55745e-19
14058,6.53683e-19
14059,6.51804e-19
14060,6.49951e-19
14061,6.4783e-19
14062,6.45956e-19
14063,6.43855e-19
14064,6.41921e-19
14065,6.3995e-19
14066,6.38035e-19
14067,6.35933e-19
14068,6.33884e-19
14069,6.3213e-19
14070,6.30323e-19
14071,6.28581e-19
14072,6.26673e-19
14073,6.24936e-19
14074,6.2311e-19
14075,6.21424e-19
14076,6.19423e-19
14077,6.17595e-19
14078,6.1571e-19
14079,6.13875e-19
14080,6.11874e-19
14081,6.10008e-19
14082,6.08184e-19
14083,6.06486e-19
14084,6.04675e-19
14085,6.02876e-19
14086,6.01155e-19
14087,5.99552e-19
14088,5.97741e-19
14089,5.96132e-19
14090,5.94423e-19
14091,5.92489e-19
14092,5.90468e-19
14093,5.88583e-19
14094,5.86678e-19
14095,5.84921e-19
14096,5.83262e-19
14097,5.8162e-19
14098,5.7994e-19
14099,5.78403e-19
14100,5.7672e-19
14101,5.74915e-19
14102,5.73313e-19
14103,5.7179e-19
14104,5.69959e-19
14105,5.68181e-19
14106,5.6663e-19
14107,5.64844e-19
14108,5.63341e-19
14109,5.616e-19
14110,5.60014e-19
14111,5.58195e-19
14112,5.5662e-19
14113,5.54876e-19
14114,5.53364e-19
14115,5.51632e-19
14116,5.50092e-19
14117,5.48486e-19
14118,5.46734e-19
14119,5.44955e-19
14120,5.43306e-19
14121,5.41815e-19
14122,5.40135e-19
14123,5.38516e-19
14124,5.36775e-19
14125,5.35158e-19
14126,5.33381e-19
14127,5.31929e-19
14128,5.30267e-19
14129,5.28743e-19
14130,5.27303e-19
14131,5.25853e-19
14132,5.24458e-19
14133,5.22967e-19
14134,5.21516e-19
14135,5.19824e-19
14136,5.18069e-19
14137,5.16565e-19
14138,5.14952e-19
14139,5.13216e-19
14140,5.11846e-19
14141,5.10184e-19
14142,5.08489e-19
14143,5.07035e-19
14144,5.0546e-19
14145,5.04127e-19
14146,5.02788e-19
14147,5.01177e-19
14148,4.99693e-19
14149,4.98081e-19
14150,4.96498e-19
14151,4.94842e-19
14152,4.93148e-19
14153,4.91686e-19
14154,4.90247e-19
14155,4.88676e-19
14156,4.87055e-19
14157,4.85634e-19
14158,4.84042e-19
14159,4.82525e-19
14160,4.81009e-19
14161,4.79725e-19
14162,4.78212e-19
14163,4.767e-19
14164,4.7531e-19
14165,4.74052e-19
14166,4.72619e-19
14167,4.71264e-19
14168,4.6991e-19
14169,4.68571e-19
14170,4.6724e-19
14171,4.65885e-19
14172,4.64572e-19
14173,4.6329e-19
14174,4.61864e-19
14175,4.60323e-19
14176,4.59041e-19
14177,4.57616e-19
14178,4.56123e-19
14179,4.54703e-19
14180,4.53323e-19
14181,4.5195e-19
14182,4.50584e-19
14183,4.49229e-19
14184,4.47739e-19
14185,4.46224e-19
14186,4.44929e-19
14187,4.43499e-19
14188,4.42229e-19
14189,4.40989e-19
14190,4.39688e-19
14191,4.38228e-19
14192,4.36971e-19
14193,4.35736e-19
14194,4.34391e-19
14195,4.33033e-19
14196,4.31796e-19
14197,4.30576e-19
14198,4.29154e-19
14199,4.27805e-19
14200,4.26488e-19
14201,4.25273e-19
14202,4.24143e-19
14203,4.22796e-19
14204,4.21529e-19
14205,4.20205e-19
14206,4.18845e-19
14207,4.17524e-19
14208,4.16296e-19
14209,4.15011e-19
14210,4.13831e-19
14211,4.12475e-19
14212,4.11328e-19
14213,4.10021e-19
14214,4.08798e-19
14215,4.07682e-19
14216,4.06406e-19
14217,4.05095e-19
14218,4.03725e-19
14219,4.02643e-19
14220,4.01572e-19
14221,4.00404e-19
14222,3.99341e-19
14223,3.98205e-19
14224,3.96962e-19
14225,3.95709e-19
14226,3.94667e-19
14227,3.93625e-19
14228,3.92344e-19
14229,3.91008e-19
14230,3.89769e-19
14231,3.88574e-19
14232,3.87471e-19
14233,3.86268e-19
14234,3.8513e-19
14235,3.83909e-19
14236,3.82782e-19
14237,3.81714e-19
14238,3.80599e-19
14239,3.79382e-19
14240,3.78131e-19
14241,3.76921e-19
14242,3.75712e-19
14243,3.74707e-19
14244,3.73592e-19
14245,3.72553e-19
14246,3.71525e-19
14247,3.70474e-19
14248,3.69499e-19
14249,3.68489e-19
14250,3.67434e-19
14251,3.66456e-19
14252,3.65352e-19
14253,3.64289e-19
14254,3.63233e-19
14255,3.62199e-19
14256,3.61225e-19
14257,3.60184e-19
14258,3.59156e-19
14259,3.58195e-19
14260,3.57166e-19
14261,3.55984e-19
14262,3.54868e-19
14263,3.53757e-19
14264,3.52647e-19
14265,3.51704e-19
14266,3.50682e-19
14267,3.49742e-19
14268,3.48758e-19
14269,3.47638e-19
14270,3.46487e-19
14271,3.45533e-19
14272,3.44493e-19
14273,3.43429e-19
14274,3.42472e-19
14275,3.41546e-19
14276,3.4046e-19
14277,3.39459e-19
14278,3.38469e-19
14279,3.37377e-19
14280,3.36342e-19
14281,3.35269e-19
14282,3.34156e-19
14283,3.33234e-19
14284,3.32326e-19
14285,3.3139e-19
14286,3.30413e-19
14287,3.29489e-19
14288,3.28474e-19
14289,3.27417e-19
14290,3.26479e-19
14291,3.2561e-19
14292,3.24591e-19
14293,3.23509e-19
14294,3.22474e-19
14295,3.21512e-19
14296,3.20667e-19
14297,3.19796e-19
14298,3.18844e-19
14299,3.1794e-19
14300,3.16889e-19
14301,3.15951e-19
14302,3.15021e-19
14303,3.14065e-19
14304,3.13227e-19
14305,3.12273e-19
14306,3.11295e-19
14307,3.10266e-19
14308,3.09436e-19
14309,3.08603e-19
14310,3.07642e-19
14311,3.0669e-19
14312,3.05688e-19
14313,3.04728e-19
14314,3.03746e-19
14315,3.02946e-19
14316,3.0197e-19
14317,3.01115e-19
14318,3.00274e-19
14319,2.99362e-19
14320,2.98562e-19
14321,2.97673e-19
14322,2.96751e-19
14323,2.95785e-19
14324,2.94895e-19
14325,2.94041e-19
14326,2.93206e-19
14327,2.92338e-19
14328,2.91464e-19
14329,2.90523e-19
14330,2.89584e-19
14331,2.88709e-19
14332,2.87897e-19
14333,2.87098e-19
14334,2.86327e-19
14335,2.85518e-19
14336,2.84599e-19
14337,2.83681e-19
14338,2.8289e-19
14339,2.81969e-19
14340,2.81037e-19
14341,2.80084e-19
14342,2.79219e-19
14343,2.78336e-19
14344,2.77473e-19
14345,2.76672e-19
14346,2.75805e-19
14347,2.74964e-19
14348,2.74118e-19
14349,2.732e-19
14350,2.72445e-19
14351,2.71607e-19
14352,2.70789e-19
14353,2.69915e-19
14354,2.69097e-19
14355,2.68388e-19
14356,2.67648e-19
14357,2.668e-19
14358,2.65998e-19
14359,2.65161e-19
14360,2.64333e-19
14361,2.63584e-19
14362,2.6285e-19
14363,2.61999e-19
14364,2.6121e-19
14365,2.60464e-19
14366,2.5974e-19
14367,2.58993e-19
14368,2.58297e-19
14369,2.57547e-19
14370,2.56815e-19
14371,2.55973e-19
14372,2.5522e-19
14373,2.54392e-19
14374,2.53589e-19
14375,2.52918e-19
14376,2.52218e-19
14377,2.51486e-19
14378,2.50723e-19
14379,2.49911e-19
14380,2.49179e-19
14381,2.48392e-19
14382,2.47641e-19
14383,2.46828e-19
14384,2.46064e-19
14385,2.45411e-19
14386,2.44622e-19
14387,2.43829e-19
14388,2.43025e-19
14389,2.42306e-19
14390,2.4158e-19
14391,2.40855e-19
14392,2.40101e-19
14393,2.39335e-19
14394,2.38626e-19
14395,2.37967e-19
14396,2.37331e-19
14397,2.36607e-19
14398,2.35887e-19
14399,2.3524e-19
14400,2.34607e-19
14401,2.33858e-19
14402,2.33223e-19
14403,2.32535e-19
14404,2.318e-19
14405,2.31051e-19
14406,2.3035e-19
14407,2.2958e-19
14408,2.28938e-19
14409,2.2832e-19
14410,2.27598e-19
14411,2.26896e-19
14412,2.26155e-19
14413,2.25497e-19
14414,2.24824e-19
14415,2.2416e-19
14416,2.23508e-19
14417,2.22853e-19
14418,2.22227e-19
14419,2.21604e-19
14420,2.20895e-19
14421,2.20181e-19
14422,2.19469e-19
14423,2.18798e-19
14424,2.18136e-19
14425,2.17528e-19
14426,2.16847e-19
14427,2.16178e-19
14428,2.15468e-19
14429,2.14847e-19
14430,2.14168e-19
14431,2.13445e-19
14432,2.12849e-19
14433,2.12162e-19
14434,2.11526e-19
14435,2.10823e-19
14436,2.10152e-19
14437,2.09599e-19
14438,2.08922e-19
14439,2.08226e-19
14440,2.07659e-19
14441,2.07006e-19
14442,2.06382e-19
14443,2.05693e-19
14444,2.05127e-19
14445,2.04585e-19
14446,2.03989e-19
14447,2.03375e-19
14448,2.02771e-19
14449,2.02136e-19
14450,2.01481e-19
14451,2.00899e-19
14452,2.00302e-19
14453,1.99689e-19
14454,1.99034e-19
14455,1.98504e-19
14456,1.97877e-19
14457,1.97261e-19
14458,1.96644e-19
14459,1.96021e-19
14460,1.95361e-19
14461,1.94778e-19
14462,1.94167e-19
14463,1.9363e-19
14464,1.93078e-19
14465,1.92544e-19
14466,1.92018e-19
14467,1.91509e-19
14468,1.90981e-19
14469,1.90464e-19
14470,1.89846e-19
14471,1.89298e-19
14472,1.8868e-19
14473,1.88115e-19
14474,1.87577e-19
14475,1.87075e-19
14476,1.86522e-19
14477,1.8593e-19
14478,1.85352e-19
14479,1.84729e-19
14480,1.8417e-19
14481,1.83625e-19
14482,1.83101e-19
14483,1.8262e-19
14484,1.82133e-19
14485,1.81629e-19
14486,1.81146e-19
14487,1.80565e-19
14488,1.79971e-19
14489,1.79396e-19
14490,1.78837e-19
14491,1.78254e-19
14492,1.77762e-19
14493,1.77254e-19
14494,1.76784e-19
14495,1.76261e-19
14496,1.75729e-19
14497,1.75242e-19
14498,1.74716e-19
14499,1.7416e-19
14500,1.73659e-19
14501,1.7314e-19
14502,1.72672e-19
14503,1.7219e-19
14504,1.71738e-19
14505,1.7124e-19
14506,1.7075e-19
14507,1.70241e-19
14508,1.69768e-19
14509,1.69211e-19
14510,1.68699e-19
14511,1.68169e-19
14512,1.6767e-19
14513,1.67131e-19
14514,1.666e-19
14515,1.66095e-19
14516,1.65653e-19
14517,1.65137e-19
14518,1.64648e-19
14519,1.64108e-19
14520,1.63613e-19
14521,1.63173e-19
14522,1.62663e-19
14523,1.62154e-19
14524,1.61674e-19
14525,1.61155e-19
14526,1.60708e-19
14527,1.60285e-19
14528,1.59862e-19
14529,1.59364e-19
14530,1.58853e-19
14531,1.58391e-19
14532,1.57942e-19
14533,1.57432e-19
14534,1.56942e-19
14535,1.56494e-19
14536,1.56047e-19
14537,1.55533e-19
14538,1.55023e-19
14539,1.54549e-19
14540,1.54034e-19
14541,1.53587e-19
14542,1.53156e-19
14543,1.5271e-19
14544,1.52291e-19
14545,1.51792e-19
14546,1.51279e-19
14547,1.50853e-19
14548,1.5038e-19
14549,1.49939e-19
14550,1.49528e-19
14551,1.4911e-19
14552,1.48668e-19
14553,1.48179e-19
14554,1.4768e-19
14555,1.47177e-19
14556,1.46699e-19
14557,1.46298e-19
14558,1.4582e-19
14559,1.45347e-19
14560,1.44861e-19
14561,1.44392e-19
14562,1.43995e-19
14563,1.43596e-19
14564,1.43156e-19
14565,1.42696e-19
14566,1.42264e-19
14567,1.4189e-19
14568,1.41448e-19
14569,1.41038e-19
14570,1.40613e-19
14571,1.40168e-19
14572,1.39725e-19
14573,1.3927e-19
14574,1.38884e-19
14575,1.38438e-19
14576,1.37987e-19
14577,1.37608e-19
14578,1.37236e-19
14579,1.36824e-19
14580,1.36409e-19
14581,1.36023e-19
14582,1.35587e-19
14583,1.35222e-19
14584,1.34848e-19
14585,1.34423e-19
14586,1.34064e-19
14587,1.33628e-19
14588,1.33178e-19
14589,1.32824e-19
14590,1.3241e-19
14591,1.31976e-19
14592,1.31545e-19
14593,1.31103e-19
14594,1.30749e-19
14595,1.30365e-19
14596,1.29954e-19
14597,1.29551e-19
14598,1.29164e-19
14599,1.28776e-19
14600,1.28346e-19
14601,1.28002e-19
14602,1.27643e-19
14603,1.27248e-19
14604,1.26829e-19
14605,1.26448e-19
14606,1.26063e-19
14607,1.25665e-19
14608,1.25275e-19
14609,1.24879e-19
14610,1.24522e-19
14611,1.24177e-19
14612,1.23769e-19
14613,1.23427e-19
14614,1.23078e-19
14615,1.22737e-19
14616,1.22335e-19
14617,1.21978e-19
14618,1.2164e-19
14619,1.21247e-19
14620,1.20889e-19
14621,1.20572e-19
14622,1.20196e-19
14623,1.19859e-19
14624,1.19468e-19
14625,1.19071e-19
14626,1.1869e-19
14627,1.18314e-19
14628,1.17957e-19
14629,1.17629e-19
14630,1.17301e-19
14631,1.16953e-19
14632,1.16622e-19
14633,1.16274e-19
14634,1.15951e-19
14635,1.15632e-19
14636,1.15327e-19
14637,1.14966e-19
14638,1.14584e-19
14639,1.14224e-19
14640,1.13879e-19
14641,1.1356e-19
14642,1.13196e-19
14643,1.12853e-19
14644,1.12523e-19
14645,1.12212e-19
14646,1.11862e-19
14647,1.11536e-19
14648,1.11199e-19
14649,1.1083e-19
14650,1.10511e-19
14651,1.10145e-19
14652,1.09772e-19
14653,1.09474e-19
14654,1.0917e-19
14655,1.08817e-19
14656,1.08531e-19
14657,1.0818e-19
14658,1.07844e-19
14659,1.07519e-19
14660,1.07222e-19
14661,1.06879e-19
14662,1.06596e-19
14663,1.06282e-19
14664,1.05974e-19
14665,1.05677e-19
14666,1.0535e-19
14667,1.05042e-19
14668,1.04761e-19
14669,1.04444e-19
14670,1.04165e-19
14671,1.03852e-19
14672,1.03514e-19
14673,1.03166e-19
14674,1.02885e-19
14675,1.02596e-19
14676,1.02317e-19
14677,1.0199e-19
14678,1.01669e-19
14679,1.01348e-19
14680,1.01017e-19
14681,1.00752e-19
14682,1.00443e-19
14683,1.00119e-19
14684,9.98475e-20
14685,9.95245e-20
14686,9.92066e-20
14687,9.8937e-20
14688,9.86188e-20
14689,9.83327e-20
14690,9.80305e-20
14691,9.77653e-20
14692,9.74947e-20
14693,9.71943e-20
14694,9.68956e-20
14695,9.65971e-20
14696,9.62758e-20
14697,9.59996e-20
14698,9.57458e-20
14699,9.54931e-20
14700,9.5186e-20
14701,9.49293e-20
14702,9.46417e-20
14703,9.43377e-20
14704,9.40875e-20
14705,9.37953e-20
14706,9.35419e-20
14707,9.32861e-20
14708,9.30023e-20
14709,9.27044e-20
14710,9.23987e-20
14711,9.21206e-20
14712,9.18256e-20
14713,9.1544e-20
14714,9.12833e-20
14715,9.09863e-20
14716,9.07108e-20
14717,9.04702e-20
14718,9.02302e-20
14719,8.99688e-20
14720,8.97077e-20
14721,8.9429e-20
14722,8.91583e-20
14723,8.88839e-20
14724,8.86254e-20
14725,8.83836e-20
14726,8.81375e-20
14727,8.78864e-20
14728,8.76283e-20
14729,8.73812e-20
14730,8.71305e-20
14731,8.68783e-20
14732,8.66277e-20
14733,8.6341e-20
14734,8.61004e-20
14735,8.58508e-20
14736,8.55807e-20
14737,8.53361e-20
14738,8.5078e-20
14739,8.48307e-20
14740,8.46019e-20
14741,8.43547e-20
14742,8.40813e-20
14743,8.38015e-20
14744,8.35789e-20
14745,8.33498e-20
14746,8.30857e-20
14747,8.28324e-20
14748,8.26014e-20
14749,8.23363e-20
14750,8.20577e-20
14751,8.18006e-20
14752,8.15509e-20
14753,8.13054e-20
14754,8.10772e-20
14755,8.08123e-20
14756,8.05573e-20
14757,8.03154e-20
14758,8.00878e-20
14759,7.98702e-20
14760,7.96202e-20
14761,7.93721e-20
14762,7.91324e-20
14763,7.89159e-20
14764,7.86753e-20
14765,7.84267e-20
14766,7.81872e-20
14767,7.79592e-20
14768,7.77523e-20
14769,7.75408e-20
14770,7.72974e-20
14771,7.70861e-20
14772,7.68529e-20
14773,7.66139e-20
14774,7.64099e-20
14775,7.61776e-20
14776,7.59303e-20
14777,7.5679e-20
14778,7.54678e-20
14779,7.52659e-20
14780,7.50319e-20
14781,7.4824e-20
14782,7.45927e-20
14783,7.43791e-20
14784,7.41469e-20
14785,7.38993e-20
14786,7.36889e-20
14787,7.34753e-20
14788,7.32593e-20
14789,7.30377e-20
14790,7.28176e-20
14791,7.26143e-20
14792,7.24129e-20
14793,7.22197e-20
14794,7.20125e-20
14795,7.17804e-20
14796,7.15478e-20
14797,7.13073e-20
14798,7.11049e-20
14799,7.08778e-20
14800,7.06864e-20
14801,7.04985e-20
14802,7.02693e-20
14803,7.0046e-20
14804,6.98237e-20
14805,6.96388e-20
14806,6.94401e-20
14807,6.92307e-20
14808,6.90034e-20
14809,6.87916e-20
14810,6.85783e-20
14811,6.83645e-20
14812,6.81462e-20
14813,6.79492e-20
14814,6.77244e-20
14815,6.75209e-20
14816,6.73289e-20
14817,6.71403e-20
14818,6.69244e-20
14819,6.67097e-20
14820,6.64923e-20
14821,6.62963e-20
14822,6.60761e-20
14823,6.59003e-20
14824,6.57074e-20
14825,6.5518e-20
14826,6.53047e-20
14827,6.51197e-20
14828,6.4935e-20
14829,6.47568e-20
14830,6.45824e-20
14831,6.43959e-20
14832,6.42168e-20
14833,6.40447e-20
14834,6.3872e-20
14835,6.36654e-20
14836,6.34928e-20
14837,6.33068e-20
14838,6.31179e-20
14839,6.29514e-20
14840,6.2785e-20
14841,6.26139e-20
14842,6.24218e-20
14843,6.22219e-20
14844,6.20347e-20
14845,6.18423e-20
14846,6.16679e-20
14847,6.14727e-20
14848,6.12686e-20
14849,6.11011e-20
14850,6.09186e-20
14851,6.07265e-20
14852,6.05421e-20
14853,6.03597e-20
14854,6.01672e-20
14855,6.00086e-20
14856,5.98171e-20
14857,5.96286e-20
14858,5.94595e-20
14859,5.92953e-20
14860,5.91059e-20
14861,5.89337e-20
14862,5.8754e-20
14863,5.85964e-20
14864,5.84254e-20
14865,5.82429e-20
14866,5.80893e-20
14867,5.79162e-20
14868,5.77569e-20
14869,5.75853e-20
14870,5.74105e-20
14871,5.72515e-20
14872,5.70755e-20
14873,5.69153e-20
14874,5.67283e-20
14875,5.65718e-20
14876,5.63895e-20
14877,5.62313e-20
14878,5.60471e-20
14879,5.58643e-20
14880,5.57016e-20
14881,5.55354e-20
14882,5.53681e-20
14883,5.51864e-20
14884,5.50399e-20
14885,5.48843e-20
14886,5.47061e-20
14887,5.4523e-20
14888,5.43362e-20
14889,5.41851e-20
14890,5.40384e-20
14891,5.38667e-20
14892,5.37023e-20
14893,5.35329e-20
14894,5.33551e-20
14895,5.32146e-20
14896,5.30605e-20
14897,5.28868e-20
14898,5.27246e-20
14899,5.2563e-20
14900,5.24076e-20
14901,5.22652e-20
14902,5.2101e-20
14903,5.19597e-20
14904,5.18106e-20
14905,5.16475e-20
14906,5.15009e-20
14907,5.13564e-20
14908,5.11873e-20
14909,5.10433e-20
14910,5.09068e-20
14911,5.07618e-20
14912,5.06026e-20
14913,5.04468e-20
14914,5.03051e-20
14915,5.01467e-20
14916,4.99805e-20
14917,4.98431e-20
14918,4.96893e-20
14919,4.95258e-20
14920,4.93825e-20
14921,4.9225e-20
14922,4.90679e-20
14923,4.89055e-20
14924,4.87567e-20
14925,4.86055e-20
14926,4.84455e-20
14927,4.82822e-20
14928,4.81329e-20
14929,4.79905e-20
14930,4.78463e-20
14931,4.772e-20
14932,4.75774e-20
14933,4.74418e-20
14934,4.73131e-20
14935,4.716e-20
14936,4.70339e-20
14937,4.68982e-20
14938,4.67689e-20
14939,4.66446e-20
14940,4.65034e-20
14941,4.63728e-20
14942,4.6239e-20
14943,4.61058e-20
14944,4.59578e-20
14945,4.58151e-20
14946,4.56902e-20
14947,4.55479e-20
14948,4.54021e-20
14949,4.52543e-20
14950,4.51129e-20
14951,4.49911e-20
14952,4.48548e-20
14953,4.47249e-20
14954,4.4577e-20
14955,4.44551e-20
14956,4.4338e-20
14957,4.41972e-20
14958,4.40787e-20
14959,4.39465e-20
14960,4.38214e-20
14961,4.36886e-20
14962,4.35552e-20
14963,4.34131e-20
14964,4.32687e-20
14965,4.31308e-20
14966,4.29914e-20
14967,4.28469e-20
14968,4.27312e-20
14969,4.2592e-20
14970,4.24474e-20
14971,4.23114e-20
14972,4.21933e-20
14973,4.20724e-20
14974,4.19599e-20
14975,4.18484e-20
14976,4.17126e-20
14977,4.15969e-20
14978,4.14659e-20
14979,4.13342e-20
14980,4.11943e-20
14981,4.10723e-20
14982,4.09406e-20
14983,4.0814e-20
14984,4.06835e-20
14985,4.05521e-20
14986,4.04227e-20
14987,4.02926e-20
14988,4.01669e-20
14989,4.00376e-20
14990,3.9922e-20
14991,3.97912e-20
14992,3.96751e-20
14993,3.95455e-20
14994,3.94172e-20
14995,3.93058e-20
14996,3.91864e-20
14997,3.90672e-20
14998,3.89591e-20
14999,3.8839e-20
15000,3.87218e-20
15001,3.86154e-20
15002,3.85042e-20
15003,3.83836e-20
15004,3.8268e-20
15005,3.81554e-20
15006,3.80345e-20
15007,3.79211e-20
15008,3.78049e-20
15009,3.76906e-20
15010,3.75867e-20
15011,3.7473e-20
15012,3.73491e-20
15013,3.72219e-20
15014,3.71184e-20
15015,3.70036e-20
15016,3.68857e-20
15017,3.67632e-20
15018,3.66533e-20
15019,3.6547e-20
15020,3.64335e-20
15021,3.63167e-20
15022,3.62128e-20
15023,3.61166e-20
15024,3.6006e-20
15025,3.59093e-20
15026,3.58083e-20
15027,3.57077e-20
15028,3.55986e-20
15029,3.54929e-20
15030,3.53759e-20
15031,3.52788e-20
15032,3.51717e-20
15033,3.50714e-20
15034,3.49584e-20
15035,3.48635e-20
15036,3.47553e-20
15037,3.46479e-20
15038,3.45424e-20
15039,3.44433e-20
15040,3.43494e-20
15041,3.42427e-20
15042,3.41294e-20
15043,3.4038e-20
15044,3.39333e-20
15045,3.38419e-20
15046,3.37365e-20
15047,3.36369e-20
15048,3.35251e-20
15049,3.34321e-20
15050,3.33263e-20
15051,3.32223e-20
15052,3.31113e-20
15053,3.3022e-20
15054,3.29206e-20
15055,3.28192e-20
15056,3.27293e-20
15057,3.26228e-20
15058,3.25149e-20
15059,3.24096e-20
15060,3.23144e-20
15061,3.22114e-20
15062,3.21044e-20
15063,3.19944e-20
15064,3.19082e-20
15065,3.18086e-20
15066,3.17226e-20
15067,3.16228e-20
15068,3.1531e-20
15069,3.14339e-20
15070,3.13487e-20
15071,3.12563e-20
15072,3.11661e-20
15073,3.10624e-20
15074,3.09674e-20
15075,3.0885e-20
15076,3.08022e-20
15077,3.07158e-20
15078,3.06255e-20
15079,3.05439e-20
15080,3.04549e-20
15081,3.03696e-20
15082,3.02758e-20
15083,3.01877e-20
15084,3.01017e-20
15085,3.00154e-20
15086,2.99162e-20
15087,2.98269e-20
15088,2.97425e-20
15089,2.96475e-20
15090,2.95649e-20
15091,2.9474e-20
15092,2.93833e-20
15093,2.9304e-20
15094,2.92146e-20
15095,2.91233e-20
15096,2.90285e-20
15097,2.89355e-20
15098,2.88493e-20
15099,2.87697e-20
15100,2.86871e-20
15101,2.86006e-20
15102,2.8512e-20
15103,2.84219e-20
15104,2.83354e-20
15105,2.82573e-20
15106,2.81692e-20
15107,2.80822e-20
15108,2.79995e-20
15109,2.79223e-20
15110,2.78369e-20
15111,2.77463e-20
15112,2.76645e-20
15113,2.75856e-20
15114,2.7509e-20
15115,2.74237e-20
15116,2.73384e-20
15117,2.72629e-20
15118,2.71887e-20
15119,2.7101e-20
15120,2.7009e-20
15121,2.69308e-20
15122,2.68496e-20
15123,2.67676e-20
15124,2.66893e-20
15125,2.66156e-20
15126,2.65412e-20
15127,2.64675e-20
15128,2.63819e-20
15129,2.62984e-20
15130,2.62216e-20
15131,2.61481e-20
15132,2.60753e-20
15133,2.5989e-20
15134,2.59012e-20
15135,2.58171e-20
15136,2.57458e-20
15137,2.56668e-20
15138,2.55926e-20
15139,2.55149e-20
15140,2.54325e-20
15141,2.53462e-20
15142,2.5271e-20
15143,2.52007e-20
15144,2.51297e-20
15145,2.50532e-20
15146,2.49707e-20
15147,2.48873e-20
15148,2.48064e-20
15149,2.47407e-20
15150,2.46631e-20
15151,2.45844e-20
15152,2.45134e-20
15153,2.44433e-20
15154,2.43737e-20
15155,2.42976e-20
15156,2.42246e-20
15157,2.41514e-20
15158,2.40718e-20
15159,2.40012e-20
15160,2.39344e-20
15161,2.38669e-20
15162,2.37941e-20
15163,2.37242e-20
15164,2.3657e-20
15165,2.35861e-20
15166,2.35212e-20
15167,2.34525e-20
15168,2.33879e-20
15169,2.33185e-20
15170,2.32406e-20
15171,2.31611e-20
15172,2.30913e-20
15173,2.30239e-20
15174,2.29604e-20
15175,2.28889e-20
15176,2.28117e-20
15177,2.27506e-20
15178,2.26817e-20
15179,2.26097e-20
15180,2.2549e-20
15181,2.2484e-20
15182,2.24175e-20
15183,2.23523e-20
15184,2.22826e-20
15185,2.22111e-20
15186,2.21512e-20
15187,2.20903e-20
15188,2.20279e-20
15189,2.19551e-20
15190,2.18879e-20
15191,2.18225e-20
15192,2.1761e-20
15193,2.17017e-20
15194,2.16319e-20
15195,2.15662e-20
15196,2.14991e-20
15197,2.1442e-20
15198,2.13726e-20
15199,2.13028e-20
15200,2.12381e-20
15201,2.11679e-20
15202,2.1099e-20
15203,2.10275e-20
15204,2.09671e-20
15205,2.08982e-20
15206,2.0832e-20
15207,2.07728e-20
15208,2.07041e-20
15209,2.06451e-20
15210,2.05766e-20
15211,2.05218e-20
15212,2.04592e-20
15213,2.03986e-20
15214,2.03389e-20
15215,2.02807e-20
15216,2.02245e-20
15217,2.01648e-20
15218,2.01047e-20
15219,2.00449e-20
15220,1.99857e-20
15221,1.99187e-20
15222,1.98511e-20
15223,1.97878e-20
15224,1.97337e-20
15225,1.96711e-20
15226,1.96164e-20
15227,1.95547e-20
15228,1.94908e-20
15229,1.94377e-20
15230,1.93793e-20
15231,1.93235e-20
15232,1.92723e-20
15233,1.92174e-20
15234,1.91629e-20
15235,1.91085e-20
15236,1.90548e-20
15237,1.89923e-20
15238,1.8934e-20
15239,1.88808e-20
15240,1.88283e-20
15241,1.8772e-20
15242,1.87191e-20
15243,1.8659e-20
15244,1.8596e-20
15245,1.85373e-20
15246,1.84863e-20
15247,1.84357e-20
15248,1.83857e-20
15249,1.83298e-20
15250,1.82733e-20
15251,1.82179e-20
15252,1.81617e-20
15253,1.81065e-20
15254,1.8056e-20
15255,1.79996e-20
15256,1.79475e-20
15257,1.78954e-20
15258,1.78422e-20
15259,1.7793e-20
15260,1.77405e-20
15261,1.76933e-20
15262,1.7641e-20
15263,1.75885e-20
15264,1.75377e-20
15265,1.74821e-20
15266,1.74259e-20
15267,1.7372e-20
15268,1.73169e-20
15269,1.72674e-20
15270,1.72122e-20
15271,1.71548e-20
15272,1.70985e-20
15273,1.70526e-20
15274,1.69994e-20
15275,1.6945e-20
15276,1.68913e-20
15277,1.68354e-20
15278,1.67791e-20
15279,1.67243e-20
15280,1.66738e-20
15281,1.66239e-20
15282,1.65763e-20
15283,1.65315e-20
15284,1.64877e-20
15285,1.64389e-20
15286,1.63862e-20
15287,1.63385e-20
15288,1.62855e-20
15289,1.62391e-20
15290,1.61906e-20
15291,1.6144e-20
15292,1.60982e-20
15293,1.60448e-20
15294,1.59924e-20
15295,1.59423e-20
15296,1.58912e-20
15297,1.58428e-20
15298,1.57985e-20
15299,1.5752e-20
15300,1.57014e-20
15301,1.56597e-20
15302,1.56149e-20
15303,1.55672e-20
15304,1.55254e-20
15305,1.54836e-20
15306,1.54392e-20
15307,1.53905e-20
15308,1.53389e-20
15309,1.52956e-20
15310,1.52498e-20
15311,1.52049e-20
15312,1.51572e-20
15313,1.51078e-20
15314,1.50621e-20
15315,1.50145e-20
15316,1.49713e-20
15317,1.49288e-20
15318,1.48888e-20
15319,1.48479e-20
15320,1.48034e-20
15321,1.47584e-20
15322,1.47142e-20
15323,1.46666e-20
15324,1.46218e-20
15325,1.45804e-20
15326,1.45374e-20
15327,1.44962e-20
15328,1.44502e-20
15329,1.44049e-20
15330,1.43591e-20
15331,1.43147e-20
15332,1.427e-20
15333,1.42317e-20
15334,1.41924e-20
15335,1.41483e-20
15336,1.41096e-20
15337,1.40674e-20
15338,1.40258e-20
15339,1.39882e-20
15340,1.39445e-20
15341,1.38977e-20
15342,1.38557e-20
15343,1.38147e-20
15344,1.37707e-20
15345,1.37243e-20
15346,1.36864e-20
15347,1.36497e-20
15348,1.36115e-20
15349,1.35738e-20
15350,1.3536e-20
15351,1.34932e-20
15352,1.34499e-20
15353,1.34073e-20
15354,1.33658e-20
15355,1.33278e-20
15356,1.3284e-20
15357,1.32486e-20
15358,1.32091e-20
15359,1.31674e-20
15360,1.31259e-20
15361,1.30888e-20
15362,1.30515e-20
15363,1.30142e-20
15364,1.29773e-20
15365,1.29387e-20
15366,1.29044e-20
15367,1.2867e-20
15368,1.2824e-20
15369,1.27856e-20
15370,1.27475e-20
15371,1.27071e-20
15372,1.26698e-20
15373,1.2628e-20
15374,1.2593e-20
15375,1.25585e-20
15376,1.25181e-20
15377,1.2482e-20
15378,1.24473e-20
15379,1.24135e-20
15380,1.23766e-20
15381,1.23404e-20
15382,1.23001e-20
15383,1.22654e-20
15384,1.22322e-20
15385,1.21962e-20
15386,1.21597e-20
15387,1.21274e-20
15388,1.20915e-20
15389,1.20593e-20
15390,1.20218e-20
15391,1.19886e-20
15392,1.19548e-20
15393,1.1923e-20
15394,1.18879e-20
15395,1.18519e-20
15396,1.18163e-20
15397,1.1781e-20
15398,1.17419e-20
15399,1.17062e-20
15400,1.16675e-20
15401,1.16329e-20
15402,1.16003e-20
15403,1.15673e-20
15404,1.15341e-20
15405,1.15005e-20
15406,1.14667e-20
15407,1.14348e-20
15408,1.13992e-20
15409,1.13639e-20
15410,1.13312e-20
15411,1.12997e-20
15412,1.12698e-20
15413,1.12386e-20
15414,1.12058e-20
15415,1.11755e-20
15416,1.11412e-20
15417,1.11042e-20
15418,1.1074e-20
15419,1.10436e-20
15420,1.10077e-20
15421,1.09715e-20
15422,1.09398e-20
15423,1.09095e-20
15424,1.08745e-20
15425,1.08393e-20
15426,1.08046e-20
15427,1.07731e-20
15428,1.07429e-20
15429,1.07096e-20
15430,1.06746e-20
15431,1.06452e-20
15432,1.06166e-20
15433,1.0588e-20
15434,1.05572e-20
15435,1.05263e-20
15436,1.04951e-20
15437,1.04611e-20
15438,1.04285e-20
15439,1.03998e-20
15440,1.03692e-20
15441,1.03351e-20
15442,1.03051e-20
15443,1.02746e-20
15444,1.02466e-20
15445,1.02145e-20
15446,1.01834e-20
15447,1.01508e-20
15448,1.01189e-20
15449,1.00874e-20
15450,1.00538e-20
15451,1.00226e-20
15452,9.99271e-21
15453,9.96474e-21
15454,9.93332e-21
15455,9.90482e-21
15456,9.87194e-21
15457,9.84206e-21
15458,9.81143e-21
15459,9.78393e-21
15460,9.75708e-21
15461,9.72817e-21
15462,9.70005e-21
15463,9.67292e-21
15464,9.6438e-21
15465,9.61296e-21
15466,9.58296e-21
15467,9.55048e-21
15468,9.52051e-21
15469,9.49375e-21
15470,9.46775e-21
15471,9.44238e-21
15472,9.41659e-21
15473,9.38878e-21
15474,9.36062e-21
15475,9.33425e-21
15476,9.30818e-21
15477,9.28338e-21
15478,9.25882e-21
15479,9.2292e-21
15480,9.20017e-21
15481,9.16949e-21
15482,9.14194e-21
15483,9.11711e-21
15484,9.09223e-21
15485,9.06695e-21
15486,9.04059e-21
15487,9.01599e-21
15488,8.98811e-21
15489,8.96409e-21
15490,8.93853e-21
15491,8.9098e-21
15492,8.88267e-21
15493,8.85485e-21
15494,8.83107e-21
15495,8.80735e-21
15496,8.7816e-21
15497,8.75424e-21
15498,8.7307e-21
15499,8.70739e-21
15500,8.67938e-21
15501,8.6551e-21
15502,8.63168e-21
15503,8.6087e-21
15504,8.58225e-21
15505,8.55581e-21
15506,8.53149e-21
15507,8.50375e-21
15508,8.47715e-21
15509,8.45301e-21
15510,8.42625e-21
15511,8.40222e-21
15512,8.37894e-21
15513,8.3556e-21
15514,8.33143e-21
15515,8.30757e-21
15516,8.28321e-21
15517,8.25684e-21
15518,8.23232e-21
15519,8.20992e-21
15520,8.18391e-21
15521,8.15761e-21
15522,8.13012e-21
15523,8.10649e-21
15524,8.08271e-21
15525,8.05567e-21
15526,8.03186e-21
15527,8.00578e-21
15528,7.98044e-21
15529,7.95662e-21
15530,7.93052e-21
15531,7.90602e-21
15532,7.88134e-21
15533,7.8547e-21
15534,7.83014e-21
15535,7.80759e-21
15536,7.78384e-21
15537,7.75836e-21
15538,7.73658e-21
15539,7.7151e-21
15540,7.69402e-21
15541,7.66878e-21
15542,7.64566e-21
15543,7.62368e-21
15544,7.60255e-21
15545,7.57819e-21
15546,7.55444e-21
15547,7.53102e-21
15548,7.50769e-21
15549,7.48749e-21
15550,7.46423e-21
15551,7.44219e-21
15552,7.41823e-21
15553,7.39484e-21
15554,7.37115e-21
15555,7.35035e-21
15556,7.32767e-21
15557,7.30758e-21
15558,7.28788e-21
15559,7.26707e-21
15560,7.24498e-21
15561,7.22069e-21
15562,7.19641e-21
15563,7.17607e-21
15564,7.15245e-21
15565,7.13079e-21
15566,7.10912e-21
15567,7.08756e-21
15568,7.06701e-21
15569,7.04463e-21
15570,7.02209e-21
15571,7.0009e-21
15572,6.97871e-21
15573,6.95918e-21
15574,6.937e-21
15575,6.91383e-21
15576,6.89527e-21
15577,6.87506e-21
15578,6.85437e-21
15579,6.83297e-21
15580,6.81228e-21
15581,6.7931e-21
15582,6.77477e-21
15583,6.75543e-21
15584,6.73341e-21
15585,6.71128e-21
15586,6.69057e-21
15587,6.67013e-21
15588,6.64783e-21
15589,6.62681e-21
15590,6.60485e-21
15591,6.58457e-21
15592,6.56416e-21
15593,6.54301e-21
15594,6.52184e-21
15595,6.50167e-21
15596,6.48319e-21
15597,6.46467e-21
15598,6.44707e-21
15599,6.42741e-21
15600,6.41011e-21
15601,6.38965e-21
15602,6.37221e-21
15603,6.35206e-21
15604,6.33499e-21
15605,6.31447e-21
15606,6.2943e-21
15607,6.27713e-21
15608,6.259e-21
15609,6.24145e-21
15610,6.2217e-21
15611,6.20105e-21
15612,6.18231e-21
15613,6.16212e-21
15614,6.14476e-21
15615,6.12696e-21
15616,6.10785e-21
15617,6.08811e-21
15618,6.0676e-21
15619,6.04841e-21
15620,6.03042e-21
15621,6.01095e-21
15622,5.9942e-21
15623,5.97813e-21
15624,5.96001e-21
15625,5.94012e-21
15626,5.92137e-21
15627,5.9018e-21
15628,5.88494e-21
15629,5.86632e-21
15630,5.84858e-21
15631,5.83169e-21
15632,5.81379e-21
15633,5.79578e-21
15634,5.77987e-21
15635,5.76203e-21
15636,5.74447e-21
15637,5.72572e-21
15638,5.70704e-21
15639,5.68782e-21
15640,5.67239e-21
15641,5.65529e-21
15642,5.63699e-21
15643,5.61962e-21
15644,5.60297e-21
15645,5.58797e-21
15646,5.56982e-21
15647,5.55456e-21
15648,5.53682e-21
15649,5.51844e-21
15650,5.50046e-21
15651,5.48473e-21
15652,5.46756e-21
15653,5.44916e-21
15654,5.43327e-21
15655,5.41769e-21
15656,5.39995e-21
15657,5.3815e-21
15658,5.36639e-21
15659,5.35151e-21
15660,5.3347e-21
15661,5.31776e-21
15662,5.30153e-21
15663,5.28609e-21
15664,5.27089e-21
15665,5.25451e-21
15666,5.24042e-21
15667,5.2236e-21
15668,5.20765e-21
15669,5.19066e-21
15670,5.17363e-21
15671,5.15742e-21
15672,5.14215e-21
15673,5.12622e-21
15674,5.11194e-21
15675,5.09549e-21
15676,5.07929e-21
15677,5.06531e-21
15678,5.04861e-21
15679,5.03312e-21
15680,5.0197e-21
15681,5.00396e-21
15682,4.98765e-21
15683,4.97154e-21
15684,4.95556e-21
15685,4.94183e-21
15686,4.92853e-21
15687,4.9134e-21
15688,4.89984e-21
15689,4.88598e-21
15690,4.87022e-21
15691,4.85389e-21
15692,4.84108e-21
15693,4.82706e-21
15694,4.81332e-21
15695,4.79951e-21
15696,4.78654e-21
15697,4.77281e-21
15698,4.75946e-21
15699,4.74489e-21
15700,4.73165e-21
15701,4.719e-21
15702,4.70577e-21
15703,4.69133e-21
15704,4.67653e-21
15705,4.66257e-21
15706,4.64858e-21
15707,4.63496e-21
15708,4.62075e-21
15709,4.60684e-21
15710,4.59153e-21
15711,4.57704e-21
15712,4.56398e-21
15713,4.54952e-21
15714,4.53611e-21
15715,4.52405e-21
15716,4.50938e-21
15717,4.49576e-21
15718,4.48163e-21
15719,4.46941e-21
15720,4.45535e-21
15721,4.44169e-21
15722,4.42984e-21
15723,4.41594e-21
15724,4.40104e-21
15725,4.38821e-21
15726,4.37626e-21
15727,4.36451e-21
15728,4.35103e-21
15729,4.33841e-21
15730,4.32483e-21
15731,4.31047e-21
15732,4.29769e-21
15733,4.28339e-21
15734,4.27021e-21
15735,4.25858e-21
15736,4.24615e-21
15737,4.23478e-21
15738,4.22219e-21
15739,4.21093e-21
15740,4.19829e-21
15741,4.18579e-21
15742,4.17267e-21
15743,4.15899e-21
15744,4.14718e-21
15745,4.13595e-21
15746,4.12267e-21
15747,4.11113e-21
15748,4.09865e-21
15749,4.08609e-21
15750,4.07432e-21
15751,4.06252e-21
15752,4.05137e-21
15753,4.03969e-21
15754,4.02858e-21
15755,4.0176e-21
15756,4.00511e-21
15757,3.99369e-21
15758,3.98258e-21
15759,3.97096e-21
15760,3.95869e-21
15761,3.94555e-21
15762,3.93409e-21
15763,3.92354e-21
15764,3.91095e-21
15765,3.89796e-21
15766,3.88711e-21
15767,3.87602e-21
15768,3.86328e-21
15769,3.85093e-21
15770,3.83967e-21
15771,3.82815e-21
15772,3.81754e-21
15773,3.80729e-21
15774,3.79633e-21
15775,3.78515e-21
15776,3.7747e-21
15777,3.76408e-21
15778,3.75249e-21
15779,3.74044e-21
15780,3.72812e-21
15781,3.71535e-21
15782,3.70508e-21
15783,3.69528e-21
15784,3.68466e-21
15785,3.67413e-21
15786,3.66407e-21
15787,3.65417e-21
15788,3.64308e-21
15789,3.63251e-21
15790,3.62161e-21
15791,3.61136e-21
15792,3.60114e-21
15793,3.58953e-21
15794,3.57914e-21
15795,3.56924e-21
15796,3.55805e-21
15797,3.54727e-21
15798,3.53659e-21
15799,3.52546e-21
15800,3.51553e-21
15801,3.50415e-21
15802,3.49428e-21
15803,3.48406e-21
15804,3.47251e-21
15805,3.46167e-21
15806,3.45025e-21
15807,3.44075e-21
15808,3.42968e-21
15809,3.41919e-21
15810,3.40785e-21
15811,3.39686e-21
15812,3.38647e-21
15813,3.37732e-21
15814,3.36677e-21
15815,3.35556e-21
15816,3.3456e-21
15817,3.33461e-21
15818,3.32575e-21
15819,3.31691e-21
15820,3.30758e-21
15821,3.29761e-21
15822,3.28819e-21
15823,3.27823e-21
15824,3.26858e-21
15825,3.25847e-21
15826,3.24804e-21
15827,3.23901e-21
15828,3.2301e-21
15829,3.22099e-21
15830,3.21054e-21
15831,3.20104e-21
15832,3.19219e-21
15833,3.1835e-21
15834,3.17334e-21
15835,3.16461e-21
15836,3.15471e-21
15837,3.14464e-21
15838,3.13562e-21
15839,3.12599e-21
15840,3.11708e-21
15841,3.10835e-21
15842,3.09938e-21
15843,3.0894e-21
15844,3.08046e-21
15845,3.07205e-21
15846,3.0624e-21
15847,3.05258e-21
15848,3.04442e-21
15849,3.03482e-21
15850,3.02499e-21
15851,3.01624e-21
15852,3.00751e-21
15853,2.99935e-21
15854,2.98967e-21
15855,2.97993e-21
15856,2.9703e-21
15857,2.96091e-21
15858,2.95311e-21
15859,2.94358e-21
15860,2.93361e-21
15861,2.92374e-21
15862,2.91517e-21
15863,2.90718e-21
15864,2.89945e-21
15865,2.8914e-21
15866,2.88318e-21
15867,2.87404e-21
15868,2.86434e-21
15869,2.85535e-21
15870,2.84691e-21
15871,2.83887e-21
15872,2.82972e-21
15873,2.8205e-21
15874,2.8128e-21
15875,2.80501e-21
15876,2.79585e-21
15877,2.78651e-21
15878,2.777e-21
15879,2.76967e-21
15880,2.76112e-21
15881,2.75226e-21
15882,2.74429e-21
15883,2.73687e-21
15884,2.72808e-21
15885,2.72035e-21
15886,2.7115e-21
15887,2.70297e-21
15888,2.69391e-21
15889,2.68484e-21
15890,2.67645e-21
15891,2.66756e-21
15892,2.65879e-21
15893,2.64974e-21
15894,2.64258e-21
15895,2.63415e-21
15896,2.6268e-21
15897,2.61918e-21
15898,2.61109e-21
15899,2.60386e-21
15900,2.59696e-21
15901,2.58997e-21
15902,2.58239e-21
15903,2.57396e-21
15904,2.56535e-21
15905,2.55739e-21
15906,2.55044e-21
15907,2.5423e-21
15908,2.53464e-21
15909,2.5278e-21
15910,2.51972e-21
15911,2.51267e-21
15912,2.50459e-21
15913,2.49756e-21
15914,2.49045e-21
15915,2.48259e-21
15916,2.47513e-21
15917,2.4682e-21
15918,2.46098e-21
15919,2.45374e-21
15920,2.44702e-21
15921,2.4405e-21
15922,2.43351e-21
15923,2.42546e-21
15924,2.41902e-21
15925,2.41195e-21
15926,2.40418e-21
15927,2.39739e-21
15928,2.38969e-21
15929,2.38247e-21
15930,2.37545e-21
15931,2.3677e-21
15932,2.36036e-21
15933,2.35256e-21
15934,2.34489e-21
15935,2.33778e-21
15936,2.33079e-21
15937,2.32313e-21
15938,2.31632e-21
15939,2.31024e-21
15940,2.30415e-21
15941,2.29772e-21
15942,2.29134e-21
15943,2.28396e-21
15944,2.2771e-21
15945,2.27022e-21
15946,2.26316e-21
15947,2.25556e-21
15948,2.24819e-21
15949,2.24211e-21
15950,2.23559e-21
15951,2.22824e-21
15952,2.22211e-21
15953,2.2151e-21
15954,2.20772e-21
15955,2.20157e-21
15956,2.19541e-21
15957,2.18849e-21
15958,2.182e-21
15959,2.17609e-21
15960,2.16995e-21
15961,2.16295e-21
15962,2.15725e-21
15963,2.15035e-21
15964,2.14339e-21
15965,2.13641e-21
15966,2.1301e-21
15967,2.12406e-21
15968,2.11743e-21
15969,2.1106e-21
15970,2.10457e-21
15971,2.09798e-21
15972,2.09237e-21
15973,2.08618e-21
15974,2.07978e-21
15975,2.07347e-21
15976,2.06792e-21
15977,2.06211e-21
15978,2.05596e-21
15979,2.0493e-21
15980,2.04329e-21
15981,2.03655e-21
15982,2.0299e-21
15983,2.0237e-21
15984,2.01726e-21
15985,2.01082e-21
15986,2.0044e-21
15987,1.99911e-21
15988,1.9932e-21
15989,1.9877e-21
15990,1.9823e-21
15991,1.97604e-21
15992,1.97075e-21
15993,1.96538e-21
15994,1.95929e-21
15995,1.95289e-21
15996,1.94629e-21
15997,1.94096e-21
15998,1.93566e-21
15999,1.92971e-21
16000,1.9233e-21
16001,1.91755e-21
16002,1.91194e-21
16003,1.90691e-21
16004,1.90073e-21
16005,1.89568e-21
16006,1.89003e-21
16007,1.88501e-21
16008,1.87967e-21
16009,1.87462e-21
16010,1.86861e-21
16011,1.86267e-21
16012,1.85771e-21
16013,1.852e-21
16014,1.84678e-21
16015,1.84092e-21
16016,1.83546e-21
16017,1.83064e-21
16018,1.82488e-21
16019,1.81875e-21
16020,1.81371e-21
16021,1.80778e-21
16022,1.80192e-21
16023,1.79683e-21
16024,1.79197e-21
16025,1.78667e-21
16026,1.78183e-21
16027,1.77707e-21
16028,1.77166e-21
16029,1.76665e-21
16030,1.76111e-21
16031,1.7557e-21
16032,1.75014e-21
16033,1.74531e-21
16034,1.74003e-21
16035,1.73457e-21
16036,1.72973e-21
16037,1.72501e-21
16038,1.71963e-21
16039,1.71442e-21
16040,1.70961e-21
16041,1.70437e-21
16042,1.69957e-21
16043,1.69477e-21
16044,1.68991e-21
16045,1.68486e-21
16046,1.68031e-21
16047,1.67503e-21
16048,1.66997e-21
16049,1.66445e-21
16050,1.65906e-21
16051,1.65379e-21
16052,1.64831e-21
16053,1.64325e-21
16054,1.63777e-21
16055,1.63345e-21
16056,1.62909e-21
16057,1.62473e-21
16058,1.62037e-21
16059,1.61536e-21
16060,1.61069e-21
16061,1.60551e-21
16062,1.60091e-21
16063,1.5966e-21
16064,1.59238e-21
16065,1.58728e-21
16066,1.58213e-21
16067,1.57767e-21
16068,1.57346e-21
16069,1.56876e-21
16070,1.56375e-21
16071,1.55927e-21
16072,1.55495e-21
16073,1.55081e-21
16074,1.54614e-21
16075,1.54144e-21
16076,1.53674e-21
16077,1.5319e-21
16078,1.52745e-21
16079,1.52332e-21
16080,1.51867e-21
16081,1.51453e-21
16082,1.50974e-21
16083,1.50513e-21
16084,1.50041e-21
16085,1.49558e-21
16086,1.49098e-21
16087,1.48623e-21
16088,1.48133e-21
16089,1.47665e-21
16090,1.47223e-21
16091,1.46811e-21
16092,1.46374e-21
16093,1.45906e-21
16094,1.45485e-21
16095,1.45047e-21
16096,1.44592e-21
16097,1.44196e-21
16098,1.43741e-21
16099,1.4328e-21
16100,1.42825e-21
16101,1.42384e-21
16102,1.42001e-21
16103,1.41543e-21
16104,1.41099e-21
16105,1.40654e-21
16106,1.40232e-21
16107,1.39839e-21
16108,1.39432e-21
16109,1.38981e-21
16110,1.38578e-21
16111,1.38206e-21
16112,1.37841e-21
16113,1.37464e-21
16114,1.37044e-21
16115,1.36613e-21
16116,1.36154e-21
16117,1.35771e-21
16118,1.3537e-21
16119,1.34934e-21
16120,1.34483e-21
16121,1.34026e-21
16122,1.33665e-21
16123,1.33275e-21
16124,1.32854e-21
16125,1.32462e-21
16126,1.32112e-21
16127,1.31726e-21
16128,1.31327e-21
16129,1.30903e-21
16130,1.30534e-21
16131,1.30165e-21
16132,1.29785e-21
16133,1.29413e-21
16134,1.29053e-21
16135,1.28706e-21
16136,1.28364e-21
16137,1.27967e-21
16138,1.27598e-21
16139,1.27222e-21
16140,1.26833e-21
16141,1.26434e-21
16142,1.26048e-21
16143,1.25659e-21
16144,1.25247e-21
16145,1.24896e-21
16146,1.2454e-21
16147,1.24139e-21
16148,1.23769e-21
16149,1.23371e-21
16150,1.22979e-21
16151,1.22619e-21
16152,1.22229e-21
16153,1.21834e-21
16154,1.21433e-21
16155,1.2106e-21
16156,1.20722e-21
16157,1.20334e-21
16158,1.20015e-21
16159,1.19638e-21
16160,1.19259e-21
16161,1.1892e-21
16162,1.18599e-21
16163,1.18275e-21
16164,1.17916e-21
16165,1.17577e-21
16166,1.17246e-21
16167,1.16885e-21
16168,1.16571e-21
16169,1.16218e-21
16170,1.159e-21
16171,1.15543e-21
16172,1.1521e-21
16173,1.14851e-21
16174,1.14521e-21
16175,1.14202e-21
16176,1.1383e-21
16177,1.1347e-21
16178,1.13164e-21
16179,1.12837e-21
16180,1.125e-21
16181,1.12139e-21
16182,1.11776e-21
16183,1.11454e-21
16184,1.11113e-21
16185,1.10768e-21
16186,1.10404e-21
16187,1.10039e-21
16188,1.09703e-21
16189,1.09341e-21
16190,1.08995e-21
16191,1.08686e-21
16192,1.08385e-21
16193,1.08043e-21
16194,1.07724e-21
16195,1.07376e-21
16196,1.07082e-21
16197,1.06751e-21
16198,1.06429e-21
16199,1.0613e-21
16200,1.05827e-21
16201,1.055e-21
16202,1.05149e-21
16203,1.04815e-21
16204,1.04508e-21
16205,1.04212e-21
16206,1.03872e-21
16207,1.03572e-21
16208,1.03229e-21
16209,1.02955e-21
16210,1.02635e-21
16211,1.02326e-21
16212,1.01994e-21
16213,1.01682e-21
16214,1.01352e-21
16215,1.01047e-21
16216,1.00766e-21
16217,1.00451e-21
16218,1.0016e-21
16219,9.98444e-22
16220,9.95308e-22
16221,9.9266e-22
16222,9.90034e-22
16223,9.86866e-22
16224,9.83631e-22
16225,9.80681e-22
16226,9.77568e-22
16227,9.74996e-22
16228,9.72317e-22
16229,9.69575e-22
16230,9.66861e-22
16231,9.6397e-22
16232,9.60758e-22
16233,9.58067e-22
16234,9.55398e-22
16235,9.5264e-22
16236,9.49794e-22
16237,9.47183e-22
16238,9.44233e-22
16239,9.41386e-22
16240,9.38767e-22
16241,9.35989e-22
16242,9.33499e-22
16243,9.30998e-22
16244,9.28517e-22
16245,9.25543e-22
16246,9.22694e-22
16247,9.20078e-22
16248,9.1725e-22
16249,9.14195e-22
16250,9.11755e-22
16251,9.09158e-22
16252,9.06765e-22
16253,9.04332e-22
16254,9.01804e-22
16255,8.98912e-22
16256,8.96152e-22
16257,8.93775e-22
16258,8.90927e-22
16259,8.88056e-22
16260,8.8549e-22
16261,8.83073e-22
16262,8.80562e-22
16263,8.78049e-22
16264,8.75517e-22
16265,8.72867e-22
16266,8.70108e-22
16267,8.67223e-22
16268,8.6442e-22
16269,8.61821e-22
16270,8.59286e-22
16271,8.5643e-22
16272,8.54181e-22
16273,8.51672e-22
16274,8.49386e-22
16275,8.47117e-22
16276,8.4467e-22
16277,8.42054e-22
16278,8.39615e-22
16279,8.37363e-22
16280,8.34817e-22
16281,8.32365e-22
16282,8.2992e-22
16283,8.27352e-22
16284,8.24854e-22
16285,8.22259e-22
16286,8.19763e-22
16287,8.1754e-22
16288,8.14989e-22
16289,8.12582e-22
16290,8.09926e-22
16291,8.07725e-22
16292,8.0529e-22
16293,8.0303e-22
16294,8.00673e-22
16295,7.98015e-22
16296,7.95384e-22
16297,7.93164e-22
16298,7.906e-22
16299,7.88148e-22
16300,7.85662e-22
16301,7.83387e-22
16302,7.80997e-22
16303,7.78535e-22
16304,7.75982e-22
16305,7.73512e-22
16306,7.71007e-22
16307,7.6881e-22
16308,7.66582e-22
16309,7.64475e-22
16310,7.62276e-22
16311,7.60245e-22
16312,7.57952e-22
16313,7.55503e-22
16314,7.53089e-22
16315,7.51022e-22
16316,7.48772e-22
16317,7.4665e-22
16318,7.44546e-22
16319,7.42421e-22
16320,7.40097e-22
16321,7.38041e-22
16322,7.35874e-22
16323,7.33762e-22
16324,7.31601e-22
16325,7.29195e-22
16326,7.2708e-22
16327,7.25011e-22
16328,7.23029e-22
16329,7.21005e-22
16330,7.18656e-22
16331,7.16274e-22
16332,7.14032e-22
16333,7.11852e-22
16334,7.09664e-22
16335,7.07534e-22
16336,7.05529e-22
16337,7.03473e-22
16338,7.01228e-22
16339,6.99011e-22
16340,6.9685e-22
16341,6.94914e-22
16342,6.92734e-22
16343,6.9079e-22
16344,6.88953e-22
16345,6.86918e-22
16346,6.84916e-22
16347,6.82817e-22
16348,6.80613e-22
16349,6.78454e-22
16350,6.76166e-22
16351,6.74078e-22
16352,6.71849e-22
16353,6.69839e-22
16354,6.67632e-22
16355,6.6567e-22
16356,6.63728e-22
16357,6.61851e-22
16358,6.59788e-22
16359,6.57766e-22
16360,6.55763e-22
16361,6.53715e-22
16362,6.51763e-22
16363,6.4995e-22
16364,6.4813e-22
16365,6.46383e-22
16366,6.44377e-22
16367,6.42415e-22
16368,6.40472e-22
16369,6.38528e-22
16370,6.36723e-22
16371,6.34977e-22
16372,6.32984e-22
16373,6.31293e-22
16374,6.29463e-22
16375,6.2744e-22
16376,6.25506e-22
16377,6.23471e-22
16378,6.21595e-22
16379,6.19773e-22
16380,6.17899e-22
16381,6.16059e-22
16382,6.14438e-22
16383,6.12632e-22
16384,6.10609e-22
16385,6.08544e-22
16386,6.06496e-22
16387,6.04713e-22
16388,6.03015e-22
16389,6.01168e-22
16390,5.99594e-22
16391,5.97704e-22
16392,5.95978e-22
16393,5.94213e-22
16394,5.92622e-22
16395,5.90829e-22
16396,5.89019e-22
16397,5.87113e-22
16398,5.85478e-22
16399,5.83877e-22
16400,5.82188e-22
16401,5.80459e-22
16402,5.7879e-22
16403,5.77189e-22
16404,5.75454e-22
16405,5.73614e-22
16406,5.72078e-22
16407,5.70511e-22
16408,5.68767e-22
16409,5.67035e-22
16410,5.65289e-22
16411,5.63705e-22
16412,5.62198e-22
16413,5.6049e-22
16414,5.58711e-22
16415,5.57223e-22
16416,5.55542e-22
16417,5.53811e-22
16418,5.52169e-22
16419,5.50371e-22
16420,5.48777e-22
16421,5.47162e-22
16422,5.45437e-22
16423,5.43713e-22
16424,5.4189e-22
16425,5.40102e-22
16426,5.38535e-22
16427,5.36903e-22
16428,5.35228e-22
16429,5.33595e-22
16430,5.31897e-22
16431,5.30456e-22
16432,5.29037e-22
16433,5.27605e-22
16434,5.26108e-22
16435,5.24488e-22
16436,5.22746e-22
16437,5.21201e-22
16438,5.19513e-22
16439,5.17901e-22
16440,5.16539e-22
16441,5.15021e-22
16442,5.13354e-22
16443,5.11968e-22
16444,5.10571e-22
16445,5.09018e-22
16446,5.07621e-22
16447,5.06025e-22
16448,5.04569e-22
16449,5.03023e-22
16450,5.01446e-22
16451,4.99868e-22
16452,4.98513e-22
16453,4.97056e-22
16454,4.95606e-22
16455,4.94274e-22
16456,4.92878e-22
16457,4.91324e-22
16458,4.89778e-22
16459,4.88488e-22
16460,4.87094e-22
16461,4.8566e-22
16462,4.84338e-22
16463,4.82922e-22
16464,4.81446e-22
16465,4.80011e-22
16466,4.78701e-22
16467,4.77266e-22
16468,4.75698e-22
16469,4.74439e-22
16470,4.73133e-22
16471,4.71598e-22
16472,4.70159e-22
16473,4.68894e-22
16474,4.67648e-22
16475,4.66205e-22
16476,4.64724e-22
16477,4.6342e-22
16478,4.62038e-22
16479,4.60793e-22
16480,4.5932e-22
16481,4.58027e-22
16482,4.56575e-22
16483,4.5537e-22
16484,4.53967e-22
16485,4.52694e-22
16486,4.51467e-22
16487,4.50267e-22
16488,4.49074e-22
16489,4.47659e-22
16490,4.46454e-22
16491,4.45161e-22
16492,4.43895e-22
16493,4.42656e-22
16494,4.41228e-22
16495,4.39745e-22
16496,4.38325e-22
16497,4.37152e-22
16498,4.35854e-22
16499,4.34497e-22
16500,4.33321e-22
16501,4.3197e-22
16502,4.30628e-22
16503,4.29281e-22
16504,4.27874e-22
16505,4.26509e-22
16506,4.25253e-22
16507,4.23946e-22
16508,4.22531e-22
16509,4.21092e-22
16510,4.19728e-22
16511,4.1834e-22
16512,4.17163e-22
16513,4.15905e-22
16514,4.14539e-22
16515,4.13457e-22
16516,4.12155e-22
16517,4.11055e-22
16518,4.09962e-22
16519,4.08652e-22
16520,4.07294e-22
16521,4.06171e-22
16522,4.05015e-22
16523,4.03884e-22
16524,4.02709e-22
16525,4.0158e-22
16526,4.00467e-22
16527,3.99365e-22
16528,3.98228e-22
16529,3.96971e-22
16530,3.9566e-22
16531,3.94474e-22
16532,3.93279e-22
16533,3.92087e-22
16534,3.91011e-22
16535,3.89869e-22
16536,3.88766e-22
16537,3.87588e-22
16538,3.86539e-22
16539,3.85455e-22
16540,3.8429e-22
16541,3.83036e-22
16542,3.81978e-22
16543,3.80761e-22
16544,3.79621e-22
16545,3.78595e-22
16546,3.77394e-22
16547,3.76305e-22
16548,3.75269e-22
16549,3.74055e-22
16550,3.72998e-22
16551,3.7199e-22
16552,3.70988e-22
16553,3.69867e-22
16554,3.68793e-22
16555,3.67682e-22
16556,3.66479e-22
16557,3.65338e-22
16558,3.64169e-22
16559,3.63141e-22
16560,3.62084e-22
16561,3.6096e-22
16562,3.59812e-22
16563,3.58866e-22
16564,3.57864e-22
16565,3.56703e-22
16566,3.55633e-22
16567,3.54551e-22
16568,3.53478e-22
16569,3.52393e-22
16570,3.51239e-22
16571,3.50272e-22
16572,3.49234e-22
16573,3.48297e-22
16574,3.47377e-22
16575,3.46463e-22
16576,3.45508e-22
16577,3.44395e-22
16578,3.43391e-22
16579,3.42389e-22
16580,3.41286e-22
16581,3.40218e-22
16582,3.39182e-22
16583,3.38295e-22
16584,3.37346e-22
16585,3.36242e-22
16586,3.35211e-22
16587,3.34279e-22
16588,3.33266e-22
16589,3.32306e-22
16590,3.31321e-22
16591,3.3044e-22
16592,3.29559e-22
16593,3.28641e-22
16594,3.27761e-22
16595,3.26827e-22
16596,3.25923e-22
16597,3.24942e-22
16598,3.23864e-22
16599,3.22812e-22
16600,3.21911e-22
16601,3.2088e-22
16602,3.19799e-22
16603,3.18766e-22
16604,3.17689e-22
16605,3.16849e-22
16606,3.1586e-22
16607,3.14982e-22
16608,3.13957e-22
16609,3.13088e-22
16610,3.12132e-22
16611,3.11125e-22
16612,3.10101e-22
16613,3.09231e-22
16614,3.08246e-22
16615,3.07396e-22
16616,3.06546e-22
16617,3.05657e-22
16618,3.04768e-22
16619,3.03789e-22
16620,3.02805e-22
16621,3.01793e-22
16622,3.00778e-22
16623,2.99773e-22
16624,2.98937e-22
16625,2.98148e-22
16626,2.97317e-22
16627,2.96451e-22
16628,2.95543e-22
16629,2.94714e-22
16630,2.93893e-22
16631,2.92953e-22
16632,2.92154e-22
16633,2.91343e-22
16634,2.90457e-22
16635,2.89667e-22
16636,2.88855e-22
16637,2.88012e-22
16638,2.87183e-22
16639,2.86381e-22
16640,2.85506e-22
16641,2.8475e-22
16642,2.83986e-22
16643,2.83145e-22
16644,2.82345e-22
16645,2.81422e-22
16646,2.80523e-22
16647,2.79674e-22
16648,2.7886e-22
16649,2.78099e-22
16650,2.77297e-22
16651,2.76529e-22
16652,2.75786e-22
16653,2.75001e-22
16654,2.74258e-22
16655,2.73481e-22
16656,2.72691e-22
16657,2.71899e-22
16658,2.71037e-22
16659,2.70317e-22
16660,2.69492e-22
16661,2.68775e-22
16662,2.67912e-22
16663,2.67036e-22
16664,2.66271e-22
16665,2.65466e-22
16666,2.64771e-22
16667,2.63976e-22
16668,2.63274e-22
16669,2.62521e-22
16670,2.61674e-22
16671,2.60842e-22
16672,2.60072e-22
16673,2.59389e-22
16674,2.58666e-22
16675,2.57859e-22
16676,2.57187e-22
16677,2.5651e-22
16678,2.5579e-22
16679,2.55052e-22
16680,2.54349e-22
16681,2.53562e-22
16682,2.52778e-22
16683,2.52055e-22
16684,2.5138e-22
16685,2.50595e-22
16686,2.49813e-22
16687,2.49064e-22
16688,2.48374e-22
16689,2.47644e-22
16690,2.46897e-22
16691,2.46087e-22
16692,2.45334e-22
16693,2.44598e-22
16694,2.43821e-22
16695,2.43018e-22
16696,2.42357e-22
16697,2.41598e-22
16698,2.40871e-22
16699,2.40205e-22
16700,2.39546e-22
16701,2.38853e-22
16702,2.38072e-22
16703,2.37327e-22
16704,2.36626e-22
16705,2.35967e-22
16706,2.35284e-22
16707,2.34596e-22
16708,2.33936e-22
16709,2.33208e-22
16710,2.32447e-22
16711,2.31748e-22
16712,2.31062e-22
16713,2.30372e-22
16714,2.29631e-22
16715,2.28927e-22
16716,2.28274e-22
16717,2.27594e-22
16718,2.26982e-22
16719,2.26307e-22
16720,2.2571e-22
16721,2.25021e-22
16722,2.24353e-22
16723,2.23669e-22
16724,2.23046e-22
16725,2.22422e-22
16726,2.21764e-22
16727,2.21125e-22
16728,2.20533e-22
16729,2.1995e-22
16730,2.19292e-22
16731,2.18672e-22
16732,2.18029e-22
16733,2.17372e-22
16734,2.16653e-22
16735,2.15924e-22
16736,2.15217e-22
16737,2.14586e-22
16738,2.13964e-22
16739,2.13388e-22
16740,2.1281e-22
16741,2.12214e-22
16742,2.1157e-22
16743,2.10919e-22
16744,2.10239e-22
16745,2.09611e-22
16746,2.09027e-22
16747,2.08458e-22
16748,2.0791e-22
16749,2.0732e-22
16750,2.06675e-22
16751,2.06123e-22
16752,2.05577e-22
16753,2.05009e-22
16754,2.04379e-22
16755,2.03798e-22
16756,2.03192e-22
16757,2.02629e-22
16758,2.02006e-22
16759,2.01383e-22
16760,2.00816e-22
16761,2.00249e-22
16762,1.99597e-22
16763,1.98955e-22
16764,1.983e-22
16765,1.97635e-22
16766,1.97003e-22
16767,1.9638e-22
16768,1.95816e-22
16769,1.95284e-22
16770,1.94668e-22
16771,1.94084e-22
16772,1.93514e-22
16773,1.92944e-22
16774,1.92418e-22
16775,1.91878e-22
16776,1.91253e-22
16777,1.90692e-22
16778,1.9013e-22
16779,1.89633e-22
16780,1.89045e-22
16781,1.8852e-22
16782,1.88016e-22
16783,1.87422e-22
16784,1.86866e-22
16785,1.86271e-22
16786,1.8576e-22
16787,1.85273e-22
16788,1.84786e-22
16789,1.84201e-22
16790,1.83626e-22
16791,1.83102e-22
16792,1.82599e-22
16793,1.82046e-22
16794,1.81557e-22
16795,1.81072e-22
16796,1.80532e-22
16797,1.79951e-22
16798,1.79368e-22
16799,1.78769e-22
16800,1.783e-22
16801,1.7776e-22
16802,1.77238e-22
16803,1.76715e-22
16804,1.76235e-22
16805,1.75704e-22
16806,1.75145e-22
16807,1.74671e-22
16808,1.7421e-22
16809,1.73725e-22
16810,1.73255e-22
16811,1.72709e-22
16812,1.72192e-22
16813,1.71712e-22
16814,1.71183e-22
16815,1.70611e-22
16816,1.70158e-22
16817,1.69618e-22
16818,1.69173e-22
16819,1.68721e-22
16820,1.68196e-22
16821,1.67671e-22
16822,1.67178e-22
16823,1.66625e-22
16824,1.66146e-22
16825,1.65649e-22
16826,1.65205e-22
16827,1.64677e-22
16828,1.64194e-22
16829,1.63659e-22
16830,1.63122e-22
16831,1.62639e-22
16832,1.62146e-22
16833,1.61685e-22
16834,1.6116e-22
16835,1.60644e-22
16836,1.60107e-22
16837,1.59596e-22
16838,1.5907e-22
16839,1.58653e-22
16840,1.58238e-22
16841,1.57821e-22
16842,1.57323e-22
16843,1.5685e-22
16844,1.56406e-22
16845,1.55938e-22
16846,1.55473e-22
16847,1.55025e-22
16848,1.54571e-22
16849,1.54109e-22
16850,1.53653e-22
16851,1.53224e-22
16852,1.528e-22
16853,1.52306e-22
16854,1.51879e-22
16855,1.51424e-22
16856,1.50973e-22
16857,1.50541e-22
16858,1.50096e-22
16859,1.49605e-22
16860,1.49181e-22
16861,1.48754e-22
16862,1.48327e-22
16863,1.47849e-22
16864,1.47382e-22
16865,1.46961e-22
16866,1.46511e-22
16867,1.46056e-22
16868,1.45669e-22
16869,1.45237e-22
16870,1.44786e-22
16871,1.444e-22
16872,1.43966e-22
16873,1.43532e-22
16874,1.43094e-22
16875,1.42623e-22
16876,1.42235e-22
16877,1.41851e-22
16878,1.41452e-22
16879,1.41024e-22
16880,1.40586e-22
16881,1.40134e-22
16882,1.39673e-22
16883,1.39206e-22
16884,1.38757e-22
16885,1.3838e-22
16886,1.37972e-22
16887,1.37585e-22
16888,1.3718e-22
16889,1.36819e-22
16890,1.36443e-22
16891,1.36015e-22
16892,1.35618e-22
16893,1.35205e-22
16894,1.34784e-22
16895,1.34419e-22
16896,1.33985e-22
16897,1.33598e-22
16898,1.33174e-22
16899,1.32825e-22
16900,1.32401e-22
16901,1.32002e-22
16902,1.31648e-22
16903,1.31257e-22
16904,1.30906e-22
16905,1.30504e-22
16906,1.30116e-22
16907,1.29753e-22
16908,1.2934e-22
16909,1.28921e-22
16910,1.28496e-22
16911,1.28105e-22
16912,1.2771e-22
16913,1.27304e-22
16914,1.26925e-22
16915,1.26555e-22
16916,1.26144e-22
16917,1.25813e-22
16918,1.25429e-22
16919,1.25062e-22
16920,1.24731e-22
16921,1.24331e-22
16922,1.23985e-22
16923,1.23621e-22
16924,1.2325e-22
16925,1.22845e-22
16926,1.22464e-22
16927,1.22097e-22
16928,1.21752e-22
16929,1.21396e-22
16930,1.21033e-22
16931,1.20697e-22
16932,1.20302e-22
16933,1.19926e-22
16934,1.19541e-22
16935,1.1922e-22
16936,1.1888e-22
16937,1.18544e-22
16938,1.18207e-22
16939,1.17878e-22
16940,1.17559e-22
16941,1.17234e-22
16942,1.16866e-22
16943,1.16489e-22
16944,1.16183e-22
16945,1.15859e-22
16946,1.15537e-22
16947,1.15163e-22
16948,1.14834e-22
16949,1.14458e-22
16950,1.14126e-22
16951,1.13798e-22
16952,1.13428e-22
16953,1.13078e-22
16954,1.1271e-22
16955,1.12371e-22
16956,1.12034e-22
16957,1.117e-22
16958,1.11406e-22
16959,1.11055e-22
16960,1.10683e-22
16961,1.10342e-22
16962,1.10045e-22
16963,1.09689e-22
16964,1.09381e-22
16965,1.09028e-22
16966,1.08737e-22
16967,1.08409e-22
16968,1.08107e-22
16969,1.07793e-22
16970,1.07444e-22
16971,1.0713e-22
16972,1.06798e-22
16973,1.06464e-22
16974,1.06167e-22
16975,1.0584e-22
16976,1.05562e-22
16977,1.05255e-22
16978,1.04931e-22
16979,1.04631e-22
16980,1.04324e-22
16981,1.04048e-22
16982,1.03729e-22
16983,1.03427e-22
16984,1.03108e-22
16985,1.02793e-22
16986,1.02456e-22
16987,1.02169e-22
16988,1.01894e-22
16989,1.01565e-22
16990,1.01292e-22
16991,1.0102e-22
16992,1.00721e-22
16993,1.00442e-22
16994,1.00174e-22
16995,9.98601e-23
16996,9.95884e-23
16997,9.93171e-23
16998,9.90273e-23
16999,9.87411e-23
17000,9.84406e-23
17001,9.81564e-23
17002,9.78449e-23
17003,9.75652e-23
17004,9.73042e-23
17005,9.70471e-23
17006,9.67905e-23
17007,9.65309e-23
17008,9.6245e-23
17009,9.59436e-23
17010,9.566e-23
17011,9.54084e-23
17012,9.51115e-23
17013,9.48495e-23
17014,9.45742e-23
17015,9.42956e-23
17016,9.39956e-23
17017,9.37238e-23
17018,9.34319e-23
17019,9.31222e-23
17020,9.28541e-23
17021,9.2558e-23
17022,9.2312e-23
17023,9.20179e-23
17024,9.17731e-23
17025,9.15241e-23
17026,9.12416e-23
17027,9.09884e-23
17028,9.07298e-23
17029,9.04798e-23
17030,9.02058e-23
17031,8.99059e-23
17032,8.96279e-23
17033,8.93635e-23
17034,8.91101e-23
17035,8.88346e-23
17036,8.85686e-23
17037,8.8313e-23
17038,8.80317e-23
17039,8.77967e-23
17040,8.75605e-23
17041,8.7315e-23
17042,8.70803e-23
17043,8.68008e-23
17044,8.65404e-23
17045,8.62792e-23
17046,8.60274e-23
17047,8.57834e-23
17048,8.55044e-23
17049,8.52704e-23
17050,8.50323e-23
17051,8.47939e-23
17052,8.4572e-23
17053,8.43328e-23
17054,8.41011e-23
17055,8.38769e-23
17056,8.36301e-23
17057,8.3356e-23
17058,8.31175e-23
17059,8.28505e-23
17060,8.26233e-23
17061,8.23555e-23
17062,8.20847e-23
17063,8.18196e-23
17064,8.1579e-23
17065,8.13545e-23
17066,8.11153e-23
17067,8.0849e-23
17068,8.06002e-23
17069,8.03694e-23
17070,8.01574e-23
17071,7.99113e-23
17072,7.96642e-23
17073,7.94466e-23
17074,7.92043e-23
17075,7.89878e-23
17076,7.87433e-23
17077,7.85316e-23
17078,7.83013e-23
17079,7.80586e-23
17080,7.78389e-23
17081,7.75943e-23
17082,7.73921e-23
17083,7.71759e-23
17084,7.69669e-23
17085,7.67556e-23
17086,7.65358e-23
17087,7.63004e-23
17088,7.6092e-23
17089,7.58578e-23
17090,7.56281e-23
17091,7.54119e-23
17092,7.51797e-23
17093,7.49587e-23
17094,7.47559e-23
17095,7.4555e-23
17096,7.4329e-23
17097,7.41e-23
17098,7.39021e-23
17099,7.36971e-23
17100,7.35049e-23
17101,7.3307e-23
17102,7.3116e-23
17103,7.2895e-23
17104,7.26887e-23
17105,7.24657e-23
17106,7.22318e-23
17107,7.20402e-23
17108,7.18161e-23
17109,7.16099e-23
17110,7.13857e-23
17111,7.11955e-23
17112,7.1003e-23
17113,7.07826e-23
17114,7.05782e-23
17115,7.03791e-23
17116,7.01489e-23
17117,6.99234e-23
17118,6.96874e-23
17119,6.9497e-23
17120,6.92932e-23
17121,6.90848e-23
17122,6.88795e-23
17123,6.86906e-23
17124,6.85105e-23
17125,6.83039e-23
17126,6.81101e-23
17127,6.79007e-23
17128,6.77084e-23
17129,6.75132e-23
17130,6.72927e-23
17131,6.71008e-23
17132,6.69007e-23
17133,6.66806e-23
17134,6.64551e-23
17135,6.62354e-23
17136,6.60292e-23
17137,6.58161e-23
17138,6.55975e-23
17139,6.54038e-23
17140,6.52247e-23
17141,6.50251e-23
17142,6.48311e-23
17143,6.46462e-23
17144,6.44574e-23
17145,6.42489e-23
17146,6.40488e-23
17147,6.38605e-23
17148,6.36637e-23
17149,6.3467e-23
17150,6.32732e-23
17151,6.31002e-23
17152,6.29263e-23
17153,6.27576e-23
17154,6.25792e-23
17155,6.24053e-23
17156,6.22107e-23
17157,6.20165e-23
17158,6.18109e-23
17159,6.16461e-23
17160,6.14815e-23
17161,6.12857e-23
17162,6.11077e-23
17163,6.09207e-23
17164,6.07234e-23
17165,6.05474e-23
17166,6.03679e-23
17167,6.01889e-23
17168,6.00232e-23
17169,5.98492e-23
17170,5.96541e-23
17171,5.94801e-23
17172,5.93195e-23
17173,5.91473e-23
17174,5.89626e-23
17175,5.87826e-23
17176,5.8614e-23
17177,5.84451e-23
17178,5.82911e-23
17179,5.81379e-23
17180,5.79843e-23
17181,5.78094e-23
17182,5.76499e-23
17183,5.74887e-23
17184,5.73095e-23
17185,5.71352e-23
17186,5.69637e-23
17187,5.67933e-23
17188,5.66342e-23
17189,5.6468e-23
17190,5.62965e-23
17191,5.61344e-23
17192,5.59728e-23
17193,5.58269e-23
17194,5.56803e-23
17195,5.55262e-23
17196,5.53675e-23
17197,5.52024e-23
17198,5.50284e-23
17199,5.48605e-23
17200,5.46777e-23
17201,5.45044e-23
17202,5.43214e-23
17203,5.41742e-23
17204,5.40273e-23
17205,5.38607e-23
17206,5.36914e-23
17207,5.35304e-23
17208,5.33857e-23
17209,5.32199e-23
17210,5.30592e-23
17211,5.29135e-23
17212,5.27609e-23
17213,5.25954e-23
17214,5.24392e-23
17215,5.22956e-23
17216,5.21473e-23
17217,5.20105e-23
17218,5.18514e-23
17219,5.16925e-23
17220,5.15382e-23
17221,5.13916e-23
17222,5.12576e-23
17223,5.10948e-23
17224,5.09486e-23
17225,5.08146e-23
17226,5.06768e-23
17227,5.05211e-23
17228,5.03677e-23
17229,5.02022e-23
17230,5.00593e-23
17231,4.9909e-23
17232,4.97561e-23
17233,4.96157e-23
17234,4.94626e-23
17235,4.93044e-23
17236,4.91748e-23
17237,4.90332e-23
17238,4.88945e-23
17239,4.87616e-23
17240,4.8628e-23
17241,4.84732e-23
17242,4.83336e-23
17243,4.81866e-23
17244,4.80384e-23
17245,4.78833e-23
17246,4.77283e-23
17247,4.7567e-23
17248,4.74096e-23
17249,4.72658e-23
17250,4.71213e-23
17251,4.69852e-23
17252,4.68344e-23
17253,4.66899e-23
17254,4.6558e-23
17255,4.64302e-23
17256,4.62891e-23
17257,4.61527e-23
17258,4.60023e-23
17259,4.58737e-23
17260,4.57419e-23
17261,4.56155e-23
17262,4.54718e-23
17263,4.53521e-23
17264,4.52189e-23
17265,4.50843e-23
17266,4.49399e-23
17267,4.48037e-23
17268,4.46555e-23
17269,4.45336e-23
17270,4.43966e-23
17271,4.42753e-23
17272,4.41589e-23
17273,4.40417e-23
17274,4.39046e-23
17275,4.37678e-23
17276,4.36237e-23
17277,4.34889e-23
17278,4.33538e-23
17279,4.32154e-23
17280,4.30978e-23
17281,4.29771e-23
17282,4.28602e-23
17283,4.27479e-23
17284,4.26119e-23
17285,4.24856e-23
17286,4.23681e-23
17287,4.22415e-23
17288,4.21031e-23
17289,4.19885e-23
17290,4.18567e-23
17291,4.17371e-23
17292,4.16176e-23
17293,4.1491e-23
17294,4.13717e-23
17295,4.12382e-23
17296,4.11255e-23
17297,4.10129e-23
17298,4.08938e-23
17299,4.07836e-23
17300,4.06679e-23
17301,4.05572e-23
17302,4.04437e-23
17303,4.03276e-23
17304,4.02157e-23
17305,4.01084e-23
17306,4.0002e-23
17307,3.98936e-23
17308,3.97713e-23
17309,3.96458e-23
17310,3.9514e-23
17311,3.9384e-23
17312,3.928e-23
17313,3.91747e-23
17314,3.90505e-23
17315,3.89202e-23
17316,3.88005e-23
17317,3.86966e-23
17318,3.85824e-23
17319,3.84676e-23
17320,3.83606e-23
17321,3.82516e-23
17322,3.81297e-23
17323,3.80123e-23
17324,3.78855e-23
17325,3.77801e-23
17326,3.76686e-23
17327,3.75664e-23
17328,3.74582e-23
17329,3.73355e-23
17330,3.72301e-23
17331,3.71134e-23
17332,3.70129e-23
17333,3.69027e-23
17334,3.6802e-23
17335,3.6697e-23
17336,3.65846e-23
17337,3.64827e-23
17338,3.63745e-23
17339,3.627e-23
17340,3.61507e-23
17341,3.60427e-23
17342,3.59429e-23
17343,3.58484e-23
17344,3.57414e-23
17345,3.56455e-23
17346,3.55298e-23
17347,3.54321e-23
17348,3.5335e-23
17349,3.52306e-23
17350,3.51213e-23
17351,3.5018e-23
17352,3.4905e-23
17353,3.47991e-23
17354,3.47067e-23
17355,3.45971e-23
17356,3.44867e-23
17357,3.43814e-23
17358,3.42914e-23
17359,3.41979e-23
17360,3.40965e-23
17361,3.40006e-23
17362,3.38897e-23
17363,3.37833e-23
17364,3.36733e-23
17365,3.35818e-23
17366,3.3493e-23
17367,3.33945e-23
17368,3.32984e-23
17369,3.31979e-23
17370,3.30898e-23
17371,3.29939e-23
17372,3.29062e-23
17373,3.28177e-23
17374,3.27236e-23
17375,3.26231e-23
17376,3.25325e-23
17377,3.24391e-23
17378,3.23354e-23
17379,3.22403e-23
17380,3.21352e-23
17381,3.20374e-23
17382,3.19333e-23
17383,3.18301e-23
17384,3.17444e-23
17385,3.16422e-23
17386,3.15434e-23
17387,3.14404e-23
17388,3.13454e-23
17389,3.12483e-23
17390,3.11651e-23
17391,3.10824e-23
17392,3.09822e-23
17393,3.09004e-23
17394,3.08051e-23
17395,3.07058e-23
17396,3.06215e-23
17397,3.05253e-23
17398,3.04375e-23
17399,3.03463e-23
17400,3.02584e-23
17401,3.01742e-23
17402,3.00766e-23
17403,2.99871e-23
17404,2.99009e-23
17405,2.98158e-23
17406,2.9735e-23
17407,2.96458e-23
17408,2.95526e-23
17409,2.94755e-23
17410,2.93979e-23
17411,2.93089e-23
17412,2.92205e-23
17413,2.9125e-23
17414,2.90383e-23
17415,2.89487e-23
17416,2.88547e-23
17417,2.87764e-23
17418,2.86911e-23
17419,2.86084e-23
17420,2.85176e-23
17421,2.84298e-23
17422,2.8346e-23
17423,2.82563e-23
17424,2.81685e-23
17425,2.80905e-23
17426,2.80057e-23
17427,2.79157e-23
17428,2.78424e-23
17429,2.77527e-23
17430,2.76717e-23
17431,2.75913e-23
17432,2.75151e-23
17433,2.74371e-23
17434,2.73487e-23
17435,2.72648e-23
17436,2.71799e-23
17437,2.7108e-23
17438,2.70338e-23
17439,2.69557e-23
17440,2.68844e-23
17441,2.68103e-23
17442,2.67386e-23
17443,2.66584e-23
17444,2.65859e-23
17445,2.65068e-23
17446,2.64322e-23
17447,2.63631e-23
17448,2.62827e-23
17449,2.61981e-23
17450,2.61218e-23
17451,2.60441e-23
17452,2.59678e-23
17453,2.58845e-23
17454,2.58107e-23
17455,2.57415e-23
17456,2.56732e-23
17457,2.55911e-23
17458,2.55058e-23
17459,2.54373e-23
17460,2.53562e-23
17461,2.52833e-23
17462,2.52083e-23
17463,2.51404e-23
17464,2.50636e-23
17465,2.49905e-23
17466,2.49127e-23
17467,2.48408e-23
17468,2.47678e-23
17469,2.46872e-23
17470,2.46073e-23
17471,2.4533e-23
17472,2.44662e-23
17473,2.43881e-23
17474,2.43218e-23
17475,2.42534e-23
17476,2.41826e-23
17477,2.41122e-23
17478,2.4044e-23
17479,2.39785e-23
17480,2.39118e-23
17481,2.38381e-23
17482,2.37636e-23
17483,2.3689e-23
17484,2.3617e-23
17485,2.35552e-23
17486,2.34817e-23
17487,2.34092e-23
17488,2.33319e-23
17489,2.32569e-23
17490,2.3183e-23
17491,2.31077e-23
17492,2.30455e-23
17493,2.29815e-23
17494,2.29068e-23
17495,2.28329e-23
17496,2.27613e-23
17497,2.26902e-23
17498,2.26281e-23
17499,2.25668e-23
17500,2.2499e-23
17501,2.24246e-23
17502,2.23539e-23
17503,2.22827e-23
17504,2.22099e-23
17505,2.21374e-23
17506,2.20784e-23
17507,2.20162e-23
17508,2.19548e-23
17509,2.18918e-23
17510,2.18272e-23
17511,2.17621e-23
17512,2.17036e-23
17513,2.16444e-23
17514,2.15845e-23
17515,2.15185e-23
17516,2.14592e-23
17517,2.14024e-23
17518,2.13422e-23
17519,2.12846e-23
17520,2.12177e-23
17521,2.11614e-23
17522,2.10931e-23
17523,2.10228e-23
17524,2.09626e-23
17525,2.08944e-23
17526,2.0828e-23
17527,2.07578e-23
17528,2.06932e-23
17529,2.06253e-23
17530,2.0569e-23
17531,2.05122e-23
17532,2.04469e-23
17533,2.03804e-23
17534,2.03114e-23
17535,2.02464e-23
17536,2.0183e-23
17537,2.01293e-23
17538,2.00761e-23
17539,2.00117e-23
17540,1.99523e-23
17541,1.98924e-23
17542,1.98338e-23
17543,1.9774e-23
17544,1.97118e-23
17545,1.96498e-23
17546,1.95947e-23
17547,1.95312e-23
17548,1.94685e-23
17549,1.9409e-23
17550,1.93573e-23
17551,1.92995e-23
17552,1.92402e-23
17553,1.91893e-23
17554,1.91328e-23
17555,1.907e-23
17556,1.90053e-23
17557,1.89517e-23
17558,1.889e-23
17559,1.88316e-23
17560,1.87802e-23
17561,1.87298e-23
17562,1.86707e-23
17563,1.86216e-23
17564,1.85618e-23
17565,1.85013e-23
17566,1.8442e-23
17567,1.83849e-23
17568,1.83244e-23
17569,1.82647e-23
17570,1.82088e-23
17571,1.81562e-23
17572,1.81041e-23
17573,1.80563e-23
17574,1.79982e-23
17575,1.79496e-23
17576,1.7894e-23
17577,1.78444e-23
17578,1.77972e-23
17579,1.77448e-23
17580,1.76884e-23
17581,1.76405e-23
17582,1.7593e-23
17583,1.7542e-23
17584,1.7494e-23
17585,1.74408e-23
17586,1.73901e-23
17587,1.73426e-23
17588,1.72869e-23
17589,1.72369e-23
17590,1.71825e-23
17591,1.71366e-23
17592,1.70866e-23
17593,1.70343e-23
17594,1.69885e-23
17595,1.69393e-23
17596,1.68894e-23
17597,1.68348e-23
17598,1.67899e-23
17599,1.67418e-23
17600,1.669e-23
17601,1.66384e-23
17602,1.65852e-23
17603,1.6541e-23
17604,1.64904e-23
17605,1.64383e-23
17606,1.63929e-23
17607,1.63452e-23
17608,1.62914e-23
17609,1.62456e-23
17610,1.61924e-23
17611,1.61402e-23
17612,1.60933e-23
17613,1.60499e-23
17614,1.60057e-23
17615,1.59579e-23
17616,1.59073e-23
17617,1.58581e-23
17618,1.58079e-23
17619,1.57582e-23
17620,1.5717e-23
17621,1.56706e-23
17622,1.5621e-23
17623,1.55744e-23
17624,1.55316e-23
17625,1.5482e-23
17626,1.54304e-23
17627,1.53817e-23
17628,1.53326e-23
17629,1.52924e-23
17630,1.52517e-23
17631,1.52072e-23
17632,1.51603e-23
17633,1.5111e-23
17634,1.50649e-23
17635,1.50215e-23
17636,1.49758e-23
17637,1.49284e-23
17638,1.48799e-23
17639,1.48341e-23
17640,1.47952e-23
17641,1.47489e-23
17642,1.47062e-23
17643,1.46636e-23
17644,1.46156e-23
17645,1.45705e-23
17646,1.45218e-23
17647,1.44753e-23
17648,1.44347e-23
17649,1.43899e-23
17650,1.43476e-23
17651,1.43074e-23
17652,1.42674e-23
17653,1.4228e-23
17654,1.41836e-23
17655,1.41416e-23
17656,1.41035e-23
17657,1.40601e-23
17658,1.40219e-23
17659,1.3977e-23
17660,1.39326e-23
17661,1.38937e-23
17662,1.38539e-23
17663,1.38138e-23
17664,1.37767e-23
17665,1.37323e-23
17666,1.3688e-23
17667,1.36444e-23
17668,1.36013e-23
17669,1.35593e-23
17670,1.35204e-23
17671,1.34783e-23
17672,1.34384e-23
17673,1.33963e-23
17674,1.33599e-23
17675,1.33213e-23
17676,1.32833e-23
17677,1.32474e-23
17678,1.32113e-23
17679,1.31716e-23
17680,1.3129e-23
17681,1.30884e-23
17682,1.30457e-23
17683,1.301e-23
17684,1.29688e-23
17685,1.29285e-23
17686,1.28887e-23
17687,1.28457e-23
17688,1.28084e-23
17689,1.27679e-23
17690,1.2726e-23
17691,1.26917e-23
17692,1.26583e-23
17693,1.26231e-23
17694,1.25857e-23
17695,1.25515e-23
17696,1.25168e-23
17697,1.24815e-23
17698,1.24413e-23
17699,1.23997e-23
17700,1.23578e-23
17701,1.2323e-23
17702,1.22851e-23
17703,1.22491e-23
17704,1.22172e-23
17705,1.21788e-23
17706,1.21391e-23
17707,1.21041e-23
17708,1.20643e-23
17709,1.20324e-23
17710,1.19937e-23
17711,1.19544e-23
17712,1.1917e-23
17713,1.18783e-23
17714,1.18471e-23
17715,1.18123e-23
17716,1.17772e-23
17717,1.1741e-23
17718,1.1706e-23
17719,1.1668e-23
17720,1.16335e-23
17721,1.15999e-23
17722,1.15696e-23
17723,1.15359e-23
17724,1.15003e-23
17725,1.14658e-23
17726,1.14305e-23
17727,1.1393e-23
17728,1.13556e-23
17729,1.1321e-23
17730,1.12842e-23
17731,1.12476e-23
17732,1.12111e-23
17733,1.11768e-23
17734,1.11457e-23
17735,1.11104e-23
17736,1.10779e-23
17737,1.10481e-23
17738,1.1018e-23
17739,1.09863e-23
17740,1.09565e-23
17741,1.09268e-23
17742,1.08963e-23
17743,1.08619e-23
17744,1.08334e-23
17745,1.08032e-23
17746,1.07725e-23
17747,1.07405e-23
17748,1.07051e-23
17749,1.067e-23
17750,1.06386e-23
17751,1.06077e-23
17752,1.05781e-23
17753,1.05475e-23
17754,1.05134e-23
17755,1.04783e-23
17756,1.04429e-23
17757,1.04109e-23
17758,1.03771e-23
17759,1.03434e-23
17760,1.03154e-23
17761,1.02836e-23
17762,1.02519e-23
17763,1.02179e-23
17764,1.01887e-23
17765,1.0156e-23
17766,1.01233e-23
17767,1.00911e-23
17768,1.00648e-23
17769,1.00324e-23
17770,1.0005e-23
17771,9.97788e-24
17772,9.95092e-24
17773,9.92223e-24
17774,9.88953e-24
17775,9.86244e-24
17776,9.83204e-24
17777,9.80385e-24
17778,9.77356e-24
17779,9.74312e-24
17780,9.71615e-24
17781,9.68999e-24
17782,9.66409e-24
17783,9.63593e-24
17784,9.60705e-24
17785,9.5819e-24
17786,9.55436e-24
17787,9.526e-24
17788,9.49722e-24
17789,9.47043e-24
17790,9.44354e-24
17791,9.41432e-24
17792,9.38949e-24
17793,9.35918e-24
17794,9.32988e-24
17795,9.303e-24
17796,9.27318e-24
17797,9.24564e-24
17798,9.2208e-24
17799,9.1916e-24
17800,9.16444e-24
17801,9.1388e-24
17802,9.11477e-24
17803,9.08752e-24
17804,9.05926e-24
17805,9.03542e-24
17806,9.00743e-24
17807,8.98109e-24
17808,8.95523e-24
17809,8.92889e-24
17810,8.90488e-24
17811,8.87819e-24
17812,8.8511e-24
17813,8.82659e-24
17814,8.80305e-24
17815,8.77909e-24
17816,8.75483e-24
17817,8.72899e-24
17818,8.70185e-24
17819,8.6738e-24
17820,8.64569e-24
17821,8.62277e-24
17822,8.5973e-24
17823,8.56962e-24
17824,8.547e-24
17825,8.5235e-24
17826,8.49997e-24
17827,8.47267e-24
17828,8.44601e-24
17829,8.42175e-24
17830,8.39524e-24
17831,8.37232e-24
17832,8.34707e-24
17833,8.32033e-24
17834,8.29368e-24
17835,8.26996e-24
17836,8.2435e-24
17837,8.21849e-24
17838,8.1925e-24
17839,8.16956e-24
17840,8.14801e-24
17841,8.12222e-24
17842,8.0957e-24
17843,8.07035e-24
17844,8.04865e-24
17845,8.02268e-24
17846,7.99645e-24
17847,7.97339e-24
17848,7.94991e-24
17849,7.926e-24
17850,7.90428e-24
17851,7.88206e-24
17852,7.85816e-24
17853,7.83348e-24
17854,7.81198e-24
17855,7.78813e-24
17856,7.76233e-24
17857,7.73948e-24
17858,7.71604e-24
17859,7.69217e-24
17860,7.66768e-24
17861,7.64541e-24
17862,7.62102e-24
17863,7.59876e-24
17864,7.57778e-24
17865,7.55494e-24
17866,7.53118e-24
17867,7.51104e-24
17868,7.4906e-24
17869,7.46857e-24
17870,7.44726e-24
17871,7.42667e-24
17872,7.40535e-24
17873,7.3849e-24
17874,7.36122e-24
17875,7.33913e-24
17876,7.31897e-24
17877,7.29621e-24
17878,7.27244e-24
17879,7.24957e-24
17880,7.22881e-24
17881,7.20966e-24
17882,7.19084e-24
17883,7.16771e-24
17884,7.14458e-24
17885,7.12487e-24
17886,7.10319e-24
17887,7.08067e-24
17888,7.05884e-24
17889,7.03907e-24
17890,7.0186e-24
17891,6.9983e-24
17892,6.97686e-24
17893,6.95717e-24
17894,6.93515e-24
17895,6.91241e-24
17896,6.8894e-24
17897,6.86827e-24
17898,6.84541e-24
17899,6.827e-24
17900,6.8088e-24
17901,6.78958e-24
17902,6.77032e-24
17903,6.75038e-24
17904,6.73007e-24
17905,6.7113e-24
17906,6.69372e-24
17907,6.67304e-24
17908,6.65552e-24
17909,6.63442e-24
17910,6.61477e-24
17911,6.59578e-24
17912,6.57421e-24
17913,6.55459e-24
17914,6.53584e-24
17915,6.51533e-24
17916,6.495e-24
17917,6.47796e-24
17918,6.45882e-24
17919,6.44054e-24
17920,6.42248e-24
17921,6.40569e-24
17922,6.38606e-24
17923,6.36491e-24
17924,6.34674e-24
17925,6.32775e-24
17926,6.30739e-24
17927,6.2898e-24
17928,6.27279e-24
17929,6.25302e-24
17930,6.23509e-24
17931,6.21777e-24
17932,6.2008e-24
17933,6.18182e-24
17934,6.16228e-24
17935,6.14265e-24
17936,6.12215e-24
17937,6.10236e-24
17938,6.08389e-24
17939,6.06366e-24
17940,6.04453e-24
17941,6.02871e-24
17942,6.01161e-24
17943,5.99324e-24
17944,5.97541e-24
17945,5.95672e-24
17946,5.93921e-24
17947,5.92292e-24
17948,5.90452e-24
17949,5.8891e-24
17950,5.87185e-24
17951,5.85629e-24
17952,5.84093e-24
17953,5.82477e-24
17954,5.80948e-24
17955,5.79307e-24
17956,5.77473e-24
17957,5.75577e-24
17958,5.73808e-24
17959,5.71896e-24
17960,5.70068e-24
17961,5.68168e-24
17962,5.66577e-24
17963,5.64746e-24
17964,5.62989e-24
17965,5.6152e-24
17966,5.59809e-24
17967,5.58099e-24
17968,5.56319e-24
17969,5.54761e-24
17970,5.53088e-24
17971,5.51449e-24
17972,5.49904e-24
17973,5.48105e-24
17974,5.46607e-24
17975,5.449e-24
17976,5.43183e-24
17977,5.41514e-24
17978,5.40107e-24
17979,5.38532e-24
17980,5.36891e-24
17981,5.3529e-24
17982,5.33675e-24
17983,5.32027e-24
17984,5.30333e-24
17985,5.28703e-24
17986,5.27316e-24
17987,5.25737e-24
17988,5.24174e-24
17989,5.22575e-24
17990,5.20979e-24
17991,5.19523e-24
17992,5.17967e-24
17993,5.16297e-24
17994,5.14871e-24
17995,5.13447e-24
17996,5.11812e-24
17997,5.1012e-24
17998,5.08441e-24
17999,5.06842e-24
18000,5.05453e-24
18001,5.03975e-24
18002,5.02597e-24
18003,5.01135e-24
18004,4.9966e-24
18005,4.98233e-24
18006,4.96845e-24
18007,4.95478e-24
18008,4.93867e-24
18009,4.92478e-24
18010,4.90952e-24
18011,4.89446e-24
18012,4.87887e-24
18013,4.86499e-24
18014,4.85132e-24
18015,4.8368e-24
18016,4.82095e-24
18017,4.80712e-24
18018,4.79392e-24
18019,4.78e-24
18020,4.76431e-24
18021,4.74881e-24
18022,4.73374e-24
18023,4.71938e-24
18024,4.7047e-24
18025,4.68916e-24
18026,4.67391e-24
18027,4.65962e-24
18028,4.64454e-24
18029,4.62995e-24
18030,4.61694e-24
18031,4.60476e-24
18032,4.59224e-24
18033,4.57888e-24
18034,4.56528e-24
18035,4.55119e-24
18036,4.53653e-24
18037,4.5219e-24
18038,4.50695e-24
18039,4.49227e-24
18040,4.4803e-24
18041,4.46679e-24
18042,4.45368e-24
18043,4.43935e-24
18044,4.42446e-24
18045,4.4102e-24
18046,4.39714e-24
18047,4.38284e-24
18048,4.37104e-24
18049,4.35775e-24
18050,4.34519e-24
18051,4.33361e-24
18052,4.32091e-24
18053,4.3093e-24
18054,4.29624e-24
18055,4.28438e-24
18056,4.27305e-24
18057,4.2606e-24
18058,4.2471e-24
18059,4.23303e-24
18060,4.22137e-24
18061,4.21013e-24
18062,4.19919e-24
18063,4.18726e-24
18064,4.17474e-24
18065,4.16228e-24
18066,4.15125e-24
18067,4.13935e-24
18068,4.12761e-24
18069,4.11411e-24
18070,4.1026e-24
18071,4.09076e-24
18072,4.07829e-24
18073,4.06555e-24
18074,4.05403e-24
18075,4.04177e-24
18076,4.02982e-24
18077,4.0171e-24
18078,4.00498e-24
18079,3.99279e-24
18080,3.98104e-24
18081,3.96805e-24
18082,3.95551e-24
18083,3.94225e-24
18084,3.93179e-24
18085,3.92059e-24
18086,3.90981e-24
18087,3.89929e-24
18088,3.88692e-24
18089,3.87671e-24
18090,3.86643e-24
18091,3.85617e-24
18092,3.84581e-24
18093,3.8356e-24
18094,3.82446e-24
18095,3.81261e-24
18096,3.80093e-24
18097,3.78949e-24
18098,3.77927e-24
18099,3.76706e-24
18100,3.75566e-24
18101,3.74483e-24
18102,3.73404e-24
18103,3.72381e-24
18104,3.71385e-24
18105,3.70248e-24
18106,3.69059e-24
18107,3.67925e-24
18108,3.6683e-24
18109,3.65775e-24
18110,3.64766e-24
18111,3.63579e-24
18112,3.6254e-24
18113,3.61361e-24
18114,3.60143e-24
18115,3.59089e-24
18116,3.58068e-24
18117,3.57086e-24
18118,3.5603e-24
18119,3.55043e-24
18120,3.54061e-24
18121,3.52992e-24
18122,3.51988e-24
18123,3.50979e-24
18124,3.49891e-24
18125,3.48768e-24
18126,3.47831e-24
18127,3.46847e-24
18128,3.45855e-24
18129,3.44895e-24
18130,3.43922e-24
18131,3.42809e-24
18132,3.41743e-24
18133,3.40664e-24
18134,3.39741e-24
18135,3.38687e-24
18136,3.37686e-24
18137,3.36573e-24
18138,3.35593e-24
18139,3.34721e-24
18140,3.33773e-24
18141,3.32762e-24
18142,3.31898e-24
18143,3.30889e-24
18144,3.29887e-24
18145,3.28792e-24
18146,3.27906e-24
18147,3.26854e-24
18148,3.25953e-24
18149,3.24961e-24
18150,3.24071e-24
18151,3.23131e-24
18152,3.2222e-24
18153,3.21267e-24
18154,3.20235e-24
18155,3.19391e-24
18156,3.18488e-24
18157,3.17448e-24
18158,3.16521e-24
18159,3.15533e-24
18160,3.14653e-24
18161,3.13678e-24
18162,3.12701e-24
18163,3.11675e-24
18164,3.10741e-24
18165,3.09744e-24
18166,3.08773e-24
18167,3.0774e-24
18168,3.06734e-24
18169,3.05913e-24
18170,3.05119e-24
18171,3.04285e-24
18172,3.03347e-24
18173,3.0256e-24
18174,3.01598e-24
18175,3.00737e-24
18176,2.99751e-24
18177,2.98958e-24
18178,2.98128e-24
18179,2.97313e-24
18180,2.96396e-24
18181,2.9552e-24
18182,2.94611e-24
18183,2.93833e-24
18184,2.93065e-24
18185,2.92204e-24
18186,2.91421e-24
18187,2.90591e-24
18188,2.8973e-24
18189,2.88868e-24
18190,2.88087e-24
18191,2.87191e-24
18192,2.86384e-24
18193,2.85476e-24
18194,2.84579e-24
18195,2.83669e-24
18196,2.82779e-24
18197,2.81955e-24
18198,2.81066e-24
18199,2.8022e-24
18200,2.79386e-24
18201,2.78501e-24
18202,2.77616e-24
18203,2.76837e-24
18204,2.75969e-24
18205,2.75105e-24
18206,2.74264e-24
18207,2.73391e-24
18208,2.72519e-24
18209,2.71622e-24
18210,2.70914e-24
18211,2.70123e-24
18212,2.69346e-24
18213,2.68519e-24
18214,2.67705e-24
18215,2.66927e-24
18216,2.66189e-24
18217,2.65373e-24
18218,2.64522e-24
18219,2.63676e-24
18220,2.62943e-24
18221,2.62087e-24
18222,2.61288e-24
18223,2.60507e-24
18224,2.59674e-24
18225,2.5894e-24
18226,2.58208e-24
18227,2.57442e-24
18228,2.56641e-24
18229,2.55947e-24
18230,2.55266e-24
18231,2.54562e-24
18232,2.53742e-24
18233,2.52912e-24
18234,2.52149e-24
18235,2.51358e-24
18236,2.50594e-24
18237,2.49915e-24
18238,2.49176e-24
18239,2.48464e-24
18240,2.47808e-24
18241,2.47075e-24
18242,2.46277e-24
18243,2.45547e-24
18244,2.44863e-24
18245,2.44148e-24
18246,2.43359e-24
18247,2.4263e-24
18248,2.41966e-24
18249,2.4122e-24
18250,2.4054e-24
18251,2.39844e-24
18252,2.39099e-24
18253,2.3832e-24
18254,2.37518e-24
18255,2.36791e-24
18256,2.36142e-24
18257,2.35478e-24
18258,2.34846e-24
18259,2.34097e-24
18260,2.33404e-24
18261,2.32759e-24
18262,2.32126e-24
18263,2.31459e-24
18264,2.3084e-24
18265,2.30133e-24
18266,2.29505e-24
18267,2.28803e-24
18268,2.2806e-24
18269,2.27336e-24
18270,2.26731e-24
18271,2.26004e-24
18272,2.25361e-24
18273,2.24626e-24
18274,2.23965e-24
18275,2.23289e-24
18276,2.22634e-24
18277,2.22001e-24
18278,2.21407e-24
18279,2.20737e-24
18280,2.20148e-24
18281,2.19516e-24
18282,2.18929e-24
18283,2.18243e-24
18284,2.17623e-24
18285,2.17043e-24
18286,2.16421e-24
18287,2.15781e-24
18288,2.15154e-24
18289,2.14512e-24
18290,2.13884e-24
18291,2.13191e-24
18292,2.12506e-24
18293,2.11846e-24
18294,2.11242e-24
18295,2.1056e-24
18296,2.0995e-24
18297,2.09327e-24
18298,2.08689e-24
18299,2.08103e-24
18300,2.07524e-24
18301,2.06885e-24
18302,2.06309e-24
18303,2.05689e-24
18304,2.0505e-24
18305,2.04411e-24
18306,2.03847e-24
18307,2.03294e-24
18308,2.02759e-24
18309,2.02188e-24
18310,2.01547e-24
18311,2.00998e-24
18312,2.00374e-24
18313,1.99708e-24
18314,1.99188e-24
18315,1.98657e-24
18316,1.9813e-24
18317,1.97562e-24
18318,1.9696e-24
18319,1.96372e-24
18320,1.95863e-24
18321,1.9534e-24
18322,1.94776e-24
18323,1.94163e-24
18324,1.93543e-24
18325,1.92921e-24
18326,1.92312e-24
18327,1.91785e-24
18328,1.91243e-24
18329,1.907e-24
18330,1.90142e-24
18331,1.89563e-24
18332,1.89058e-24
18333,1.88477e-24
18334,1.87952e-24
18335,1.87362e-24
18336,1.86812e-24
18337,1.86263e-24
18338,1.85781e-24
18339,1.85238e-24
18340,1.84649e-24
18341,1.84049e-24
18342,1.83472e-24
18343,1.82909e-24
18344,1.82321e-24
18345,1.81748e-24
18346,1.81173e-24
18347,1.80574e-24
18348,1.80084e-24
18349,1.79568e-24
18350,1.79043e-24
18351,1.78561e-24
18352,1.78034e-24
18353,1.77453e-24
18354,1.76861e-24
18355,1.76353e-24
18356,1.75803e-24
18357,1.75257e-24
18358,1.74732e-24
18359,1.74263e-24
18360,1.73805e-24
18361,1.73351e-24
18362,1.72817e-24
18363,1.72349e-24
18364,1.71814e-24
18365,1.71363e-24
18366,1.70814e-24
18367,1.70338e-24
18368,1.69835e-24
18369,1.69278e-24
18370,1.68735e-24
18371,1.68248e-24
18372,1.67714e-24
18373,1.67218e-24
18374,1.66782e-24
18375,1.66277e-24
18376,1.65823e-24
18377,1.65308e-24
18378,1.64801e-24
18379,1.64333e-24
18380,1.63883e-24
18381,1.63445e-24
18382,1.6297e-24
18383,1.62461e-24
18384,1.6203e-24
18385,1.61564e-24
18386,1.61132e-24
18387,1.60627e-24
18388,1.60195e-24
18389,1.59711e-24
18390,1.59184e-24
18391,1.58746e-24
18392,1.58261e-24
18393,1.57763e-24
18394,1.57312e-24
18395,1.56851e-24
18396,1.56355e-24
18397,1.5591e-24
18398,1.55426e-24
18399,1.54983e-24
18400,1.54547e-24
18401,1.54092e-24
18402,1.53612e-24
18403,1.53195e-24
18404,1.52797e-24
18405,1.52328e-24
18406,1.51837e-24
18407,1.5142e-24
18408,1.50971e-24
18409,1.50527e-24
18410,1.50079e-24
18411,1.49606e-24
18412,1.49148e-24
18413,1.48757e-24
18414,1.4832e-24
18415,1.47862e-24
18416,1.47425e-24
18417,1.46972e-24
18418,1.46531e-24
18419,1.46085e-24
18420,1.45669e-24
18421,1.45239e-24
18422,1.44777e-24
18423,1.44396e-24
18424,1.43994e-24
18425,1.43602e-24
18426,1.43179e-24
18427,1.42797e-24
18428,1.42378e-24
18429,1.41979e-24
18430,1.41566e-24
18431,1.41115e-24
18432,1.40659e-24
18433,1.40272e-24
18434,1.39905e-24
18435,1.39469e-24
18436,1.39005e-24
18437,1.38546e-24
18438,1.38182e-24
18439,1.37775e-24
18440,1.3738e-24
18441,1.36968e-24
18442,1.36579e-24
18443,1.36223e-24
18444,1.35816e-24
18445,1.35377e-24
18446,1.34949e-24
18447,1.34586e-24
18448,1.34187e-24
18449,1.33812e-24
18450,1.33396e-24
18451,1.32957e-24
18452,1.32526e-24
18453,1.3212e-24
18454,1.31682e-24
18455,1.31327e-24
18456,1.30918e-24
18457,1.30527e-24
18458,1.30165e-24
18459,1.29797e-24
18460,1.29388e-24
18461,1.28982e-24
18462,1.28626e-24
18463,1.28236e-24
18464,1.27816e-24
18465,1.2746e-24
18466,1.27086e-24
18467,1.26673e-24
18468,1.2633e-24
18469,1.25957e-24
18470,1.25587e-24
18471,1.25213e-24
18472,1.24874e-24
18473,1.24483e-24
18474,1.24106e-24
18475,1.23713e-24
18476,1.23322e-24
18477,1.22974e-24
18478,1.22577e-24
18479,1.22228e-24
18480,1.21861e-24
18481,1.21483e-24
18482,1.21144e-24
18483,1.20795e-24
18484,1.20455e-24
18485,1.20122e-24
18486,1.19766e-24
18487,1.19443e-24
18488,1.19072e-24
18489,1.18691e-24
18490,1.18338e-24
18491,1.17977e-24
18492,1.17625e-24
18493,1.17259e-24
18494,1.16928e-24
18495,1.16587e-24
18496,1.16204e-24
18497,1.15827e-24
18498,1.15489e-24
18499,1.15179e-24
18500,1.14851e-24
18501,1.14481e-24
18502,1.14124e-24
18503,1.1378e-24
18504,1.13423e-24
18505,1.13106e-24
18506,1.12785e-24
18507,1.12453e-24
18508,1.12116e-24
18509,1.118e-24
18510,1.11446e-24
18511,1.11142e-24
18512,1.10851e-24
18513,1.10556e-24
18514,1.10226e-24
18515,1.09911e-24
18516,1.09597e-24
18517,1.093e-24
18518,1.08979e-24
18519,1.08682e-24
18520,1.0833e-24
18521,1.08046e-24
18522,1.07709e-24
18523,1.07387e-24
18524,1.07049e-24
18525,1.06759e-24
18526,1.06481e-24
18527,1.06155e-24
18528,1.0588e-24
18529,1.05576e-24
18530,1.05237e-24
18531,1.04931e-24
18532,1.04633e-24
18533,1.0432e-24
18534,1.03976e-24
18535,1.03696e-24
18536,1.03369e-24
18537,1.03073e-24
18538,1.0276e-24
18539,1.02461e-24
18540,1.02146e-24
18541,1.01844e-24
18542,1.01534e-24
18543,1.01217e-24
18544,1.00907e-24
18545,1.00627e-24
18546,1.00358e-24
18547,1.00097e-24
18548,9.98115e-25
18549,9.95077e-25
18550,9.92339e-25
18551,9.89495e-25
18552,9.8645e-25
18553,9.83848e-25
18554,9.80703e-25
18555,9.77796e-25
18556,9.75105e-25
18557,9.71944e-25
18558,9.69235e-25
18559,9.66572e-25
18560,9.6379e-25
18561,9.61189e-25
18562,9.58294e-25
18563,9.55254e-25
18564,9.52228e-25
18565,9.49297e-25
18566,9.46179e-25
18567,9.4326e-25
18568,9.40809e-25
18569,9.38025e-25
18570,9.35543e-25
18571,9.327e-25
18572,9.30216e-25
18573,9.27385e-25
18574,9.24675e-25
18575,9.21803e-25
18576,9.18758e-25
18577,9.15951e-25
18578,9.13065e-25
18579,9.10436e-25
18580,9.07918e-25
18581,9.04969e-25
18582,9.02056e-25
18583,8.99043e-25
18584,8.9667e-25
18585,8.9391e-25
18586,8.91289e-25
18587,8.88795e-25
18588,8.86036e-25
18589,8.83265e-25
18590,8.80621e-25
18591,8.78208e-25
18592,8.75423e-25
18593,8.73025e-25
18594,8.70752e-25
18595,8.68144e-25
18596,8.6537e-25
18597,8.62487e-25
18598,8.60056e-25
18599,8.57329e-25
18600,8.54739e-25
18601,8.52297e-25
18602,8.49755e-25
18603,8.47145e-25
18604,8.44897e-25
18605,8.42691e-25
18606,8.4029e-25
18607,8.38086e-25
18608,8.35585e-25
18609,8.33309e-25
18610,8.30914e-25
18611,8.28253e-25
18612,8.25989e-25
18613,8.23716e-25
18614,8.21112e-25
18615,8.18827e-25
18616,8.16693e-25
18617,8.14407e-25
18618,8.11994e-25
18619,8.09431e-25
18620,8.07295e-25
18621,8.05153e-25
18622,8.03062e-25
18623,8.00504e-25
18624,7.98246e-25
18625,7.96158e-25
18626,7.9379e-25
18627,7.91648e-25
18628,7.89592e-25
18629,7.87102e-25
18630,7.85053e-25
18631,7.82734e-25
18632,7.80551e-25
18633,7.78217e-25
18634,7.76055e-25
18635,7.73853e-25
18636,7.71511e-25
18637,7.69129e-25
18638,7.66894e-25
18639,7.64761e-25
18640,7.62332e-25
18641,7.59852e-25
18642,7.57784e-25
18643,7.55786e-25
18644,7.53769e-25
18645,7.51797e-25
18646,7.49694e-25
18647,7.47673e-25
18648,7.45552e-25
18649,7.43166e-25
18650,7.40693e-25
18651,7.38505e-25
18652,7.3659e-25
18653,7.34234e-25
18654,7.32097e-25
18655,7.3004e-25
18656,7.28137e-25
18657,7.26234e-25
18658,7.24139e-25
18659,7.22242e-25
18660,7.19939e-25
18661,7.17801e-25
18662,7.15617e-25
18663,7.13638e-25
18664,7.11742e-25
18665,7.09488e-25
18666,7.07317e-25
18667,7.05095e-25
18668,7.02951e-25
18669,7.01103e-25
18670,6.99273e-25
18671,6.97251e-25
18672,6.94995e-25
18673,6.93082e-25
18674,6.91029e-25
18675,6.89209e-25
18676,6.87312e-25
18677,6.85122e-25
18678,6.83228e-25
18679,6.81166e-25
18680,6.79002e-25
18681,6.77142e-25
18682,6.7534e-25
18683,6.73238e-25
18684,6.71402e-25
18685,6.69428e-25
18686,6.67627e-25
18687,6.65805e-25
18688,6.63828e-25
18689,6.61814e-25
18690,6.59971e-25
18691,6.58023e-25
18692,6.5626e-25
18693,6.54177e-25
18694,6.52089e-25
18695,6.50282e-25
18696,6.48242e-25
18697,6.4636e-25
18698,6.44689e-25
18699,6.42847e-25
18700,6.40972e-25
18701,6.39297e-25
18702,6.37272e-25
18703,6.3542e-25
18704,6.33664e-25
18705,6.31815e-25
18706,6.29963e-25
18707,6.28105e-25
18708,6.26296e-25
18709,6.24361e-25
18710,6.22666e-25
18711,6.20962e-25
18712,6.18977e-25
18713,6.17237e-25
18714,6.15616e-25
18715,6.13976e-25
18716,6.12061e-25
18717,6.10381e-25
18718,6.08664e-25
18719,6.06915e-25
18720,6.04994e-25
18721,6.03143e-25
18722,6.01151e-25
18723,5.99132e-25
18724,5.9732e-25
18725,5.95441e-25
18726,5.93802e-25
18727,5.9212e-25
18728,5.90509e-25
18729,5.88896e-25
18730,5.8706e-25
18731,5.85241e-25
18732,5.83613e-25
18733,5.81814e-25
18734,5.80262e-25
18735,5.78568e-25
18736,5.76971e-25
18737,5.75248e-25
18738,5.73743e-25
18739,5.7202e-25
18740,5.70402e-25
18741,5.68842e-25
18742,5.67035e-25
18743,5.65451e-25
18744,5.63794e-25
18745,5.61954e-25
18746,5.60325e-25
18747,5.58739e-25
18748,5.57226e-25
18749,5.55515e-25
18750,5.53758e-25
18751,5.52315e-25
18752,5.50759e-25
18753,5.49051e-25
18754,5.4763e-25
18755,5.45901e-25
18756,5.44268e-25
18757,5.42771e-25
18758,5.41262e-25
18759,5.39596e-25
18760,5.3802e-25
18761,5.36586e-25
18762,5.35053e-25
18763,5.33405e-25
18764,5.31687e-25
18765,5.3009e-25
18766,5.28626e-25
18767,5.27219e-25
18768,5.25807e-25
18769,5.24349e-25
18770,5.2272e-25
18771,5.21179e-25
18772,5.19641e-25
18773,5.18045e-25
18774,5.16415e-25
18775,5.15066e-25
18776,5.13523e-25
18777,5.12136e-25
18778,5.10682e-25
18779,5.09069e-25
18780,5.07401e-25
18781,5.06019e-25
18782,5.04423e-25
18783,5.03008e-25
18784,5.01391e-25
18785,4.99754e-25
18786,4.98379e-25
18787,4.96933e-25
18788,4.9561e-25
18789,4.94167e-25
18790,4.92813e-25
18791,4.91355e-25
18792,4.89866e-25
18793,4.88368e-25
18794,4.87e-25
18795,4.85581e-25
18796,4.8426e-25
18797,4.82837e-25
18798,4.81382e-25
18799,4.80018e-25
18800,4.78503e-25
18801,4.77124e-25
18802,4.75616e-25
18803,4.74257e-25
18804,4.73004e-25
18805,4.71602e-25
18806,4.7025e-25
18807,4.68794e-25
18808,4.67317e-25
18809,4.65829e-25
18810,4.64415e-25
18811,4.62986e-25
18812,4.61457e-25
18813,4.60095e-25
18814,4.58589e-25
18815,4.57076e-25
18816,4.55769e-25
18817,4.54533e-25
18818,4.53242e-25
18819,4.51928e-25
18820,4.5054e-25
18821,4.4917e-25
18822,4.47998e-25
18823,4.46748e-25
18824,4.45513e-25
18825,4.44263e-25
18826,4.42869e-25
18827,4.41569e-25
18828,4.40154e-25
18829,4.3887e-25
18830,4.37486e-25
18831,4.36116e-25
18832,4.34718e-25
18833,4.33377e-25
18834,4.3223e-25
18835,4.30862e-25
18836,4.29667e-25
18837,4.28417e-25
18838,4.27113e-25
18839,4.26004e-25
18840,4.24828e-25
18841,4.2366e-25
18842,4.22371e-25
18843,4.21201e-25
18844,4.19912e-25
18845,4.1862e-25
18846,4.17485e-25
18847,4.16389e-25
18848,4.15088e-25
18849,4.13839e-25
18850,4.12611e-25
18851,4.1138e-25
18852,4.10262e-25
18853,4.0905e-25
18854,4.07735e-25
18855,4.06536e-25
18856,4.05226e-25
18857,4.03955e-25
18858,4.02628e-25
18859,4.01338e-25
18860,4.00254e-25
18861,3.99027e-25
18862,3.97845e-25
18863,3.9654e-25
18864,3.95391e-25
18865,3.94204e-25
18866,3.92931e-25
18867,3.91718e-25
18868,3.90679e-25
18869,3.89531e-25
18870,3.88341e-25
18871,3.8723e-25
18872,3.86015e-25
18873,3.8491e-25
18874,3.83748e-25
18875,3.82609e-25
18876,3.81609e-25
18877,3.80431e-25
18878,3.79279e-25
18879,3.78051e-25
18880,3.76963e-25
18881,3.75955e-25
18882,3.74872e-25
18883,3.73757e-25
18884,3.72604e-25
18885,3.71543e-25
18886,3.70576e-25
18887,3.69478e-25
18888,3.68503e-25
18889,3.67327e-25
18890,3.66266e-25
18891,3.65262e-25
18892,3.64147e-25
18893,3.62964e-25
18894,3.61966e-25
18895,3.61004e-25
18896,3.59953e-25
18897,3.58996e-25
18898,3.57892e-25
18899,3.56808e-25
18900,3.55712e-25
18901,3.54678e-25
18902,3.53519e-25
18903,3.52471e-25
18904,3.51358e-25
18905,3.50285e-25
18906,3.49376e-25
18907,3.48288e-25
18908,3.47277e-25
18909,3.4623e-25
18910,3.45146e-25
18911,3.44046e-25
18912,3.4296e-25
18913,3.42016e-25
18914,3.41048e-25
18915,3.40061e-25
18916,3.39046e-25
18917,3.38071e-25
18918,3.37183e-25
18919,3.36172e-25
18920,3.35213e-25
18921,3.34242e-25
18922,3.33171e-25
18923,3.32288e-25
18924,3.31351e-25
18925,3.30471e-25
18926,3.29576e-25
18927,3.28534e-25
18928,3.27631e-25
18929,3.26575e-25
18930,3.25606e-25
18931,3.24558e-25
18932,3.23617e-25
18933,3.22673e-25
18934,3.21754e-25
18935,3.20874e-25
18936,3.20024e-25
18937,3.19116e-25
18938,3.18275e-25
18939,3.17346e-25
18940,3.16523e-25
18941,3.1554e-25
18942,3.14646e-25
18943,3.13669e-25
18944,3.12844e-25
18945,3.11894e-25
18946,3.11038e-25
18947,3.10102e-25
18948,3.09274e-25
18949,3.08418e-25
18950,3.07557e-25
18951,3.06661e-25
18952,3.05708e-25
18953,3.04871e-25
18954,3.03967e-25
18955,3.03155e-25
18956,3.02311e-25
18957,3.01371e-25
18958,3.0059e-25
18959,2.99713e-25
18960,2.9878e-25
18961,2.97894e-25
18962,2.97033e-25
18963,2.96231e-25
18964,2.95275e-25
18965,2.94327e-25
18966,2.93477e-25
18967,2.927e-25
18968,2.91905e-25
18969,2.9106e-25
18970,2.90181e-25
18971,2.89384e-25
18972,2.88576e-25
18973,2.87644e-25
18974,2.86679e-25
18975,2.8585e-25
18976,2.84976e-25
18977,2.84193e-25
18978,2.83453e-25
18979,2.82578e-25
18980,2.81741e-25
18981,2.80944e-25
18982,2.8016e-25
18983,2.79387e-25
18984,2.78563e-25
18985,2.77668e-25
18986,2.76867e-25
18987,2.75986e-25
18988,2.75129e-25
18989,2.74335e-25
18990,2.7355e-25
18991,2.72759e-25
18992,2.71882e-25
18993,2.71004e-25
18994,2.70174e-25
18995,2.69296e-25
18996,2.68463e-25
18997,2.67766e-25
18998,2.67074e-25
18999,2.66241e-25
19000,2.65454e-25
19001,2.6465e-25
19002,2.63948e-25
19003,2.63129e-25
19004,2.62332e-25
19005,2.61637e-25
19006,2.60928e-25
19007,2.60205e-25
19008,2.59479e-25
19009,2.58767e-25
19010,2.58082e-25
19011,2.5728e-25
19012,2.56504e-25
19013,2.55766e-25
19014,2.55089e-25
19015,2.54408e-25
19016,2.53701e-25
19017,2.52964e-25
19018,2.5231e-25
19019,2.51504e-25
19020,2.50682e-25
19021,2.49954e-25
19022,2.49232e-25
19023,2.48449e-25
19024,2.4776e-25
19025,2.4711e-25
19026,2.46361e-25
19027,2.45562e-25
19028,2.44913e-25
19029,2.44168e-25
19030,2.434e-25
19031,2.42665e-25
19032,2.41976e-25
19033,2.41208e-25
19034,2.40512e-25
19035,2.39731e-25
19036,2.38932e-25
19037,2.38201e-25
19038,2.37542e-25
19039,2.36885e-25
19040,2.36142e-25
19041,2.3547e-25
19042,2.34844e-25
19043,2.34175e-25
19044,2.33449e-25
19045,2.32811e-25
19046,2.32125e-25
19047,2.31514e-25
19048,2.30816e-25
19049,2.30126e-25
19050,2.29522e-25
19051,2.28845e-25
19052,2.28096e-25
19053,2.27418e-25
19054,2.26767e-25
19055,2.26146e-25
19056,2.2548e-25
19057,2.24879e-25
19058,2.24279e-25
19059,2.23609e-25
19060,2.22896e-25
19061,2.22166e-25
19062,2.21555e-25
19063,2.20954e-25
19064,2.20271e-25
19065,2.19604e-25
19066,2.1901e-25
19067,2.18339e-25
19068,2.17743e-25
19069,2.17121e-25
19070,2.16557e-25
19071,2.15992e-25
19072,2.15331e-25
19073,2.14754e-25
19074,2.14136e-25
19075,2.13505e-25
19076,2.12903e-25
19077,2.12351e-25
19078,2.11723e-25
19079,2.11172e-25
19080,2.10551e-25
19081,2.0991e-25
19082,2.09273e-25
19083,2.08649e-25
19084,2.08087e-25
19085,2.07548e-25
19086,2.06912e-25
19087,2.06269e-25
19088,2.05717e-25
19089,2.05065e-25
19090,2.04481e-25
19091,2.03817e-25
19092,2.0316e-25
19093,2.02548e-25
19094,2.01999e-25
19095,2.01398e-25
19096,2.00854e-25
19097,2.00291e-25
19098,1.99728e-25
19099,1.99162e-25
19100,1.98544e-25
19101,1.97978e-25
19102,1.97411e-25
19103,1.96828e-25
19104,1.96251e-25
19105,1.95624e-25
19106,1.95109e-25
19107,1.94502e-25
19108,1.93871e-25
19109,1.9327e-25
19110,1.92647e-25
19111,1.9208e-25
19112,1.9154e-25
19113,1.90983e-25
19114,1.90488e-25
19115,1.89939e-25
19116,1.89384e-25
19117,1.8879e-25
19118,1.88274e-25
19119,1.87711e-25
19120,1.87131e-25
19121,1.86572e-25
19122,1.86011e-25
19123,1.85459e-25
19124,1.84965e-25
19125,1.84397e-25
19126,1.83903e-25
19127,1.83395e-25
19128,1.82908e-25
19129,1.8238e-25
19130,1.81826e-25
19131,1.81241e-25
19132,1.80655e-25
19133,1.80179e-25
19134,1.79667e-25
19135,1.79162e-25
19136,1.78585e-25
19137,1.78058e-25
19138,1.77577e-25
19139,1.77023e-25
19140,1.76546e-25
19141,1.76086e-25
19142,1.75599e-25
19143,1.7509e-25
19144,1.74576e-25
19145,1.74087e-25
19146,1.73525e-25
19147,1.73076e-25
19148,1.72619e-25
19149,1.72154e-25
19150,1.71641e-25
19151,1.71098e-25
19152,1.70563e-25
19153,1.70096e-25
19154,1.69618e-25
19155,1.69084e-25
19156,1.68524e-25
19157,1.68024e-25
19158,1.67576e-25
19159,1.67135e-25
19160,1.66602e-25
19161,1.66073e-25
19162,1.65523e-25
19163,1.6499e-25
19164,1.64456e-25
19165,1.63985e-25
19166,1.63545e-25
19167,1.6304e-25
19168,1.62517e-25
19169,1.62057e-25
19170,1.61572e-25
19171,1.61039e-25
19172,1.60578e-25
19173,1.60063e-25
19174,1.59592e-25
19175,1.59082e-25
19176,1.58645e-25
19177,1.58189e-25
19178,1.57686e-25
19179,1.57241e-25
19180,1.5677e-25
19181,1.5631e-25
19182,1.55892e-25
19183,1.55456e-25
19184,1.54983e-25
19185,1.54528e-25
19186,1.54111e-25
19187,1.53647e-25
19188,1.53143e-25
19189,1.52713e-25
19190,1.52242e-25
19191,1.51745e-25
19192,1.51345e-25
19193,1.50887e-25
19194,1.50418e-25
19195,1.49928e-25
19196,1.49532e-25
19197,1.49064e-25
19198,1.48601e-25
19199,1.48116e-25
19200,1.47711e-25
19201,1.473e-25
19202,1.46831e-25
19203,1.46389e-25
19204,1.45989e-25
19205,1.45576e-25
19206,1.45158e-25
19207,1.44741e-25
19208,1.44285e-25
19209,1.43881e-25
19210,1.43438e-25
19211,1.43022e-25
19212,1.42574e-25
19213,1.42113e-25
19214,1.41662e-25
19215,1.41245e-25
19216,1.40845e-25
19217,1.40393e-25
19218,1.40014e-25
19219,1.39625e-25
19220,1.39244e-25
19221,1.38803e-25
19222,1.3842e-25
19223,1.38037e-25
19224,1.37626e-25
19225,1.37176e-25
19226,1.36801e-25
19227,1.36388e-25
19228,1.35954e-25
19229,1.3551e-25
19230,1.35099e-25
19231,1.34748e-25
19232,1.34383e-25
19233,1.33994e-25
19234,1.33594e-25
19235,1.3321e-25
19236,1.32787e-25
19237,1.32444e-25
19238,1.32034e-25
19239,1.31625e-25
19240,1.31256e-25
19241,1.30868e-25
19242,1.30518e-25
19243,1.30174e-25
19244,1.29803e-25
19245,1.29388e-25
19246,1.28999e-25
19247,1.28594e-25
19248,1.28182e-25
19249,1.27781e-25
19250,1.27444e-25
19251,1.27111e-25
19252,1.26735e-25
19253,1.2638e-25
19254,1.26025e-25
19255,1.25683e-25
19256,1.25337e-25
19257,1.24969e-25
19258,1.24571e-25
19259,1.2424e-25
19260,1.23886e-25
19261,1.23529e-25
19262,1.232e-25
19263,1.22833e-25
19264,1.22435e-25
19265,1.22052e-25
19266,1.21735e-25
19267,1.2136e-25
19268,1.20984e-25
19269,1.20596e-25
19270,1.20239e-25
19271,1.19844e-25
19272,1.19496e-25
19273,1.19136e-25
19274,1.18822e-25
19275,1.18452e-25
19276,1.18101e-25
19277,1.17743e-25
19278,1.17387e-25
19279,1.17055e-25
19280,1.16726e-25
19281,1.1637e-25
19282,1.16037e-25
19283,1.15664e-25
19284,1.15365e-25
19285,1.15015e-25
19286,1.14708e-25
19287,1.14392e-25
19288,1.14078e-25
19289,1.13709e-25
19290,1.13384e-25
19291,1.13039e-25
19292,1.12712e-25
19293,1.12384e-25
19294,1.12071e-25
19295,1.11756e-25
19296,1.11453e-25
19297,1.11144e-25
19298,1.10846e-25
19299,1.10497e-25
19300,1.102e-25
19301,1.0987e-25
19302,1.09517e-25
19303,1.09188e-25
19304,1.08886e-25
19305,1.08536e-25
19306,1.08223e-25
19307,1.07887e-25
19308,1.07562e-25
19309,1.07284e-25
19310,1.07001e-25
19311,1.06663e-25
19312,1.06331e-25
19313,1.06019e-25
19314,1.05682e-25
19315,1.05353e-25
19316,1.05065e-25
19317,1.04728e-25
19318,1.04379e-25
19319,1.04073e-25
19320,1.03735e-25
19321,1.0344e-25
19322,1.03165e-25
19323,1.02875e-25
19324,1.02553e-25
19325,1.02258e-25
19326,1.01943e-25
19327,1.01605e-25
19328,1.01287e-25
19329,1.00959e-25
19330,1.00631e-25
19331,1.00305e-25
19332,1.00007e-25
19333,9.96959e-26
19334,9.9409e-26
19335,9.91012e-26
19336,9.87945e-26
19337,9.84817e-26
19338,9.81897e-26
19339,9.79176e-26
19340,9.76133e-26
19341,9.73179e-26
19342,9.70541e-26
19343,9.67727e-26
19344,9.65181e-26
19345,9.62678e-26
19346,9.60081e-26
19347,9.57438e-26
19348,9.54344e-26
19349,9.5177e-26
19350,9.48877e-26
19351,9.45783e-26
19352,9.42991e-26
19353,9.40009e-26
19354,9.37368e-26
19355,9.34772e-26
19356,9.32225e-26
19357,9.29808e-26
19358,9.27253e-26
19359,9.24303e-26
19360,9.21298e-26
19361,9.18823e-26
19362,9.16006e-26
19363,9.1339e-26
19364,9.10485e-26
19365,9.08032e-26
19366,9.0562e-26
19367,9.02957e-26
19368,9.00032e-26
19369,8.97275e-26
19370,8.94413e-26
19371,8.9161e-26
19372,8.89165e-26
19373,8.86867e-26
19374,8.84464e-26
19375,8.82018e-26
19376,8.79728e-26
19377,8.77243e-26
19378,8.74655e-26
19379,8.72395e-26
19380,8.69851e-26
19381,8.67454e-26
19382,8.6468e-26
19383,8.62441e-26
19384,8.60179e-26
19385,8.57833e-26
19386,8.55458e-26
19387,8.53091e-26
19388,8.50749e-26
19389,8.48244e-26
19390,8.45942e-26
19391,8.43691e-26
19392,8.41145e-26
19393,8.38404e-26
19394,8.35917e-26
19395,8.33429e-26
19396,8.3123e-26
19397,8.28765e-26
19398,8.26557e-26
19399,8.24418e-26
19400,8.22175e-26
19401,8.19548e-26
19402,8.16975e-26
19403,8.14599e-26
19404,8.1196e-26
19405,8.09275e-26
19406,8.06728e-26
19407,8.04059e-26
19408,8.01779e-26
19409,7.9957e-26
19410,7.96996e-26
19411,7.94412e-26
19412,7.92052e-26
19413,7.89502e-26
19414,7.86938e-26
19415,7.84561e-26
19416,7.82465e-26
19417,7.80372e-26
19418,7.77936e-26
19419,7.75714e-26
19420,7.73342e-26
19421,7.71332e-26
19422,7.69107e-26
19423,7.66922e-26
19424,7.64443e-26
19425,7.6189e-26
19426,7.59359e-26
19427,7.57378e-26
19428,7.55148e-26
19429,7.53178e-26
19430,7.51214e-26
19431,7.48899e-26
19432,7.46425e-26
19433,7.44045e-26
19434,7.41993e-26
19435,7.39627e-26
19436,7.37325e-26
19437,7.34903e-26
19438,7.32499e-26
19439,7.306e-26
19440,7.28626e-26
19441,7.2635e-26
19442,7.24004e-26
19443,7.21747e-26
19444,7.19491e-26
19445,7.17243e-26
19446,7.15255e-26
19447,7.13006e-26
19448,7.10699e-26
19449,7.08814e-26
19450,7.06889e-26
19451,7.04807e-26
19452,7.02932e-26
19453,7.00805e-26
19454,6.98524e-26
19455,6.96685e-26
19456,6.94593e-26
19457,6.92374e-26
19458,6.90536e-26
19459,6.88646e-26
19460,6.86468e-26
19461,6.84627e-26
19462,6.82841e-26
19463,6.80712e-26
19464,6.78499e-26
19465,6.76606e-26
19466,6.7451e-26
19467,6.72474e-26
19468,6.70638e-26
19469,6.68624e-26
19470,6.66611e-26
19471,6.64699e-26
19472,6.62765e-26
19473,6.60843e-26
19474,6.59097e-26
19475,6.57313e-26
19476,6.5554e-26
19477,6.53705e-26
19478,6.51999e-26
19479,6.50299e-26
19480,6.48447e-26
19481,6.46663e-26
19482,6.4474e-26
19483,6.42831e-26
19484,6.40742e-26
19485,6.38829e-26
19486,6.36908e-26
19487,6.34986e-26
19488,6.33179e-26
19489,6.31249e-26
19490,6.29229e-26
19491,6.27486e-26
19492,6.25527e-26
19493,6.23499e-26
19494,6.21841e-26
19495,6.19956e-26
19496,6.1829e-26
19497,6.16348e-26
19498,6.14624e-26
19499,6.12893e-26
19500,6.11101e-26
19501,6.09147e-26
19502,6.07228e-26
19503,6.05212e-26
19504,6.0349e-26
19505,6.01593e-26
19506,5.99962e-26
19507,5.98216e-26
19508,5.96606e-26
19509,5.94986e-26
19510,5.9324e-26
19511,5.91467e-26
19512,5.89749e-26
19513,5.88172e-26
19514,5.86614e-26
19515,5.84955e-26
19516,5.83188e-26
19517,5.81389e-26
19518,5.79464e-26
19519,5.77964e-26
19520,5.76337e-26
19521,5.74528e-26
19522,5.72936e-26
19523,5.71387e-26
19524,5.69651e-26
19525,5.68037e-26
19526,5.66229e-26
19527,5.64403e-26
19528,5.62854e-26
19529,5.61339e-26
19530,5.59822e-26
19531,5.58118e-26
19532,5.56661e-26
19533,5.54901e-26
19534,5.53181e-26
19535,5.51602e-26
19536,5.49897e-26
19537,5.4813e-26
19538,5.46349e-26
19539,5.44557e-26
19540,5.43128e-26
19541,5.41588e-26
19542,5.40016e-26
19543,5.38434e-26
19544,5.36843e-26
19545,5.3524e-26
19546,5.3352e-26
19547,5.32071e-26
19548,5.30607e-26
19549,5.28935e-26
19550,5.27497e-26
19551,5.25919e-26
19552,5.24303e-26
19553,5.22785e-26
19554,5.21142e-26
19555,5.19646e-26
19556,5.18029e-26
19557,5.16427e-26
19558,5.15009e-26
19559,5.13349e-26
19560,5.11687e-26
19561,5.10206e-26
19562,5.08647e-26
19563,5.07005e-26
19564,5.0557e-26
19565,5.0414e-26
19566,5.02755e-26
19567,5.01436e-26
19568,5.00076e-26
19569,4.98751e-26
19570,4.9716e-26
19571,4.95779e-26
19572,4.94333e-26
19573,4.92912e-26
19574,4.91383e-26
19575,4.90104e-26
19576,4.88537e-26
19577,4.8704e-26
19578,4.85712e-26
19579,4.84381e-26
19580,4.82975e-26
19581,4.81603e-26
19582,4.80076e-26
19583,4.78776e-26
19584,4.77293e-26
19585,4.75823e-26
19586,4.74405e-26
19587,4.7299e-26
19588,4.71651e-26
19589,4.70191e-26
19590,4.68792e-26
19591,4.67518e-26
19592,4.66264e-26
19593,4.64998e-26
19594,4.63777e-26
19595,4.62441e-26
19596,4.61067e-26
19597,4.59777e-26
19598,4.58426e-26
19599,4.56994e-26
19600,4.55677e-26
19601,4.5435e-26
19602,4.5317e-26
19603,4.51746e-26
19604,4.50276e-26
19605,4.48843e-26
19606,4.47369e-26
19607,4.45906e-26
19608,4.44617e-26
19609,4.43434e-26
19610,4.42258e-26
19611,4.40871e-26
19612,4.39572e-26
19613,4.38137e-26
19614,4.36994e-26
19615,4.35792e-26
19616,4.34485e-26
19617,4.33185e-26
19618,4.3181e-26
19619,4.30375e-26
19620,4.29154e-26
19621,4.27944e-26
19622,4.26793e-26
19623,4.25561e-26
19624,4.243e-26
19625,4.23139e-26
19626,4.21785e-26
19627,4.20661e-26
19628,4.19436e-26
19629,4.18217e-26
19630,4.16883e-26
19631,4.15516e-26
19632,4.14137e-26
19633,4.12775e-26
19634,4.11448e-26
19635,4.10124e-26
19636,4.08859e-26
19637,4.07586e-26
19638,4.06322e-26
19639,4.05262e-26
19640,4.04006e-26
19641,4.02723e-26
19642,4.01406e-26
19643,4.00274e-26
19644,3.99034e-26
19645,3.97728e-26
19646,3.96523e-26
19647,3.95388e-26
19648,3.94233e-26
19649,3.93108e-26
19650,3.91997e-26
19651,3.90769e-26
19652,3.89546e-26
19653,3.88391e-26
19654,3.87312e-26
19655,3.86242e-26
19656,3.85059e-26
19657,3.84005e-26
19658,3.82919e-26
19659,3.8187e-26
19660,3.80716e-26
19661,3.79667e-26
19662,3.78651e-26
19663,3.77527e-26
19664,3.7652e-26
19665,3.75322e-26
19666,3.74233e-26
19667,3.73067e-26
19668,3.71922e-26
19669,3.70932e-26
19670,3.69786e-26
19671,3.68701e-26
19672,3.67516e-26
19673,3.66371e-26
19674,3.65213e-26
19675,3.6409e-26
19676,3.62983e-26
19677,3.61957e-26
19678,3.61014e-26
19679,3.60057e-26
19680,3.58963e-26
19681,3.57936e-26
19682,3.56788e-26
19683,3.55745e-26
19684,3.54606e-26
19685,3.5364e-26
19686,3.52563e-26
19687,3.51497e-26
19688,3.50491e-26
19689,3.49567e-26
19690,3.48481e-26
19691,3.47568e-26
19692,3.46603e-26
19693,3.45485e-26
19694,3.4442e-26
19695,3.43423e-26
19696,3.42322e-26
19697,3.41423e-26
19698,3.40502e-26
19699,3.39502e-26
19700,3.38587e-26
19701,3.37501e-26
19702,3.36626e-26
19703,3.35745e-26
19704,3.3474e-26
19705,3.33688e-26
19706,3.3265e-26
19707,3.31725e-26
19708,3.30844e-26
19709,3.29836e-26
19710,3.28895e-26
19711,3.27861e-26
19712,3.26988e-26
19713,3.26086e-26
19714,3.25188e-26
19715,3.24137e-26
19716,3.23186e-26
19717,3.22133e-26
19718,3.21155e-26
19719,3.20129e-26
19720,3.19296e-26
19721,3.1839e-26
19722,3.17377e-26
19723,3.16477e-26
19724,3.15581e-26
19725,3.14654e-26
19726,3.13676e-26
19727,3.12805e-26
19728,3.11878e-26
19729,3.10867e-26
19730,3.09872e-26
19731,3.08899e-26
19732,3.07894e-26
19733,3.06906e-26
19734,3.05931e-26
19735,3.05015e-26
19736,3.04101e-26
19737,3.03213e-26
19738,3.0226e-26
19739,3.01325e-26
19740,3.00504e-26
19741,2.99696e-26
19742,2.98826e-26
19743,2.97994e-26
19744,2.97137e-26
19745,2.96218e-26
19746,2.95394e-26
19747,2.94456e-26
19748,2.9354e-26
19749,2.92597e-26
19750,2.9168e-26
19751,2.9077e-26
19752,2.89965e-26
19753,2.89102e-26
19754,2.88347e-26
19755,2.87493e-26
19756,2.86728e-26
19757,2.85844e-26
19758,2.84924e-26
19759,2.84039e-26
19760,2.83158e-26
19761,2.8229e-26
19762,2.81478e-26
19763,2.80638e-26
19764,2.79823e-26
19765,2.79068e-26
19766,2.78327e-26
19767,2.77605e-26
19768,2.76779e-26
19769,2.75885e-26
19770,2.75025e-26
19771,2.74147e-26
19772,2.73425e-26
19773,2.72688e-26
19774,2.71966e-26
19775,2.71178e-26
19776,2.70305e-26
19777,2.69532e-26
19778,2.68766e-26
19779,2.67962e-26
19780,2.67232e-26
19781,2.66526e-26
19782,2.65785e-26
19783,2.65021e-26
19784,2.64212e-26
19785,2.63463e-26
19786,2.62776e-26
19787,2.61968e-26
19788,2.61269e-26
19789,2.60445e-26
19790,2.59683e-26
19791,2.58865e-26
19792,2.58091e-26
19793,2.57267e-26
19794,2.56528e-26
19795,2.55693e-26
19796,2.55029e-26
19797,2.54294e-26
19798,2.53463e-26
19799,2.52681e-26
19800,2.51957e-26
19801,2.51189e-26
19802,2.50458e-26
19803,2.49735e-26
19804,2.48943e-26
19805,2.48197e-26
19806,2.47391e-26
19807,2.46605e-26
19808,2.45801e-26
19809,2.45108e-26
19810,2.44416e-26
19811,2.43771e-26
19812,2.43082e-26
19813,2.42345e-26
19814,2.41629e-26
19815,2.40995e-26
19816,2.40221e-26
19817,2.395e-26
19818,2.38737e-26
19819,2.381e-26
19820,2.3742e-26
19821,2.3676e-26
19822,2.36005e-26
19823,2.35222e-26
19824,2.3459e-26
19825,2.33941e-26
19826,2.33192e-26
19827,2.32566e-26
19828,2.31851e-26
19829,2.31095e-26
19830,2.30359e-26
19831,2.2974e-26
19832,2.2906e-26
19833,2.28434e-26
19834,2.27758e-26
19835,2.27101e-26
19836,2.26397e-26
19837,2.25729e-26
19838,2.25117e-26
19839,2.24442e-26
19840,2.23737e-26
19841,2.23068e-26
19842,2.22378e-26
19843,2.21778e-26
19844,2.21177e-26
19845,2.20575e-26
19846,2.19975e-26
19847,2.1938e-26
19848,2.18705e-26
19849,2.18135e-26
19850,2.17531e-26
19851,2.16944e-26
19852,2.16339e-26
19853,2.15752e-26
19854,2.15176e-26
19855,2.1456e-26
19856,2.13935e-26
19857,2.13374e-26
19858,2.12747e-26
19859,2.12162e-26
19860,2.11479e-26
19861,2.10879e-26
19862,2.10282e-26
19863,2.09661e-26
19864,2.09039e-26
19865,2.08362e-26
19866,2.07666e-26
19867,2.07084e-26
19868,2.06492e-26
19869,2.05937e-26
19870,2.05285e-26
19871,2.04726e-26
19872,2.04107e-26
19873,2.03489e-26
19874,2.02914e-26
19875,2.0227e-26
19876,2.01622e-26
19877,2.01018e-26
19878,2.00492e-26
19879,1.99902e-26
19880,1.99305e-26
19881,1.98743e-26
19882,1.9813e-26
19883,1.9749e-26
19884,1.96899e-26
19885,1.96268e-26
19886,1.95715e-26
19887,1.95078e-26
19888,1.94434e-26
19889,1.93799e-26
19890,1.93264e-26
19891,1.92652e-26
19892,1.92127e-26
19893,1.91558e-26
19894,1.91006e-26
19895,1.90417e-26
19896,1.89856e-26
19897,1.89313e-26
19898,1.88695e-26
19899,1.88075e-26
19900,1.87511e-26
19901,1.86906e-26
19902,1.86413e-26
19903,1.85907e-26
19904,1.85367e-26
19905,1.84836e-26
19906,1.8435e-26
19907,1.83838e-26
19908,1.83248e-26
19909,1.8276e-26
19910,1.82186e-26
19911,1.81647e-26
19912,1.81122e-26
19913,1.80578e-26
19914,1.80064e-26
19915,1.79482e-26
19916,1.78952e-26
19917,1.78406e-26
19918,1.77822e-26
19919,1.77309e-26
19920,1.76787e-26
19921,1.76311e-26
19922,1.75826e-26
19923,1.7529e-26
19924,1.74743e-26
19925,1.74204e-26
19926,1.73699e-26
19927,1.73224e-26
19928,1.72771e-26
19929,1.7228e-26
19930,1.71822e-26
19931,1.71315e-26
19932,1.70837e-26
19933,1.70374e-26
19934,1.69849e-26
19935,1.69312e-26
19936,1.688e-26
19937,1.68262e-26
19938,1.67817e-26
19939,1.67328e-26
19940,1.66788e-26
19941,1.66234e-26
19942,1.65803e-26
19943,1.65339e-26
19944,1.64851e-26
19945,1.64381e-26
19946,1.63924e-26
19947,1.63498e-26
19948,1.63073e-26
19949,1.62628e-26
19950,1.62166e-26
19951,1.61686e-26
19952,1.61225e-26
19953,1.60737e-26
19954,1.60293e-26
19955,1.59868e-26
19956,1.59422e-26
19957,1.5894e-26
19958,1.58493e-26
19959,1.58044e-26
19960,1.5763e-26
19961,1.5718e-26
19962,1.56674e-26
19963,1.56227e-26
19964,1.55759e-26
19965,1.55278e-26
19966,1.54863e-26
19967,1.54445e-26
19968,1.53994e-26
19969,1.53574e-26
19970,1.53108e-26
19971,1.52664e-26
19972,1.52254e-26
19973,1.51792e-26
19974,1.51315e-26
19975,1.50844e-26
19976,1.50447e-26
19977,1.50053e-26
19978,1.49598e-26
19979,1.49202e-26
19980,1.4879e-26
19981,1.48395e-26
19982,1.47953e-26
19983,1.47502e-26
19984,1.47039e-26
19985,1.46564e-26
19986,1.461e-26
19987,1.45715e-26
19988,1.45291e-26
19989,1.4491e-26
19990,1.44496e-26
19991,1.44067e-26
19992,1.43645e-26
19993,1.43238e-26
19994,1.42779e-26
19995,1.42402e-26
19996,1.4203e-26
19997,1.4166e-26
19998,1.41272e-26
19999,1.40855e-26
20000,1.40468e-26
20001,1.40019e-26
20002,1.39551e-26
20003,1.39148e-26
20004,1.38729e-26
20005,1.38295e-26
20006,1.37931e-26
20007,1.37515e-26
20008,1.37079e-26
20009,1.36645e-26
20010,1.36213e-26
20011,1.35852e-26
20012,1.35426e-26
20013,1.35037e-26
20014,1.34621e-26
20015,1.34211e-26
20016,1.33841e-26
20017,1.33454e-26
20018,1.33046e-26
20019,1.32629e-26
20020,1.32234e-26
20021,1.31882e-26
20022,1.31515e-26
20023,1.31088e-26
20024,1.30703e-26
20025,1.30345e-26
20026,1.30002e-26
20027,1.29625e-26
20028,1.29269e-26
20029,1.28907e-26
20030,1.2857e-26
20031,1.282e-26
20032,1.27847e-26
20033,1.27514e-26
20034,1.27118e-26
20035,1.26708e-26
20036,1.26304e-26
20037,1.25891e-26
20038,1.25512e-26
20039,1.25136e-26
20040,1.24753e-26
20041,1.24403e-26
20042,1.24027e-26
20043,1.23658e-26
20044,1.2328e-26
20045,1.22928e-26
20046,1.22597e-26
20047,1.22209e-26
20048,1.21815e-26
20049,1.21423e-26
20050,1.21049e-26
20051,1.20704e-26
20052,1.20315e-26
20053,1.19916e-26
20054,1.19572e-26
20055,1.19232e-26
20056,1.18911e-26
20057,1.18571e-26
20058,1.18195e-26
20059,1.17854e-26
20060,1.17488e-26
20061,1.17106e-26
20062,1.16725e-26
20063,1.16333e-26
20064,1.15946e-26
20065,1.15583e-26
20066,1.1521e-26
20067,1.14851e-26
20068,1.14504e-26
20069,1.14176e-26
20070,1.13861e-26
20071,1.13548e-26
20072,1.13203e-26
20073,1.12836e-26
20074,1.12476e-26
20075,1.12156e-26
20076,1.11845e-26
20077,1.11487e-26
20078,1.11179e-26
20079,1.10883e-26
20080,1.10544e-26
20081,1.10187e-26
20082,1.09863e-26
20083,1.09527e-26
20084,1.09178e-26
20085,1.08828e-26
20086,1.08543e-26
20087,1.08196e-26
20088,1.07897e-26
20089,1.07553e-26
20090,1.07245e-26
20091,1.06896e-26
20092,1.06554e-26
20093,1.0626e-26
20094,1.05918e-26
20095,1.05586e-26
20096,1.05241e-26
20097,1.04903e-26
20098,1.046e-26
20099,1.04294e-26
20100,1.0401e-26
20101,1.03698e-26
20102,1.03375e-26
20103,1.03041e-26
20104,1.02731e-26
20105,1.02428e-26
20106,1.02148e-26
20107,1.0183e-26
20108,1.01534e-26
20109,1.0124e-26
20110,1.00914e-26
20111,1.0064e-26
20112,1.00358e-26
20113,1.00074e-26
20114,9.97584e-27
20115,9.94902e-27
20116,9.92214e-27
20117,9.89085e-27
20118,9.86449e-27
20119,9.83636e-27
20120,9.80575e-27
20121,9.77698e-27
20122,9.74901e-27
20123,9.72007e-27
20124,9.69021e-27
20125,9.66266e-27
20126,9.63595e-27
20127,9.60727e-27
20128,9.58138e-27
20129,9.55259e-27
20130,9.52737e-27
20131,9.50067e-27
20132,9.47427e-27
20133,9.44469e-27
20134,9.41879e-27
20135,9.38933e-27
20136,9.36288e-27
20137,9.33603e-27
20138,9.30784e-27
20139,9.27885e-27
20140,9.24888e-27
20141,9.22111e-27
20142,9.19129e-27
20143,9.16624e-27
20144,9.13712e-27
20145,9.10837e-27
20146,9.08266e-27
20147,9.05868e-27
20148,9.03176e-27
20149,9.00572e-27
20150,8.97935e-27
20151,8.95375e-27
20152,8.92522e-27
20153,8.89611e-27
20154,8.86661e-27
20155,8.83973e-27
20156,8.81539e-27
20157,8.79147e-27
20158,8.7679e-27
20159,8.74308e-27
20160,8.71549e-27
20161,8.6915e-27
20162,8.66488e-27
20163,8.6417e-27
20164,8.61922e-27
20165,8.59194e-27
20166,8.56356e-27
20167,8.53919e-27
20168,8.51511e-27
20169,8.48979e-27
20170,8.46749e-27
20171,8.44451e-27
20172,8.42208e-27
20173,8.39518e-27
20174,8.37101e-27
20175,8.34931e-27
20176,8.32415e-27
20177,8.29845e-27
20178,8.27645e-27
20179,8.25349e-27
20180,8.23156e-27
20181,8.20722e-27
20182,8.18209e-27
20183,8.15501e-27
20184,8.13093e-27
20185,8.10643e-27
20186,8.08229e-27
20187,8.0574e-27
20188,8.03184e-27
20189,8.00686e-27
20190,7.98575e-27
20191,7.96191e-27
20192,7.93615e-27
20193,7.91078e-27
20194,7.88576e-27
20195,7.85982e-27
20196,7.83506e-27
20197,7.81069e-27
20198,7.78901e-27
20199,7.76858e-27
20200,7.74719e-27
20201,7.72557e-27
20202,7.70426e-27
20203,7.68245e-27
20204,7.66121e-27
20205,7.63817e-27
20206,7.61633e-27
20207,7.59167e-27
20208,7.57011e-27
20209,7.54813e-27
20210,7.52733e-27
20211,7.50571e-27
20212,7.48607e-27
20213,7.46242e-27
20214,7.44077e-27
20215,7.41891e-27
20216,7.39704e-27
20217,7.3729e-27
20218,7.35271e-27
20219,7.33222e-27
20220,7.3101e-27
20221,7.28981e-27
20222,7.26642e-27
20223,7.24456e-27
20224,7.22558e-27
20225,7.20378e-27
20226,7.18268e-27
20227,7.16026e-27
20228,7.13973e-27
20229,7.11769e-27
20230,7.09498e-27
20231,7.07316e-27
20232,7.05468e-27
20233,7.03612e-27
20234,7.01789e-27
20235,6.99844e-27
20236,6.97706e-27
20237,6.95704e-27
20238,6.93788e-27
20239,6.91979e-27
20240,6.89822e-27
20241,6.87786e-27
20242,6.85782e-27
20243,6.8358e-27
20244,6.81602e-27
20245,6.79424e-27
20246,6.77461e-27
20247,6.7528e-27
20248,6.73098e-27
20249,6.71051e-27
20250,6.69209e-27
20251,6.67268e-27
20252,6.65149e-27
20253,6.63352e-27
20254,6.61625e-27
20255,6.59546e-27
20256,6.57425e-27
20257,6.55471e-27
20258,6.53471e-27
20259,6.51681e-27
20260,6.49898e-27
20261,6.48019e-27
20262,6.45962e-27
20263,6.44163e-27
20264,6.42267e-27
20265,6.40217e-27
20266,6.38288e-27
20267,6.36527e-27
20268,6.3478e-27
20269,6.32803e-27
20270,6.31039e-27
20271,6.29369e-27
20272,6.27626e-27
20273,6.25698e-27
20274,6.23628e-27
20275,6.21674e-27
20276,6.19782e-27
20277,6.1801e-27
20278,6.16158e-27
20279,6.14368e-27
20280,6.12368e-27
20281,6.10394e-27
20282,6.08382e-27
20283,6.0642e-27
20284,6.04398e-27
20285,6.0238e-27
20286,6.00484e-27
20287,5.98568e-27
20288,5.96818e-27
20289,5.95128e-27
20290,5.93585e-27
20291,5.91805e-27
20292,5.89927e-27
20293,5.88016e-27
20294,5.86072e-27
20295,5.84395e-27
20296,5.82597e-27
20297,5.80883e-27
20298,5.79141e-27
20299,5.77246e-27
20300,5.75624e-27
20301,5.73805e-27
20302,5.72303e-27
20303,5.70617e-27
20304,5.68906e-27
20305,5.67426e-27
20306,5.65867e-27
20307,5.64332e-27
20308,5.62728e-27
20309,5.60944e-27
20310,5.59223e-27
20311,5.57631e-27
20312,5.55933e-27
20313,5.54271e-27
20314,5.52775e-27
20315,5.51117e-27
20316,5.49496e-27
20317,5.47742e-27
20318,5.46143e-27
20319,5.44373e-27
20320,5.42878e-27
20321,5.41315e-27
20322,5.39691e-27
20323,5.38288e-27
20324,5.36794e-27
20325,5.35219e-27
20326,5.33697e-27
20327,5.32311e-27
20328,5.30933e-27
20329,5.29246e-27
20330,5.27487e-27
20331,5.26002e-27
20332,5.24356e-27
20333,5.22996e-27
20334,5.21365e-27
20335,5.19865e-27
20336,5.18511e-27
20337,5.17132e-27
20338,5.15604e-27
20339,5.14116e-27
20340,5.12441e-27
20341,5.11031e-27
20342,5.09448e-27
20343,5.07887e-27
20344,5.06289e-27
20345,5.04624e-27
20346,5.03207e-27
20347,5.01819e-27
20348,5.0026e-27
20349,4.98699e-27
20350,4.97339e-27
20351,4.9573e-27
20352,4.94386e-27
20353,4.92855e-27
20354,4.91576e-27
20355,4.90163e-27
20356,4.88792e-27
20357,4.87404e-27
20358,4.85984e-27
20359,4.84623e-27
20360,4.83262e-27
20361,4.81867e-27
20362,4.80423e-27
20363,4.79134e-27
20364,4.77755e-27
20365,4.7637e-27
20366,4.74966e-27
20367,4.73576e-27
20368,4.72163e-27
20369,4.70909e-27
20370,4.69421e-27
20371,4.68015e-27
20372,4.667e-27
20373,4.65282e-27
20374,4.64016e-27
20375,4.62795e-27
20376,4.61422e-27
20377,4.60076e-27
20378,4.58782e-27
20379,4.57474e-27
20380,4.56236e-27
20381,4.54905e-27
20382,4.53605e-27
20383,4.52327e-27
20384,4.51068e-27
20385,4.49781e-27
20386,4.48371e-27
20387,4.47011e-27
20388,4.45602e-27
20389,4.44355e-27
20390,4.42936e-27
20391,4.41755e-27
20392,4.40408e-27
20393,4.39109e-27
20394,4.37899e-27
20395,4.36715e-27
20396,4.35317e-27
20397,4.33938e-27
20398,4.32598e-27
20399,4.31314e-27
20400,4.29937e-27
20401,4.2864e-27
20402,4.27515e-27
20403,4.26365e-27
20404,4.25199e-27
20405,4.24033e-27
20406,4.22872e-27
20407,4.21546e-27
20408,4.20235e-27
20409,4.18973e-27
20410,4.17821e-27
20411,4.165e-27
20412,4.15402e-27
20413,4.14167e-27
20414,4.13033e-27
20415,4.11867e-27
20416,4.108e-27
20417,4.09733e-27
20418,4.08431e-27
20419,4.0713e-27
20420,4.05985e-27
20421,4.04701e-27
20422,4.03381e-27
20423,4.02332e-27
20424,4.01202e-27
20425,4.00131e-27
20426,3.99045e-27
20427,3.97935e-27
20428,3.96672e-27
20429,3.95387e-27
20430,3.94114e-27
20431,3.9287e-27
20432,3.91731e-27
20433,3.9048e-27
20434,3.89202e-27
20435,3.87998e-27
20436,3.86964e-27
20437,3.85931e-27
20438,3.84814e-27
20439,3.83604e-27
20440,3.82414e-27
20441,3.81223e-27
20442,3.80044e-27
20443,3.7885e-27
20444,3.77779e-27
20445,3.76573e-27
20446,3.75568e-27
20447,3.74519e-27
20448,3.73322e-27
20449,3.7234e-27
20450,3.71351e-27
20451,3.70343e-27
20452,3.69164e-27
20453,3.67928e-27
20454,3.66911e-27
20455,3.65897e-27
20456,3.64921e-27
20457,3.63879e-27
20458,3.62796e-27
20459,3.61856e-27
20460,3.60858e-27
20461,3.59833e-27
20462,3.58721e-27
20463,3.5761e-27
20464,3.56618e-27
20465,3.55544e-27
20466,3.54538e-27
20467,3.53534e-27
20468,3.52436e-27
20469,3.5131e-27
20470,3.50357e-27
20471,3.49348e-27
20472,3.48318e-27
20473,3.4721e-27
20474,3.46259e-27
20475,3.45172e-27
20476,3.44087e-27
20477,3.43119e-27
20478,3.42192e-27
20479,3.41164e-27
20480,3.40193e-27
20481,3.39249e-27
20482,3.38179e-27
20483,3.37234e-27
20484,3.363e-27
20485,3.35414e-27
20486,3.34431e-27
20487,3.33473e-27
20488,3.32498e-27
20489,3.31612e-27
20490,3.30669e-27
20491,3.29641e-27
20492,3.28667e-27
20493,3.27784e-27
20494,3.26839e-27
20495,3.25825e-27
20496,3.24794e-27
20497,3.23757e-27
20498,3.22893e-27
20499,3.21946e-27
20500,3.20974e-27
20501,3.20081e-27
20502,3.19042e-27
20503,3.18182e-27
20504,3.17335e-27
20505,3.16476e-27
20506,3.15456e-27
20507,3.14433e-27
20508,3.13498e-27
20509,3.12654e-27
20510,3.11745e-27
20511,3.10753e-27
20512,3.09848e-27
20513,3.08972e-27
20514,3.08145e-27
20515,3.0721e-27
20516,3.06322e-27
20517,3.05386e-27
20518,3.04575e-27
20519,3.03611e-27
20520,3.02645e-27
20521,3.01747e-27
20522,3.00822e-27
20523,2.99981e-27
20524,2.99077e-27
20525,2.98275e-27
20526,2.97497e-27
20527,2.96651e-27
20528,2.95695e-27
20529,2.949e-27
20530,2.93955e-27
20531,2.93071e-27
20532,2.92228e-27
20533,2.9128e-27
20534,2.90372e-27
20535,2.89508e-27
20536,2.8873e-27
20537,2.8786e-27
20538,2.87039e-27
20539,2.86172e-27
20540,2.85262e-27
20541,2.84337e-27
20542,2.83493e-27
20543,2.82711e-27
20544,2.81942e-27
20545,2.81098e-27
20546,2.8018e-27
20547,2.7932e-27
20548,2.78536e-27
20549,2.77808e-27
20550,2.76998e-27
20551,2.76264e-27
20552,2.75456e-27
20553,2.74705e-27
20554,2.73928e-27
20555,2.73187e-27
20556,2.72421e-27
20557,2.71644e-27
20558,2.70832e-27
20559,2.7008e-27
20560,2.69286e-27
20561,2.68485e-27
20562,2.67637e-27
20563,2.66754e-27
20564,2.65959e-27
20565,2.65178e-27
20566,2.64406e-27
20567,2.63605e-27
20568,2.62894e-27
20569,2.62073e-27
20570,2.61343e-27
20571,2.60497e-27
20572,2.59684e-27
20573,2.58865e-27
20574,2.58153e-27
20575,2.57334e-27
20576,2.56593e-27
20577,2.55901e-27
20578,2.55155e-27
20579,2.54374e-27
20580,2.53678e-27
20581,2.53017e-27
20582,2.5224e-27
20583,2.51451e-27
20584,2.50757e-27
20585,2.50086e-27
20586,2.49292e-27
20587,2.48541e-27
20588,2.47801e-27
20589,2.47072e-27
20590,2.46289e-27
20591,2.45638e-27
20592,2.44996e-27
20593,2.44265e-27
20594,2.43631e-27
20595,2.42919e-27
20596,2.4227e-27
20597,2.4157e-27
20598,2.40916e-27
20599,2.4025e-27
20600,2.39581e-27
20601,2.3889e-27
20602,2.38231e-27
20603,2.3746e-27
20604,2.36808e-27
20605,2.36123e-27
20606,2.35369e-27
20607,2.34655e-27
20608,2.33942e-27
20609,2.33271e-27
20610,2.32625e-27
20611,2.31896e-27
20612,2.31224e-27
20613,2.3062e-27
20614,2.29943e-27
20615,2.29243e-27
20616,2.28621e-27
20617,2.27959e-27
20618,2.27336e-27
20619,2.26643e-27
20620,2.25895e-27
20621,2.25304e-27
20622,2.24611e-27
20623,2.24027e-27
20624,2.23354e-27
20625,2.22649e-27
20626,2.21979e-27
20627,2.21278e-27
20628,2.20661e-27
20629,2.19982e-27
20630,2.19402e-27
20631,2.18757e-27
20632,2.18164e-27
20633,2.17554e-27
20634,2.16913e-27
20635,2.16293e-27
20636,2.15618e-27
20637,2.14993e-27
20638,2.14293e-27
20639,2.1367e-27
20640,2.12999e-27
20641,2.12411e-27
20642,2.11828e-27
20643,2.11251e-27
20644,2.10668e-27
20645,2.10012e-27
20646,2.09334e-27
20647,2.08722e-27
20648,2.08142e-27
20649,2.07594e-27
20650,2.07038e-27
20651,2.0647e-27
20652,2.05921e-27
20653,2.05268e-27
20654,2.04696e-27
20655,2.0406e-27
20656,2.03423e-27
20657,2.02772e-27
20658,2.02159e-27
20659,2.01493e-27
20660,2.00883e-27
20661,2.00271e-27
20662,1.99675e-27
20663,1.99053e-27
20664,1.98396e-27
20665,1.97872e-27
20666,1.97345e-27
20667,1.96741e-27
20668,1.96163e-27
20669,1.95643e-27
20670,1.95119e-27
20671,1.94579e-27
20672,1.94035e-27
20673,1.93483e-27
20674,1.92918e-27
20675,1.92341e-27
20676,1.91818e-27
20677,1.91278e-27
20678,1.90781e-27
20679,1.90234e-27
20680,1.89687e-27
20681,1.89176e-27
20682,1.88601e-27
20683,1.88041e-27
20684,1.87544e-27
20685,1.86945e-27
20686,1.86417e-27
20687,1.85835e-27
20688,1.85245e-27
20689,1.84642e-27
20690,1.84054e-27
20691,1.8353e-27
20692,1.82991e-27
20693,1.82479e-27
20694,1.81998e-27
20695,1.81473e-27
20696,1.80957e-27
20697,1.80465e-27
20698,1.79974e-27
20699,1.79408e-27
20700,1.78906e-27
20701,1.78401e-27
20702,1.77923e-27
20703,1.77394e-27
20704,1.76842e-27
20705,1.76302e-27
20706,1.75823e-27
20707,1.75264e-27
20708,1.74679e-27
20709,1.74201e-27
20710,1.73708e-27
20711,1.73212e-27
20712,1.72722e-27
20713,1.72268e-27
20714,1.71721e-27
20715,1.71222e-27
20716,1.70776e-27
20717,1.70309e-27
20718,1.69844e-27
20719,1.69315e-27
20720,1.68863e-27
20721,1.68319e-27
20722,1.67865e-27
20723,1.67363e-27
20724,1.66896e-27
20725,1.66439e-27
20726,1.65999e-27
20727,1.655e-27
20728,1.65022e-27
20729,1.64561e-27
20730,1.6408e-27
20731,1.63574e-27
20732,1.63073e-27
20733,1.62574e-27
20734,1.62117e-27
20735,1.61656e-27
20736,1.61208e-27
20737,1.60739e-27
20738,1.60291e-27
20739,1.59849e-27
20740,1.59365e-27
20741,1.58876e-27
20742,1.58389e-27
20743,1.57977e-27
20744,1.57498e-27
20745,1.57023e-27
20746,1.56567e-27
20747,1.56081e-27
20748,1.55581e-27
20749,1.551e-27
20750,1.54636e-27
20751,1.54132e-27
20752,1.53655e-27
20753,1.53179e-27
20754,1.52718e-27
20755,1.52221e-27
20756,1.51719e-27
20757,1.51247e-27
20758,1.5079e-27
20759,1.50364e-27
20760,1.49878e-27
20761,1.49479e-27
20762,1.4909e-27
20763,1.48648e-27
20764,1.48185e-27
20765,1.47766e-27
20766,1.47285e-27
20767,1.46902e-27
20768,1.46448e-27
20769,1.4604e-27
20770,1.45636e-27
20771,1.45213e-27
20772,1.44743e-27
20773,1.44266e-27
20774,1.43835e-27
20775,1.43396e-27
20776,1.42973e-27
20777,1.42507e-27
20778,1.42095e-27
20779,1.41696e-27
20780,1.41271e-27
20781,1.40811e-27
20782,1.40418e-27
20783,1.4003e-27
20784,1.39611e-27
20785,1.39167e-27
20786,1.38786e-27
20787,1.3838e-27
20788,1.37975e-27
20789,1.37542e-27
20790,1.37099e-27
20791,1.36698e-27
20792,1.3626e-27
20793,1.35817e-27
20794,1.35461e-27
20795,1.35058e-27
20796,1.34689e-27
20797,1.34339e-27
20798,1.33938e-27
20799,1.33591e-27
20800,1.33221e-27
20801,1.32797e-27
20802,1.32404e-27
20803,1.3204e-27
20804,1.31628e-27
20805,1.31189e-27
20806,1.30758e-27
20807,1.30389e-27
20808,1.29968e-27
20809,1.29605e-27
20810,1.29216e-27
20811,1.28829e-27
20812,1.28478e-27
20813,1.28072e-27
20814,1.27661e-27
20815,1.27251e-27
20816,1.26854e-27
20817,1.26523e-27
20818,1.2617e-27
20819,1.25829e-27
20820,1.25437e-27
20821,1.25097e-27
20822,1.24723e-27
20823,1.24339e-27
20824,1.24015e-27
20825,1.23642e-27
20826,1.23295e-27
20827,1.22957e-27
20828,1.22584e-27
20829,1.22182e-27
20830,1.21844e-27
20831,1.2145e-27
20832,1.21056e-27
20833,1.20675e-27
20834,1.20345e-27
20835,1.19982e-27
20836,1.19609e-27
20837,1.19293e-27
20838,1.18912e-27
20839,1.18544e-27
20840,1.18208e-27
20841,1.17856e-27
20842,1.17532e-27
20843,1.17187e-27
20844,1.16847e-27
20845,1.16541e-27
20846,1.16215e-27
20847,1.15903e-27
20848,1.15597e-27
20849,1.1525e-27
20850,1.14925e-27
20851,1.14559e-27
20852,1.14191e-27
20853,1.13812e-27
20854,1.13466e-27
20855,1.13102e-27
20856,1.12756e-27
20857,1.12392e-27
20858,1.12095e-27
20859,1.11784e-27
20860,1.11434e-27
20861,1.1112e-27
20862,1.10812e-27
20863,1.10476e-27
20864,1.10188e-27
20865,1.09871e-27
20866,1.09563e-27
20867,1.09225e-27
20868,1.08898e-27
20869,1.08596e-27
20870,1.08285e-27
20871,1.07939e-27
20872,1.07591e-27
20873,1.0726e-27
20874,1.0695e-27
20875,1.06652e-27
20876,1.06328e-27
20877,1.05995e-27
20878,1.05686e-27
20879,1.05357e-27
20880,1.05053e-27
20881,1.04726e-27
20882,1.04406e-27
20883,1.04118e-27
20884,1.03801e-27
20885,1.03517e-27
20886,1.03244e-27
20887,1.02956e-27
20888,1.02685e-27
20889,1.0241e-27
20890,1.02104e-27
20891,1.01775e-27
20892,1.01476e-27
20893,1.0115e-27
20894,1.00846e-27
20895,1.0055e-27
20896,1.00264e-27
20897,9.99464e-28
20898,9.96707e-28
20899,9.93526e-28
20900,9.90872e-28
20901,9.87907e-28
20902,9.84785e-28
20903,9.81532e-28
20904,9.7879e-28
20905,9.76118e-28
20906,9.73449e-28
20907,9.7033e-28
20908,9.67104e-28
20909,9.64097e-28
20910,9.61105e-28
20911,9.58358e-28
20912,9.55609e-28
20913,9.52924e-28
20914,9.50082e-28
20915,9.47545e-28
20916,9.44777e-28
20917,9.41896e-28
20918,9.39161e-28
20919,9.36342e-28
20920,9.33377e-28
20921,9.3093e-28
20922,9.28238e-28
20923,9.2567e-28
20924,9.22703e-28
20925,9.20295e-28
20926,9.17488e-28
20927,9.14917e-28
20928,9.12009e-28
20929,9.08979e-28
20930,9.06478e-28
20931,9.0354e-28
20932,9.00785e-28
20933,8.98452e-28
20934,8.95607e-28
20935,8.92708e-28
20936,8.9025e-28
20937,8.87853e-28
20938,8.85101e-28
20939,8.82698e-28
20940,8.79947e-28
20941,8.77351e-28
20942,8.74749e-28
20943,8.72348e-28
20944,8.69627e-28
20945,8.67299e-28
20946,8.64867e-28
20947,8.62438e-28
20948,8.59755e-28
20949,8.57037e-28
20950,8.54221e-28
20951,8.51619e-28
20952,8.48909e-28
20953,8.4645e-28
20954,8.43767e-28
20955,8.41106e-28
20956,8.38654e-28
20957,8.36146e-28
20958,8.3396e-28
20959,8.31639e-28
20960,8.29187e-28
20961,8.26899e-28
20962,8.24596e-28
20963,8.22389e-28
20964,8.20131e-28
20965,8.17884e-28
20966,8.15237e-28
20967,8.12837e-28
20968,8.10511e-28
20969,8.0798e-28
20970,8.05508e-28
20971,8.03306e-28
20972,8.01088e-28
20973,7.98928e-28
20974,7.96644e-28
20975,7.94544e-28
20976,7.92346e-28
20977,7.89899e-28
20978,7.87622e-28
20979,7.85552e-28
20980,7.8326e-28
20981,7.81058e-28
20982,7.787e-28
20983,7.76496e-28
20984,7.74106e-28
20985,7.71829e-28
20986,7.69789e-28
20987,7.67722e-28
20988,7.65709e-28
20989,7.63671e-28
20990,7.61469e-28
20991,7.59187e-28
20992,7.57027e-28
20993,7.54674e-28
20994,7.52313e-28
20995,7.50026e-28
20996,7.47542e-28
20997,7.45185e-28
20998,7.43223e-28
20999,7.41121e-28
21000,7.38957e-28
21001,7.36688e-28
21002,7.34468e-28
21003,7.32167e-28
21004,7.29804e-28
21005,7.27352e-28
21006,7.24987e-28
21007,7.23036e-28
21008,7.20815e-28
21009,7.18832e-28
21010,7.16881e-28
21011,7.14899e-28
21012,7.12793e-28
21013,7.10531e-28
21014,7.08363e-28
21015,7.06395e-28
21016,7.04423e-28
21017,7.02277e-28
21018,7.00247e-28
21019,6.98261e-28
21020,6.96074e-28
21021,6.93814e-28
21022,6.91505e-28
21023,6.89628e-28
21024,6.87558e-28
21025,6.85445e-28
21026,6.83287e-28
21027,6.81195e-28
21028,6.79239e-28
21029,6.77098e-28
21030,6.75343e-28
21031,6.73228e-28
21032,6.71229e-28
21033,6.69214e-28
21034,6.67179e-28
21035,6.65279e-28
21036,6.63295e-28
21037,6.61364e-28
21038,6.59427e-28
21039,6.57569e-28
21040,6.55569e-28
21041,6.53548e-28
21042,6.51568e-28
21043,6.49782e-28
21044,6.47885e-28
21045,6.46115e-28
21046,6.44244e-28
21047,6.42214e-28
21048,6.4012e-28
21049,6.38022e-28
21050,6.36288e-28
21051,6.34354e-28
21052,6.32363e-28
21053,6.30672e-28
21054,6.28696e-28
21055,6.26885e-28
21056,6.24921e-28
21057,6.23019e-28
21058,6.21399e-28
21059,6.19724e-28
21060,6.1795e-28
21061,6.16342e-28
21062,6.14728e-28
21063,6.12778e-28
21064,6.10913e-28
21065,6.0903e-28
21066,6.07325e-28
21067,6.05682e-28
21068,6.04064e-28
21069,6.02202e-28
21070,6.0042e-28
21071,5.98527e-28
21072,5.96775e-28
21073,5.95188e-28
21074,5.93646e-28
21075,5.91758e-28
21076,5.9009e-28
21077,5.88373e-28
21078,5.86539e-28
21079,5.84936e-28
21080,5.83287e-28
21081,5.81412e-28
21082,5.79512e-28
21083,5.77963e-28
21084,5.76453e-28
21085,5.74698e-28
21086,5.73002e-28
21087,5.71184e-28
21088,5.6956e-28
21089,5.67888e-28
21090,5.66019e-28
21091,5.64215e-28
21092,5.62527e-28
21093,5.61052e-28
21094,5.59358e-28
21095,5.57859e-28
21096,5.56157e-28
21097,5.54322e-28
21098,5.52756e-28
21099,5.51008e-28
21100,5.49272e-28
21101,5.47518e-28
21102,5.45831e-28
21103,5.44343e-28
21104,5.42614e-28
21105,5.40942e-28
21106,5.39487e-28
21107,5.38021e-28
21108,5.36587e-28
21109,5.3489e-28
21110,5.33347e-28
21111,5.31792e-28
21112,5.30111e-28
21113,5.2863e-28
21114,5.27057e-28
21115,5.25371e-28
21116,5.23608e-28
21117,5.22223e-28
21118,5.20645e-28
21119,5.19171e-28
21120,5.17624e-28
21121,5.16033e-28
21122,5.14662e-28
21123,5.13296e-28
21124,5.11731e-28
21125,5.10115e-28
21126,5.08707e-28
21127,5.07241e-28
21128,5.05666e-28
21129,5.0416e-28
21130,5.02751e-28
21131,5.01284e-28
21132,4.99874e-28
21133,4.98267e-28
21134,4.96717e-28
21135,4.95351e-28
21136,4.93881e-28
21137,4.92316e-28
21138,4.90887e-28
21139,4.89379e-28
21140,4.87857e-28
21141,4.86302e-28
21142,4.84982e-28
21143,4.83561e-28
21144,4.82284e-28
21145,4.8081e-28
21146,4.79431e-28
21147,4.78166e-28
21148,4.76684e-28
21149,4.75429e-28
21150,4.74076e-28
21151,4.72724e-28
21152,4.71263e-28
21153,4.69869e-28
21154,4.68491e-28
21155,4.67128e-28
21156,4.65828e-28
21157,4.64403e-28
21158,4.62894e-28
21159,4.61687e-28
21160,4.60426e-28
21161,4.59178e-28
21162,4.57836e-28
21163,4.56475e-28
21164,4.55256e-28
21165,4.54024e-28
21166,4.52623e-28
21167,4.51221e-28
21168,4.49718e-28
21169,4.48491e-28
21170,4.47218e-28
21171,4.45846e-28
21172,4.44371e-28
21173,4.4303e-28
21174,4.4181e-28
21175,4.40651e-28
21176,4.39434e-28
21177,4.38119e-28
21178,4.36947e-28
21179,4.35792e-28
21180,4.34481e-28
21181,4.3319e-28
21182,4.31925e-28
21183,4.30687e-28
21184,4.29564e-28
21185,4.28198e-28
21186,4.26811e-28
21187,4.25606e-28
21188,4.24316e-28
21189,4.22987e-28
21190,4.21789e-28
21191,4.20445e-28
21192,4.19057e-28
21193,4.17695e-28
21194,4.16475e-28
21195,4.15385e-28
21196,4.14304e-28
21197,4.13183e-28
21198,4.11918e-28
21199,4.10847e-28
21200,4.09691e-28
21201,4.086e-28
21202,4.07355e-28
21203,4.062e-28
21204,4.0497e-28
21205,4.03644e-28
21206,4.02476e-28
21207,4.01177e-28
21208,3.99968e-28
21209,3.98786e-28
21210,3.97752e-28
21211,3.9667e-28
21212,3.95635e-28
21213,3.94495e-28
21214,3.93309e-28
21215,3.92274e-28
21216,3.91157e-28
21217,3.90023e-28
21218,3.88916e-28
21219,3.87893e-28
21220,3.86839e-28
21221,3.85667e-28
21222,3.84405e-28
21223,3.83371e-28
21224,3.82251e-28
21225,3.81164e-28
21226,3.80133e-28
21227,3.79018e-28
21228,3.77891e-28
21229,3.7667e-28
21230,3.75537e-28
21231,3.74318e-28
21232,3.73348e-28
21233,3.72321e-28
21234,3.71298e-28
21235,3.70178e-28
21236,3.69166e-28
21237,3.68059e-28
21238,3.66955e-28
21239,3.65808e-28
21240,3.64825e-28
21241,3.63747e-28
21242,3.62558e-28
21243,3.61574e-28
21244,3.6063e-28
21245,3.5957e-28
21246,3.58585e-28
21247,3.57552e-28
21248,3.56622e-28
21249,3.55573e-28
21250,3.54526e-28
21251,3.53555e-28
21252,3.52583e-28
21253,3.51568e-28
21254,3.50575e-28
21255,3.49488e-28
21256,3.48375e-28
21257,3.47338e-28
21258,3.46369e-28
21259,3.45391e-28
21260,3.44403e-28
21261,3.43316e-28
21262,3.42362e-28
21263,3.41383e-28
21264,3.40481e-28
21265,3.39493e-28
21266,3.38602e-28
21267,3.37666e-28
21268,3.36767e-28
21269,3.35762e-28
21270,3.34887e-28
21271,3.33969e-28
21272,3.33065e-28
21273,3.3199e-28
21274,3.31029e-28
21275,3.30123e-28
21276,3.2915e-28
21277,3.28158e-28
21278,3.27153e-28
21279,3.26172e-28
21280,3.25288e-28
21281,3.24414e-28
21282,3.23413e-28
21283,3.22478e-28
21284,3.21511e-28
21285,3.20654e-28
21286,3.19791e-28
21287,3.18883e-28
21288,3.17924e-28
21289,3.17001e-28
21290,3.16018e-28
21291,3.15197e-28
21292,3.1433e-28
21293,3.13312e-28
21294,3.124e-28
21295,3.11518e-28
21296,3.10612e-28
21297,3.09708e-28
21298,3.08774e-28
21299,3.07845e-28
21300,3.07031e-28
21301,3.06112e-28
21302,3.0514e-28
21303,3.04291e-28
21304,3.03378e-28
21305,3.02548e-28
21306,3.01672e-28
21307,3.00858e-28
21308,2.99922e-28
21309,2.9912e-28
21310,2.98209e-28
21311,2.97225e-28
21312,2.96394e-28
21313,2.95532e-28
21314,2.94689e-28
21315,2.93754e-28
21316,2.92865e-28
21317,2.91992e-28
21318,2.91187e-28
21319,2.90397e-28
21320,2.89461e-28
21321,2.88496e-28
21322,2.87704e-28
21323,2.86916e-28
21324,2.85995e-28
21325,2.85121e-28
21326,2.84265e-28
21327,2.83446e-28
21328,2.82699e-28
21329,2.81936e-28
21330,2.81027e-28
21331,2.80269e-28
21332,2.79398e-28
21333,2.78508e-28
21334,2.77704e-28
21335,2.76905e-28
21336,2.75997e-28
21337,2.75098e-28
21338,2.74263e-28
21339,2.73393e-28
21340,2.72485e-28
21341,2.7172e-28
21342,2.70875e-28
21343,2.70128e-28
21344,2.69296e-28
21345,2.68569e-28
21346,2.67861e-28
21347,2.67114e-28
21348,2.663e-28
21349,2.65552e-28
21350,2.64775e-28
21351,2.63968e-28
21352,2.63234e-28
21353,2.62431e-28
21354,2.61583e-28
21355,2.60865e-28
21356,2.60139e-28
21357,2.59389e-28
21358,2.58609e-28
21359,2.57873e-28
21360,2.57099e-28
21361,2.56325e-28
21362,2.5557e-28
21363,2.54835e-28
21364,2.54109e-28
21365,2.53298e-28
21366,2.52484e-28
21367,2.51758e-28
21368,2.5098e-28
21369,2.50259e-28
21370,2.49582e-28
21371,2.48824e-28
21372,2.48061e-28
21373,2.47248e-28
21374,2.46432e-28
21375,2.45717e-28
21376,2.45066e-28
21377,2.44281e-28
21378,2.43515e-28
21379,2.42745e-28
21380,2.42067e-28
21381,2.41407e-28
21382,2.40717e-28
21383,2.40007e-28
21384,2.39234e-28
21385,2.38561e-28
21386,2.37828e-28
21387,2.3718e-28
21388,2.36454e-28
21389,2.35787e-28
21390,2.35091e-28
21391,2.34427e-28
21392,2.33679e-28
21393,2.33069e-28
21394,2.32359e-28
21395,2.31713e-28
21396,2.30973e-28
21397,2.30279e-28
21398,2.29578e-28
21399,2.28879e-28
21400,2.28132e-28
21401,2.274e-28
21402,2.26757e-28
21403,2.26081e-28
21404,2.25379e-28
21405,2.2476e-28
21406,2.24035e-28
21407,2.23316e-28
21408,2.22708e-28
21409,2.22034e-28
21410,2.21368e-28
21411,2.20726e-28
21412,2.2002e-28
21413,2.19287e-28
21414,2.18553e-28
21415,2.17853e-28
21416,2.17246e-28
21417,2.16588e-28
21418,2.15878e-28
21419,2.15153e-28
21420,2.14429e-28
21421,2.13791e-28
21422,2.13192e-28
21423,2.12517e-28
21424,2.11886e-28
21425,2.11333e-28
21426,2.10771e-28
21427,2.10172e-28
21428,2.09547e-28
21429,2.08894e-28
21430,2.0835e-28
21431,2.07747e-28
21432,2.07134e-28
21433,2.06551e-28
21434,2.06008e-28
21435,2.05443e-28
21436,2.04841e-28
21437,2.04307e-28
21438,2.03774e-28
21439,2.03158e-28
21440,2.0253e-28
21441,2.01917e-28
21442,2.01377e-28
21443,2.00782e-28
21444,2.00184e-28
21445,1.99657e-28
21446,1.99099e-28
21447,1.98476e-28
21448,1.97855e-28
21449,1.97304e-28
21450,1.96691e-28
21451,1.96082e-28
21452,1.95468e-28
21453,1.94951e-28
21454,1.94381e-28
21455,1.93847e-28
21456,1.93333e-28
21457,1.92754e-28
21458,1.92169e-28
21459,1.9158e-28
21460,1.91033e-28
21461,1.90456e-28
21462,1.89943e-28
21463,1.89344e-28
21464,1.88718e-28
21465,1.882e-28
21466,1.87699e-28
21467,1.87158e-28
21468,1.86646e-28
21469,1.86145e-28
21470,1.85645e-28
21471,1.85058e-28
21472,1.84477e-28
21473,1.83963e-28
21474,1.83431e-28
21475,1.82921e-28
21476,1.82408e-28
21477,1.81842e-28
21478,1.81361e-28
21479,1.80888e-28
21480,1.80417e-28
21481,1.79854e-28
21482,1.79295e-28
21483,1.7873e-28
21484,1.78143e-28
21485,1.77652e-28
21486,1.77078e-28
21487,1.76618e-28
21488,1.76069e-28
21489,1.75536e-28
21490,1.74997e-28
21491,1.74519e-28
21492,1.74043e-28
21493,1.73502e-28
21494,1.73044e-28
21495,1.7258e-28
21496,1.72024e-28
21497,1.71556e-28
21498,1.71043e-28
21499,1.70578e-28
21500,1.70102e-28
21501,1.69576e-28
21502,1.69128e-28
21503,1.68687e-28
21504,1.68145e-28
21505,1.67642e-28
21506,1.67173e-28
21507,1.66704e-28
21508,1.66241e-28
21509,1.6577e-28
21510,1.65304e-28
21511,1.64842e-28
21512,1.64393e-28
21513,1.63965e-28
21514,1.63535e-28
21515,1.631e-28
21516,1.62654e-28
21517,1.62231e-28
21518,1.618e-28
21519,1.61374e-28
21520,1.60896e-28
21521,1.60392e-28
21522,1.59946e-28
21523,1.59447e-28
21524,1.58968e-28
21525,1.58521e-28
21526,1.5801e-28
21527,1.57536e-28
21528,1.57074e-28
21529,1.56609e-28
21530,1.56124e-28
21531,1.5563e-28
21532,1.55195e-28
21533,1.54712e-28
21534,1.5422e-28
21535,1.53788e-28
21536,1.5336e-28
21537,1.52955e-28
21538,1.52502e-28
21539,1.52047e-28
21540,1.51606e-28
21541,1.51117e-28
21542,1.50626e-28
21543,1.50162e-28
21544,1.49671e-28
21545,1.49179e-28
21546,1.48705e-28
21547,1.48304e-28
21548,1.47834e-28
21549,1.47356e-28
21550,1.46952e-28
21551,1.46524e-28
21552,1.46083e-28
21553,1.45658e-28
21554,1.45254e-28
21555,1.44862e-28
21556,1.44417e-28
21557,1.44022e-28
21558,1.43585e-28
21559,1.43191e-28
21560,1.42752e-28
21561,1.42342e-28
21562,1.41877e-28
21563,1.414e-28
21564,1.41017e-28
21565,1.4058e-28
21566,1.4019e-28
21567,1.39787e-28
21568,1.39343e-28
21569,1.38895e-28
21570,1.3843e-28
21571,1.38041e-28
21572,1.37615e-28
21573,1.37175e-28
21574,1.36725e-28
21575,1.36302e-28
21576,1.35877e-28
21577,1.35461e-28
21578,1.35033e-28
21579,1.34622e-28
21580,1.34226e-28
21581,1.33787e-28
21582,1.33433e-28
21583,1.33081e-28
21584,1.32702e-28
21585,1.32328e-28
21586,1.31965e-28
21587,1.31611e-28
21588,1.31227e-28
21589,1.30804e-28
21590,1.3043e-28
21591,1.30071e-28
21592,1.29711e-28
21593,1.29347e-28
21594,1.28993e-28
21595,1.28624e-28
21596,1.28283e-28
21597,1.27913e-28
21598,1.27508e-28
21599,1.27087e-28
21600,1.26731e-28
21601,1.26334e-28
21602,1.25987e-28
21603,1.25578e-28
21604,1.25192e-28
21605,1.24858e-28
21606,1.24485e-28
21607,1.24134e-28
21608,1.23751e-28
21609,1.23394e-28
21610,1.22997e-28
21611,1.22659e-28
21612,1.22313e-28
21613,1.21915e-28
21614,1.21573e-28
21615,1.21198e-28
21616,1.20857e-28
21617,1.20503e-28
21618,1.20118e-28
21619,1.19731e-28
21620,1.19386e-28
21621,1.19059e-28
21622,1.18748e-28
21623,1.18392e-28
21624,1.18039e-28
21625,1.17714e-28
21626,1.17404e-28
21627,1.17054e-28
21628,1.16693e-28
21629,1.16316e-28
21630,1.15964e-28
21631,1.15584e-28
21632,1.15223e-28
21633,1.14859e-28
21634,1.14481e-28
21635,1.14158e-28
21636,1.13797e-28
21637,1.13455e-28
21638,1.13112e-28
21639,1.12771e-28
21640,1.12403e-28
21641,1.12067e-28
21642,1.11715e-28
21643,1.11403e-28
21644,1.11078e-28
21645,1.10787e-28
21646,1.1043e-28
21647,1.10078e-28
21648,1.09749e-28
21649,1.09396e-28
21650,1.09064e-28
21651,1.08709e-28
21652,1.08422e-28
21653,1.08099e-28
21654,1.07777e-28
21655,1.07452e-28
21656,1.07108e-28
21657,1.06782e-28
21658,1.06489e-28
21659,1.06177e-28
21660,1.05867e-28
21661,1.05536e-28
21662,1.05227e-28
21663,1.04945e-28
21664,1.04638e-28
21665,1.0434e-28
21666,1.04041e-28
21667,1.03745e-28
21668,1.03411e-28
21669,1.03065e-28
21670,1.02719e-28
21671,1.02384e-28
21672,1.0208e-28
21673,1.01764e-28
21674,1.01493e-28
21675,1.01168e-28
21676,1.00848e-28
21677,1.0058e-28
21678,1.00273e-28
21679,9.9993e-29
21680,9.96712e-29
21681,9.93897e-29
21682,9.9121e-29
21683,9.88003e-29
21684,9.84747e-29
21685,9.81648e-29
21686,9.78676e-29
21687,9.75613e-29
21688,9.72876e-29
21689,9.69841e-29
21690,9.67148e-29
21691,9.64168e-29
21692,9.61282e-29
21693,9.58312e-29
21694,9.55227e-29
21695,9.52711e-29
21696,9.50204e-29
21697,9.476e-29
21698,9.44883e-29
21699,9.41805e-29
21700,9.39207e-29
21701,9.36552e-29
21702,9.33619e-29
21703,9.30715e-29
21704,9.28261e-29
21705,9.25336e-29
21706,9.22491e-29
21707,9.19555e-29
21708,9.16497e-29
21709,9.13861e-29
21710,9.11453e-29
21711,9.08578e-29
21712,9.05775e-29
21713,9.03281e-29
21714,9.00417e-29
21715,8.97706e-29
21716,8.94787e-29
21717,8.92157e-29
21718,8.89666e-29
21719,8.87246e-29
21720,8.84817e-29
21721,8.82219e-29
21722,8.79363e-29
21723,8.76566e-29
21724,8.74153e-29
21725,8.71451e-29
21726,8.68671e-29
21727,8.66244e-29
21728,8.63428e-29
21729,8.61045e-29
21730,8.58684e-29
21731,8.56352e-29
21732,8.53817e-29
21733,8.51596e-29
21734,8.48925e-29
21735,8.46331e-29
21736,8.43587e-29
21737,8.4107e-29
21738,8.38643e-29
21739,8.35981e-29
21740,8.33271e-29
21741,8.30811e-29
21742,8.28232e-29
21743,8.25779e-29
21744,8.23242e-29
21745,8.20751e-29
21746,8.18599e-29
21747,8.16178e-29
21748,8.14046e-29
21749,8.11774e-29
21750,8.09256e-29
21751,8.07012e-29
21752,8.04472e-29
21753,8.0198e-29
21754,7.9931e-29
21755,7.97214e-29
21756,7.94939e-29
21757,7.92447e-29
21758,7.90218e-29
21759,7.87961e-29
21760,7.85378e-29
21761,7.83027e-29
21762,7.80676e-29
21763,7.7834e-29
21764,7.76035e-29
21765,7.73783e-29
21766,7.71689e-29
21767,7.6949e-29
21768,7.67006e-29
21769,7.64682e-29
21770,7.62573e-29
21771,7.60205e-29
21772,7.58222e-29
21773,7.55809e-29
21774,7.53698e-29
21775,7.51397e-29
21776,7.4916e-29
21777,7.4706e-29
21778,7.44993e-29
21779,7.42792e-29
21780,7.40548e-29
21781,7.38622e-29
21782,7.36348e-29
21783,7.34204e-29
21784,7.31957e-29
21785,7.29649e-29
21786,7.27503e-29
21787,7.25576e-29
21788,7.23443e-29
21789,7.21187e-29
21790,7.19067e-29
21791,7.16931e-29
21792,7.14945e-29
21793,7.13079e-29
21794,7.11192e-29
21795,7.09008e-29
21796,7.06933e-29
21797,7.04981e-29
21798,7.03087e-29
21799,7.01094e-29
21800,6.98897e-29
21801,6.96896e-29
21802,6.95021e-29
21803,6.92856e-29
21804,6.90908e-29
21805,6.88931e-29
21806,6.86914e-29
21807,6.84743e-29
21808,6.82612e-29
21809,6.80466e-29
21810,6.78525e-29
21811,6.76635e-29
21812,6.74545e-29
21813,6.72739e-29
21814,6.7069e-29
21815,6.68754e-29
21816,6.66617e-29
21817,6.64808e-29
21818,6.62879e-29
21819,6.60972e-29
21820,6.5885e-29
21821,6.56671e-29
21822,6.54481e-29
21823,6.52715e-29
21824,6.50623e-29
21825,6.4893e-29
21826,6.46891e-29
21827,6.45024e-29
21828,6.43243e-29
21829,6.4157e-29
21830,6.39603e-29
21831,6.37931e-29
21832,6.36131e-29
21833,6.34099e-29
21834,6.32051e-29
21835,6.30096e-29
21836,6.28333e-29
21837,6.26572e-29
21838,6.24759e-29
21839,6.22726e-29
21840,6.21091e-29
21841,6.19174e-29
21842,6.17466e-29
21843,6.15549e-29
21844,6.13545e-29
21845,6.11514e-29
21846,6.09847e-29
21847,6.07966e-29
21848,6.06359e-29
21849,6.04543e-29
21850,6.02911e-29
21851,6.00975e-29
21852,5.99161e-29
21853,5.97574e-29
21854,5.95994e-29
21855,5.94263e-29
21856,5.9269e-29
21857,5.90795e-29
21858,5.88869e-29
21859,5.87199e-29
21860,5.85296e-29
21861,5.83498e-29
21862,5.81841e-29
21863,5.80211e-29
21864,5.78513e-29
21865,5.76949e-29
21866,5.751e-29
21867,5.73272e-29
21868,5.71585e-29
21869,5.69949e-29
21870,5.68195e-29
21871,5.66515e-29
21872,5.64984e-29
21873,5.63182e-29
21874,5.61611e-29
21875,5.60141e-29
21876,5.58396e-29
21877,5.56775e-29
21878,5.5503e-29
21879,5.5322e-29
21880,5.51768e-29
21881,5.50019e-29
21882,5.48245e-29
21883,5.46575e-29
21884,5.44766e-29
21885,5.42963e-29
21886,5.41528e-29
21887,5.40105e-29
21888,5.38418e-29
21889,5.36649e-29
21890,5.35107e-29
21891,5.3343e-29
21892,5.31834e-29
21893,5.30195e-29
21894,5.28789e-29
21895,5.27412e-29
21896,5.25771e-29
21897,5.24402e-29
21898,5.2279e-29
21899,5.21327e-29
21900,5.1984e-29
21901,5.18327e-29
21902,5.16707e-29
21903,5.15162e-29
21904,5.13688e-29
21905,5.12e-29
21906,5.10448e-29
21907,5.09053e-29
21908,5.07594e-29
21909,5.06164e-29
21910,5.04827e-29
21911,5.03375e-29
21912,5.0199e-29
21913,5.00392e-29
21914,4.99086e-29
21915,4.97728e-29
21916,4.96182e-29
21917,4.94868e-29
21918,4.93507e-29
21919,4.92025e-29
21920,4.90399e-29
21921,4.88898e-29
21922,4.87489e-29
21923,4.86053e-29
21924,4.84702e-29
21925,4.83296e-29
21926,4.81868e-29
21927,4.80591e-29
21928,4.79203e-29
21929,4.77867e-29
21930,4.76516e-29
21931,4.75009e-29
21932,4.73514e-29
21933,4.7225e-29
21934,4.70916e-29
21935,4.69665e-29
21936,4.68417e-29
21937,4.66931e-29
21938,4.65622e-29
21939,4.64256e-29
21940,4.6298e-29
21941,4.61676e-29
21942,4.60186e-29
21943,4.58835e-29
21944,4.57574e-29
21945,4.561e-29
21946,4.54694e-29
21947,4.5318e-29
21948,4.52e-29
21949,4.50582e-29
21950,4.49208e-29
21951,4.47717e-29
21952,4.46396e-29
21953,4.44926e-29
21954,4.43599e-29
21955,4.42226e-29
21956,4.40936e-29
21957,4.39483e-29
21958,4.38075e-29
21959,4.36639e-29
21960,4.35415e-29
21961,4.34252e-29
21962,4.32926e-29
21963,4.31489e-29
21964,4.30301e-29
21965,4.29166e-29
21966,4.28032e-29
21967,4.26843e-29
21968,4.25461e-29
21969,4.24245e-29
21970,4.22917e-29
21971,4.21765e-29
21972,4.20487e-29
21973,4.19178e-29
21974,4.17902e-29
21975,4.1655e-29
21976,4.15259e-29
21977,4.14111e-29
21978,4.128e-29
21979,4.11524e-29
21980,4.10429e-29
21981,4.09245e-29
21982,4.08003e-29
21983,4.06788e-29
21984,4.05607e-29
21985,4.04521e-29
21986,4.03414e-29
21987,4.02141e-29
21988,4.01064e-29
21989,3.99769e-29
21990,3.98505e-29
21991,3.9736e-29
21992,3.96306e-29
21993,3.95166e-29
21994,3.94045e-29
21995,3.92949e-29
21996,3.91799e-29
21997,3.90668e-29
21998,3.89505e-29
21999,3.88369e-29
22000,3.87159e-29
22001,3.8606e-29
22002,3.84896e-29
22003,3.83786e-29
22004,3.82783e-29
22005,3.81739e-29
22006,3.80682e-29
22007,3.79524e-29
22008,3.78421e-29
22009,3.77408e-29
22010,3.76352e-29
22011,3.75247e-29
22012,3.74125e-29
22013,3.72902e-29
22014,3.71926e-29
22015,3.70732e-29
22016,3.69755e-29
22017,3.6874e-29
22018,3.67582e-29
22019,3.66587e-29
22020,3.65585e-29
22021,3.64504e-29
22022,3.63426e-29
22023,3.62409e-29
22024,3.6123e-29
22025,3.60053e-29
22026,3.58963e-29
22027,3.5791e-29
22028,3.56917e-29
22029,3.55968e-29
22030,3.54838e-29
22031,3.53649e-29
22032,3.52615e-29
22033,3.51573e-29
22034,3.50565e-29
22035,3.49552e-29
22036,3.48472e-29
22037,3.47403e-29
22038,3.46479e-29
22039,3.4555e-29
22040,3.44487e-29
22041,3.43494e-29
22042,3.42452e-29
22043,3.41489e-29
22044,3.40528e-29
22045,3.39495e-29
22046,3.38548e-29
22047,3.37587e-29
22048,3.36508e-29
22049,3.35614e-29
22050,3.34635e-29
22051,3.33747e-29
22052,3.32749e-29
22053,3.31644e-29
22054,3.30689e-29
22055,3.29696e-29
22056,3.28639e-29
22057,3.27558e-29
22058,3.26697e-29
22059,3.25828e-29
22060,3.24777e-29
22061,3.23698e-29
22062,3.22837e-29
22063,3.2192e-29
22064,3.20986e-29
22065,3.20052e-29
22066,3.19041e-29
22067,3.18178e-29
22068,3.17335e-29
22069,3.16333e-29
22070,3.15447e-29
22071,3.14455e-29
22072,3.13576e-29
22073,3.12573e-29
22074,3.11738e-29
22075,3.10813e-29
22076,3.09887e-29
22077,3.09005e-29
22078,3.08004e-29
22079,3.07108e-29
22080,3.0622e-29
22081,3.05333e-29
22082,3.04439e-29
22083,3.03641e-29
22084,3.0277e-29
22085,3.01811e-29
22086,3.00888e-29
22087,3.00046e-29
22088,2.99123e-29
22089,2.98204e-29
22090,2.97349e-29
22091,2.96436e-29
22092,2.9554e-29
22093,2.9468e-29
22094,2.939e-29
22095,2.93135e-29
22096,2.92213e-29
22097,2.91264e-29
22098,2.90474e-29
22099,2.8954e-29
22100,2.88624e-29
22101,2.87784e-29
22102,2.86886e-29
22103,2.85927e-29
22104,2.85117e-29
22105,2.84214e-29
22106,2.83352e-29
22107,2.82448e-29
22108,2.81674e-29
22109,2.80851e-29
22110,2.80079e-29
22111,2.79241e-29
22112,2.7833e-29
22113,2.77459e-29
22114,2.76609e-29
22115,2.7582e-29
22116,2.75009e-29
22117,2.74251e-29
22118,2.73427e-29
22119,2.72676e-29
22120,2.71814e-29
22121,2.70908e-29
22122,2.70011e-29
22123,2.69219e-29
22124,2.68444e-29
22125,2.67571e-29
22126,2.66787e-29
22127,2.66044e-29
22128,2.65211e-29
22129,2.64408e-29
22130,2.63683e-29
22131,2.62905e-29
22132,2.62042e-29
22133,2.61166e-29
22134,2.60378e-29
22135,2.59653e-29
22136,2.58844e-29
22137,2.58155e-29
22138,2.57474e-29
22139,2.56649e-29
22140,2.55869e-29
22141,2.55154e-29
22142,2.54398e-29
22143,2.53648e-29
22144,2.5282e-29
22145,2.52132e-29
22146,2.5134e-29
22147,2.50604e-29
22148,2.49888e-29
22149,2.49164e-29
22150,2.48406e-29
22151,2.47721e-29
22152,2.47012e-29
22153,2.46282e-29
22154,2.4553e-29
22155,2.44751e-29
22156,2.4403e-29
22157,2.43386e-29
22158,2.42746e-29
22159,2.42077e-29
22160,2.41349e-29
22161,2.4068e-29
22162,2.3993e-29
22163,2.39202e-29
22164,2.3855e-29
22165,2.37884e-29
22166,2.37134e-29
22167,2.36348e-29
22168,2.35665e-29
22169,2.34908e-29
22170,2.34136e-29
22171,2.33355e-29
22172,2.32721e-29
22173,2.32051e-29
22174,2.31381e-29
22175,2.30765e-29
22176,2.3008e-29
22177,2.29444e-29
22178,2.28768e-29
22179,2.28021e-29
22180,2.2731e-29
22181,2.26694e-29
22182,2.26082e-29
22183,2.25486e-29
22184,2.24806e-29
22185,2.24093e-29
22186,2.23369e-29
22187,2.22769e-29
22188,2.2207e-29
22189,2.21348e-29
22190,2.2071e-29
22191,2.20069e-29
22192,2.19481e-29
22193,2.18892e-29
22194,2.18321e-29
22195,2.17716e-29
22196,2.17089e-29
22197,2.164e-29
22198,2.15803e-29
22199,2.1513e-29
22200,2.14457e-29
22201,2.13884e-29
22202,2.1323e-29
22203,2.12543e-29
22204,2.11905e-29
22205,2.11336e-29
22206,2.1066e-29
22207,2.10098e-29
22208,2.09504e-29
22209,2.08896e-29
22210,2.0835e-29
22211,2.07807e-29
22212,2.0719e-29
22213,2.06626e-29
22214,2.06082e-29
22215,2.05514e-29
22216,2.04851e-29
22217,2.04179e-29
22218,2.03592e-29
22219,2.02953e-29
22220,2.02313e-29
22221,2.01679e-29
22222,2.01121e-29
22223,2.00487e-29
22224,1.9984e-29
22225,1.99285e-29
22226,1.98755e-29
22227,1.98207e-29
22228,1.97684e-29
22229,1.97133e-29
22230,1.96617e-29
22231,1.96012e-29
22232,1.95447e-29
22233,1.94841e-29
22234,1.94246e-29
22235,1.93614e-29
22236,1.92984e-29
22237,1.92402e-29
22238,1.91766e-29
22239,1.91239e-29
22240,1.90619e-29
22241,1.89977e-29
22242,1.89454e-29
22243,1.88892e-29
22244,1.8838e-29
22245,1.87861e-29
22246,1.87275e-29
22247,1.86774e-29
22248,1.86275e-29
22249,1.85775e-29
22250,1.85187e-29
22251,1.84587e-29
22252,1.83988e-29
22253,1.83497e-29
22254,1.82942e-29
22255,1.82379e-29
22256,1.81863e-29
22257,1.81298e-29
22258,1.80705e-29
22259,1.80184e-29
22260,1.79711e-29
22261,1.7914e-29
22262,1.78659e-29
22263,1.78146e-29
22264,1.77605e-29
22265,1.77051e-29
22266,1.7655e-29
22267,1.76035e-29
22268,1.75548e-29
22269,1.75059e-29
22270,1.74528e-29
22271,1.74049e-29
22272,1.73566e-29
22273,1.73019e-29
22274,1.72471e-29
22275,1.71969e-29
22276,1.71515e-29
22277,1.71011e-29
22278,1.70505e-29
22279,1.70043e-29
22280,1.69527e-29
22281,1.6904e-29
22282,1.68485e-29
22283,1.67982e-29
22284,1.67491e-29
22285,1.66979e-29
22286,1.66528e-29
22287,1.66013e-29
22288,1.65533e-29
22289,1.65099e-29
22290,1.64658e-29
22291,1.64185e-29
22292,1.63652e-29
22293,1.63198e-29
22294,1.62683e-29
22295,1.6219e-29
22296,1.6166e-29
22297,1.61223e-29
22298,1.608e-29
22299,1.60366e-29
22300,1.59908e-29
22301,1.59418e-29
22302,1.58962e-29
22303,1.58478e-29
22304,1.58008e-29
22305,1.57586e-29
22306,1.57171e-29
22307,1.56707e-29
22308,1.56231e-29
22309,1.55762e-29
22310,1.55278e-29
22311,1.54842e-29
22312,1.54343e-29
22313,1.5386e-29
22314,1.53372e-29
22315,1.52931e-29
22316,1.52499e-29
22317,1.52009e-29
22318,1.516e-29
22319,1.51136e-29
22320,1.50641e-29
22321,1.50223e-29
22322,1.4982e-29
22323,1.49347e-29
22324,1.4891e-29
22325,1.48423e-29
22326,1.47988e-29
22327,1.47567e-29
22328,1.47175e-29
22329,1.46751e-29
22330,1.46319e-29
22331,1.4589e-29
22332,1.45498e-29
22333,1.45041e-29
22334,1.44652e-29
22335,1.44219e-29
22336,1.43748e-29
22337,1.43357e-29
22338,1.42969e-29
22339,1.42546e-29
22340,1.42105e-29
22341,1.41645e-29
22342,1.41187e-29
22343,1.40753e-29
22344,1.40332e-29
22345,1.39909e-29
22346,1.39447e-29
22347,1.38991e-29
22348,1.38578e-29
22349,1.3821e-29
22350,1.37802e-29
22351,1.37405e-29
22352,1.37021e-29
22353,1.36603e-29
22354,1.36223e-29
22355,1.35804e-29
22356,1.35389e-29
22357,1.34972e-29
22358,1.34615e-29
22359,1.34207e-29
22360,1.33848e-29
22361,1.33453e-29
22362,1.33092e-29
22363,1.32728e-29
22364,1.3235e-29
22365,1.31983e-29
22366,1.31568e-29
22367,1.31197e-29
22368,1.30821e-29
22369,1.30393e-29
22370,1.29969e-29
22371,1.29622e-29
22372,1.29217e-29
22373,1.28818e-29
22374,1.28419e-29
22375,1.28051e-29
22376,1.27699e-29
22377,1.27314e-29
22378,1.26963e-29
22379,1.26577e-29
22380,1.26183e-29
22381,1.25784e-29
22382,1.25451e-29
22383,1.25047e-29
22384,1.24682e-29
22385,1.24332e-29
22386,1.23951e-29
22387,1.23626e-29
22388,1.23231e-29
22389,1.22842e-29
22390,1.22456e-29
22391,1.22135e-29
22392,1.21796e-29
22393,1.21411e-29
22394,1.21073e-29
22395,1.20707e-29
22396,1.20386e-29
22397,1.20068e-29
22398,1.19686e-29
22399,1.19332e-29
22400,1.1902e-29
22401,1.18654e-29
22402,1.18298e-29
22403,1.17919e-29
22404,1.17578e-29
22405,1.17254e-29
22406,1.16934e-29
22407,1.16586e-29
22408,1.16212e-29
22409,1.15875e-29
22410,1.15554e-29
22411,1.15212e-29
22412,1.14901e-29
22413,1.1458e-29
22414,1.14243e-29
22415,1.13902e-29
22416,1.13558e-29
22417,1.13248e-29
22418,1.12911e-29
22419,1.12576e-29
22420,1.1221e-29
22421,1.11894e-29
22422,1.11562e-29
22423,1.11259e-29
22424,1.10961e-29
22425,1.10618e-29
22426,1.10265e-29
22427,1.09962e-29
22428,1.09617e-29
22429,1.09273e-29
22430,1.08935e-29
22431,1.08585e-29
22432,1.08265e-29
22433,1.07969e-29
22434,1.0764e-29
22435,1.07297e-29
22436,1.06985e-29
22437,1.06642e-29
22438,1.06334e-29
22439,1.06039e-29
22440,1.05747e-29
22441,1.05428e-29
22442,1.05095e-29
22443,1.04793e-29
22444,1.04454e-29
22445,1.04161e-29
22446,1.03826e-29
22447,1.03518e-29
22448,1.03215e-29
22449,1.02912e-29
22450,1.02574e-29
22451,1.02278e-29
22452,1.0196e-29
22453,1.01656e-29
22454,1.01354e-29
22455,1.01029e-29
22456,1.00745e-29
22457,1.00462e-29
22458,1.002e-29
22459,9.9933e-30
22460,9.96091e-30
22461,9.92988e-30
22462,9.89719e-30
22463,9.86803e-30
22464,9.83648e-30
22465,9.80645e-30
22466,9.77921e-30
22467,9.75224e-30
22468,9.72403e-30
22469,9.69456e-30
22470,9.66608e-30
22471,9.63635e-30
22472,9.60962e-30
22473,9.58319e-30
22474,9.55804e-30
22475,9.53237e-30
22476,9.50458e-30
22477,9.47362e-30
22478,9.44453e-30
22479,9.41349e-30
22480,9.38601e-30
22481,9.35781e-30
22482,9.33161e-30
22483,9.3065e-30
22484,9.28179e-30
22485,9.25301e-30
22486,9.2223e-30
22487,9.19571e-30
22488,9.17129e-30
22489,9.14173e-30
22490,9.11483e-30
22491,9.09066e-30
22492,9.06337e-30
22493,9.03744e-30
22494,9.01083e-30
22495,8.98443e-30
22496,8.95512e-30
22497,8.92668e-30
22498,8.89876e-30
22499,8.87312e-30
22500,8.84792e-30
22501,8.82402e-30
22502,8.80085e-30
22503,8.77478e-30
22504,8.74969e-30
22505,8.72654e-30
22506,8.69999e-30
22507,8.67201e-30
22508,8.6428e-30
22509,8.6183e-30
22510,8.5914e-30
22511,8.56654e-30
22512,8.53917e-30
22513,8.51674e-30
22514,8.49182e-30
22515,8.46418e-30
22516,8.43682e-30
22517,8.41179e-30
22518,8.38824e-30
22519,8.36148e-30
22520,8.33692e-30
22521,8.31104e-30
22522,8.2836e-30
22523,8.26166e-30
22524,8.23982e-30
22525,8.21613e-30
22526,8.19181e-30
22527,8.1647e-30
22528,8.14245e-30
22529,8.12019e-30
22530,8.09713e-30
22531,8.07334e-30
22532,8.0504e-30
22533,8.0273e-30
22534,8.0061e-30
22535,7.98175e-30
22536,7.95837e-30
22537,7.93351e-30
22538,7.90973e-30
22539,7.88668e-30
22540,7.86602e-30
22541,7.84415e-30
22542,7.81946e-30
22543,7.79397e-30
22544,7.77182e-30
22545,7.74987e-30
22546,7.72554e-30
22547,7.70481e-30
22548,7.68085e-30
22549,7.6605e-30
22550,7.63581e-30
22551,7.61465e-30
22552,7.59094e-30
22553,7.56604e-30
22554,7.54474e-30
22555,7.5209e-30
22556,7.49944e-30
22557,7.47591e-30
22558,7.45188e-30
22559,7.42973e-30
22560,7.40523e-30
22561,7.38497e-30
22562,7.36108e-30
22563,7.34017e-30
22564,7.3183e-30
22565,7.29919e-30
22566,7.27564e-30
22567,7.25112e-30
22568,7.22787e-30
22569,7.2062e-30
22570,7.18528e-30
22571,7.16274e-30
22572,7.13985e-30
22573,7.12002e-30
22574,7.09851e-30
22575,7.07957e-30
22576,7.05868e-30
22577,7.03822e-30
22578,7.01897e-30
22579,6.99921e-30
22580,6.97876e-30
22581,6.95982e-30
22582,6.93928e-30
22583,6.92007e-30
22584,6.90178e-30
22585,6.88032e-30
22586,6.86215e-30
22587,6.84262e-30
22588,6.82213e-30
22589,6.80017e-30
22590,6.77798e-30
22591,6.75747e-30
22592,6.73979e-30
22593,6.71881e-30
22594,6.6971e-30
22595,6.67675e-30
22596,6.65538e-30
22597,6.63383e-30
22598,6.61374e-30
22599,6.59384e-30
22600,6.57508e-30
22601,6.55366e-30
22602,6.53498e-30
22603,6.51744e-30
22604,6.49972e-30
22605,6.47881e-30
22606,6.46095e-30
22607,6.44108e-30
22608,6.42265e-30
22609,6.40424e-30
22610,6.38743e-30
22611,6.36753e-30
22612,6.34841e-30
22613,6.32933e-30
22614,6.31267e-30
22615,6.29389e-30
22616,6.27593e-30
22617,6.25923e-30
22618,6.23908e-30
22619,6.21842e-30
22620,6.19763e-30
22621,6.17746e-30
22622,6.1592e-30
22623,6.13904e-30
22624,6.12008e-30
22625,6.10285e-30
22626,6.0849e-30
22627,6.06722e-30
22628,6.05097e-30
22629,6.03506e-30
22630,6.0156e-30
22631,5.99792e-30
22632,5.97811e-30
22633,5.96116e-30
22634,5.94343e-30
22635,5.92726e-30
22636,5.91095e-30
22637,5.89268e-30
22638,5.87354e-30
22639,5.85564e-30
22640,5.8399e-30
22641,5.82133e-30
22642,5.8045e-30
22643,5.7868e-30
22644,5.76985e-30
22645,5.75317e-30
22646,5.7373e-30
22647,5.71936e-30
22648,5.70238e-30
22649,5.68681e-30
22650,5.66939e-30
22651,5.65291e-30
22652,5.63431e-30
22653,5.61899e-30
22654,5.60308e-30
22655,5.58623e-30
22656,5.56996e-30
22657,5.55219e-30
22658,5.53766e-30
22659,5.52141e-30
22660,5.50363e-30
22661,5.48508e-30
22662,5.46657e-30
22663,5.44853e-30
22664,5.43315e-30
22665,5.41718e-30
22666,5.40302e-30
22667,5.38725e-30
22668,5.37238e-30
22669,5.35526e-30
22670,5.34107e-30
22671,5.32603e-30
22672,5.3094e-30
22673,5.29386e-30
22674,5.27648e-30
22675,5.26189e-30
22676,5.24527e-30
22677,5.23088e-30
22678,5.21386e-30
22679,5.19901e-30
22680,5.1842e-30
22681,5.16828e-30
22682,5.15208e-30
22683,5.13738e-30
22684,5.12111e-30
22685,5.10753e-30
22686,5.09123e-30
22687,5.07704e-30
22688,5.06077e-30
22689,5.04397e-30
22690,5.02777e-30
22691,5.01172e-30
22692,4.99515e-30
22693,4.97933e-30
22694,4.96403e-30
22695,4.95041e-30
22696,4.93688e-30
22697,4.92199e-30
22698,4.90675e-30
22699,4.89246e-30
22700,4.87802e-30
22701,4.86277e-30
22702,4.84741e-30
22703,4.83384e-30
22704,4.82073e-30
22705,4.80598e-30
22706,4.79185e-30
22707,4.77603e-30
22708,4.76027e-30
22709,4.74622e-30
22710,4.73287e-30
22711,4.71982e-30
22712,4.70717e-30
22713,4.69488e-30
22714,4.68102e-30
22715,4.66575e-30
22716,4.65337e-30
22717,4.63985e-30
22718,4.62724e-30
22719,4.61231e-30
22720,4.59889e-30
22721,4.58396e-30
22722,4.56948e-30
22723,4.55652e-30
22724,4.54273e-30
22725,4.52983e-30
22726,4.51653e-30
22727,4.50219e-30
22728,4.48723e-30
22729,4.47497e-30
22730,4.46267e-30
22731,4.44976e-30
22732,4.43543e-30
22733,4.42061e-30
22734,4.40666e-30
22735,4.39506e-30
22736,4.38181e-30
22737,4.36995e-30
22738,4.35851e-30
22739,4.34573e-30
22740,4.33267e-30
22741,4.32042e-30
22742,4.307e-30
22743,4.2936e-30
22744,4.28143e-30
22745,4.26943e-30
22746,4.25659e-30
22747,4.24437e-30
22748,4.23111e-30
22749,4.2177e-30
22750,4.2057e-30
22751,4.19434e-30
22752,4.18159e-30
22753,4.17065e-30
22754,4.15862e-30
22755,4.14698e-30
22756,4.13524e-30
22757,4.12188e-30
22758,4.11086e-30
22759,4.09944e-30
22760,4.08856e-30
22761,4.07712e-30
22762,4.06458e-30
22763,4.05113e-30
22764,4.03978e-30
22765,4.02822e-30
22766,4.01499e-30
22767,4.00172e-30
22768,3.98967e-30
22769,3.97639e-30
22770,3.96475e-30
22771,3.95421e-30
22772,3.94314e-30
22773,3.9325e-30
22774,3.92035e-30
22775,3.90838e-30
22776,3.89698e-30
22777,3.8859e-30
22778,3.87322e-30
22779,3.86261e-30
22780,3.85232e-30
22781,3.84161e-30
22782,3.83081e-30
22783,3.8189e-30
22784,3.80814e-30
22785,3.7963e-30
22786,3.78634e-30
22787,3.77501e-30
22788,3.76339e-30
22789,3.75329e-30
22790,3.74139e-30
22791,3.72957e-30
22792,3.71872e-30
22793,3.70754e-30
22794,3.69609e-30
22795,3.68469e-30
22796,3.67251e-30
22797,3.66103e-30
22798,3.65004e-30
22799,3.63934e-30
22800,3.6282e-30
22801,3.61627e-30
22802,3.60536e-30
22803,3.5935e-30
22804,3.58397e-30
22805,3.57403e-30
22806,3.56342e-30
22807,3.55293e-30
22808,3.54217e-30
22809,3.53165e-30
22810,3.52083e-30
22811,3.50989e-30
22812,3.49874e-30
22813,3.48711e-30
22814,3.47684e-30
22815,3.46767e-30
22816,3.45714e-30
22817,3.447e-30
22818,3.43645e-30
22819,3.42665e-30
22820,3.41644e-30
22821,3.40626e-30
22822,3.39725e-30
22823,3.38636e-30
22824,3.37732e-30
22825,3.36696e-30
22826,3.35674e-30
22827,3.34793e-30
22828,3.33842e-30
22829,3.32948e-30
22830,3.31979e-30
22831,3.31111e-30
22832,3.30242e-30
22833,3.29176e-30
22834,3.28076e-30
22835,3.272e-30
22836,3.26295e-30
22837,3.2534e-30
22838,3.24365e-30
22839,3.23324e-30
22840,3.22238e-30
22841,3.21349e-30
22842,3.20401e-30
22843,3.19399e-30
22844,3.18536e-30
22845,3.17512e-30
22846,3.16495e-30
22847,3.15474e-30
22848,3.1456e-30
22849,3.13649e-30
22850,3.12802e-30
22851,3.11801e-30
22852,3.10766e-30
22853,3.0991e-30
22854,3.08927e-30
22855,3.0812e-30
22856,3.07143e-30
22857,3.06241e-30
22858,3.05437e-30
22859,3.0459e-30
22860,3.03688e-30
22861,3.0279e-30
22862,3.01943e-30
22863,3.01043e-30
22864,3.00156e-30
22865,2.99329e-30
22866,2.98423e-30
22867,2.97489e-30
22868,2.9656e-30
22869,2.95747e-30
22870,2.94868e-30
22871,2.93961e-30
22872,2.93115e-30
22873,2.92338e-30
22874,2.91503e-30
22875,2.90645e-30
22876,2.89683e-30
22877,2.88892e-30
22878,2.88083e-30
22879,2.87261e-30
22880,2.86401e-30
22881,2.85568e-30
22882,2.84768e-30
22883,2.83931e-30
22884,2.83071e-30
22885,2.82307e-30
22886,2.81481e-30
22887,2.80649e-30
22888,2.79806e-30
22889,2.78974e-30
22890,2.78097e-30
22891,2.77353e-30
22892,2.76452e-30
22893,2.75729e-30
22894,2.74899e-30
22895,2.74089e-30
22896,2.73332e-30
22897,2.7257e-30
22898,2.71827e-30
22899,2.70957e-30
22900,2.70158e-30
22901,2.69314e-30
22902,2.685e-30
22903,2.67643e-30
22904,2.66783e-30
22905,2.65895e-30
22906,2.65139e-30
22907,2.64307e-30
22908,2.636e-30
22909,2.62814e-30
22910,2.62102e-30
22911,2.61308e-30
22912,2.60437e-30
22913,2.59672e-30
22914,2.5897e-30
22915,2.58196e-30
22916,2.57422e-30
22917,2.56636e-30
22918,2.55952e-30
22919,2.5527e-30
22920,2.54583e-30
22921,2.53784e-30
22922,2.53088e-30
22923,2.52408e-30
22924,2.51614e-30
22925,2.50804e-30
22926,2.50037e-30
22927,2.49376e-30
22928,2.48714e-30
22929,2.47945e-30
22930,2.47125e-30
22931,2.46379e-30
22932,2.4565e-30
22933,2.44923e-30
22934,2.44229e-30
22935,2.43548e-30
22936,2.42843e-30
22937,2.42106e-30
22938,2.41468e-30
22939,2.4076e-30
22940,2.40101e-30
22941,2.39447e-30
22942,2.38797e-30
22943,2.38147e-30
22944,2.37435e-30
22945,2.36766e-30
22946,2.36027e-30
22947,2.35391e-30
22948,2.34638e-30
22949,2.33877e-30
22950,2.33229e-30
22951,2.32616e-30
22952,2.31914e-30
22953,2.31245e-30
22954,2.30619e-30
22955,2.29946e-30
22956,2.29316e-30
22957,2.28609e-30
22958,2.27924e-30
22959,2.27287e-30
22960,2.26622e-30
22961,2.25957e-30
22962,2.25245e-30
22963,2.24496e-30
22964,2.2374e-30
22965,2.2314e-30
22966,2.22527e-30
22967,2.21892e-30
22968,2.21207e-30
22969,2.2059e-30
22970,2.19884e-30
22971,2.19163e-30
22972,2.1852e-30
22973,2.17944e-30
22974,2.17369e-30
22975,2.16665e-30
22976,2.16045e-30
22977,2.15363e-30
22978,2.14783e-30
22979,2.14191e-30
22980,2.13544e-30
22981,2.12938e-30
22982,2.12346e-30
22983,2.11754e-30
22984,2.11104e-30
22985,2.10492e-30
22986,2.09834e-30
22987,2.09149e-30
22988,2.08586e-30
22989,2.08006e-30
22990,2.07446e-30
22991,2.06827e-30
22992,2.06181e-30
22993,2.05504e-30
22994,2.04884e-30
22995,2.0425e-30
22996,2.03568e-30
22997,2.02919e-30
22998,2.02383e-30
22999,2.01769e-30
23000,2.011e-30
23001,2.00428e-30
23002,1.99818e-30
23003,1.99242e-30
23004,1.9859e-30
23005,1.97981e-30
23006,1.97412e-30
23007,1.96859e-30
23008,1.96295e-30
23009,1.95719e-30
23010,1.9514e-30
23011,1.94492e-30
23012,1.93863e-30
23013,1.93245e-30
23014,1.92701e-30
23015,1.92138e-30
23016,1.91619e-30
23017,1.91117e-30
23018,1.90579e-30
23019,1.90051e-30
23020,1.8952e-30
23021,1.88968e-30
23022,1.88369e-30
23023,1.87735e-30
23024,1.87192e-30
23025,1.86662e-30
23026,1.86091e-30
23027,1.85562e-30
23028,1.85072e-30
23029,1.84507e-30
23030,1.83892e-30
23031,1.83411e-30
23032,1.82862e-30
23033,1.82316e-30
23034,1.8179e-30
23035,1.81245e-30
23036,1.80758e-30
23037,1.802e-30
23038,1.79618e-30
23039,1.79082e-30
23040,1.78588e-30
23041,1.78082e-30
23042,1.7756e-30
23043,1.76974e-30
23044,1.76501e-30
23045,1.75956e-30
23046,1.7544e-30
23047,1.74956e-30
23048,1.74412e-30
23049,1.73857e-30
23050,1.73346e-30
23051,1.7289e-30
23052,1.72415e-30
23053,1.71938e-30
23054,1.71488e-30
23055,1.7098e-30
23056,1.70466e-30
23057,1.69939e-30
23058,1.69385e-30
23059,1.68863e-30
23060,1.68377e-30
23061,1.67838e-30
23062,1.67322e-30
23063,1.66766e-30
23064,1.66279e-30
23065,1.65732e-30
23066,1.65229e-30
23067,1.6474e-30
23068,1.64226e-30
23069,1.63752e-30
23070,1.63216e-30
23071,1.62673e-30
23072,1.62157e-30
23073,1.6168e-30
23074,1.61156e-30
23075,1.60638e-30
23076,1.60197e-30
23077,1.59745e-30
23078,1.59222e-30
23079,1.5869e-30
23080,1.58265e-30
23081,1.5781e-30
23082,1.57294e-30
23083,1.56847e-30
23084,1.56368e-30
23085,1.5585e-30
23086,1.55337e-30
23087,1.54907e-30
23088,1.54438e-30
23089,1.53954e-30
23090,1.5346e-30
23091,1.52943e-30
23092,1.52472e-30
23093,1.5203e-30
23094,1.51532e-30
23095,1.51022e-30
23096,1.50583e-30
23097,1.50139e-30
23098,1.497e-30
23099,1.49302e-30
23100,1.48831e-30
23101,1.48397e-30
23102,1.47908e-30
23103,1.47458e-30
23104,1.46983e-30
23105,1.46501e-30
23106,1.46081e-30
23107,1.45699e-30
23108,1.45302e-30
23109,1.44894e-30
23110,1.44425e-30
23111,1.44018e-30
23112,1.43573e-30
23113,1.43104e-30
23114,1.42667e-30
23115,1.42258e-30
23116,1.41805e-30
23117,1.4139e-30
23118,1.40967e-30
23119,1.40552e-30
23120,1.40172e-30
23121,1.39775e-30
23122,1.39368e-30
23123,1.38935e-30
23124,1.38497e-30
23125,1.38094e-30
23126,1.37669e-30
23127,1.37301e-30
23128,1.36865e-30
23129,1.36497e-30
23130,1.36127e-30
23131,1.35707e-30
23132,1.35303e-30
23133,1.34937e-30
23134,1.3456e-30
23135,1.3418e-30
23136,1.3374e-30
23137,1.33327e-30
23138,1.32946e-30
23139,1.32584e-30
23140,1.3216e-30
23141,1.31788e-30
23142,1.31406e-30
23143,1.31008e-30
23144,1.30653e-30
23145,1.30227e-30
23146,1.29791e-30
23147,1.29351e-30
23148,1.28971e-30
23149,1.2859e-30
23150,1.28215e-30
23151,1.27833e-30
23152,1.27424e-30
23153,1.27005e-30
23154,1.26651e-30
23155,1.26274e-30
23156,1.2592e-30
23157,1.25515e-30
23158,1.25128e-30
23159,1.24787e-30
23160,1.2438e-30
23161,1.23981e-30
23162,1.23573e-30
23163,1.23203e-30
23164,1.22803e-30
23165,1.22467e-30
23166,1.22082e-30
23167,1.21684e-30
23168,1.21294e-30
23169,1.20964e-30
23170,1.20646e-30
23171,1.20282e-30
23172,1.19933e-30
23173,1.19582e-30
23174,1.19249e-30
23175,1.18895e-30
23176,1.18548e-30
23177,1.18222e-30
23178,1.17874e-30
23179,1.17498e-30
23180,1.17129e-30
23181,1.16742e-30
23182,1.16404e-30
23183,1.1606e-30
23184,1.15691e-30
23185,1.15338e-30
23186,1.15034e-30
23187,1.14728e-30
23188,1.14394e-30
23189,1.14044e-30
23190,1.13728e-30
23191,1.13396e-30
23192,1.13068e-30
23193,1.12765e-30
23194,1.12402e-30
23195,1.12085e-30
23196,1.11772e-30
23197,1.11424e-30
23198,1.11122e-30
23199,1.10831e-30
23200,1.10479e-30
23201,1.10178e-30
23202,1.09843e-30
23203,1.09533e-30
23204,1.09203e-30
23205,1.08846e-30
23206,1.08492e-30
23207,1.08207e-30
23208,1.07917e-30
23209,1.07614e-30
23210,1.07272e-30
23211,1.06927e-30
23212,1.06629e-30
23213,1.06337e-30
23214,1.06039e-30
23215,1.05761e-30
23216,1.05434e-30
23217,1.05133e-30
23218,1.04853e-30
23219,1.04564e-30
23220,1.04224e-30
23221,1.03928e-30
23222,1.03608e-30
23223,1.03309e-30
23224,1.03012e-30
23225,1.02698e-30
23226,1.02382e-30
23227,1.02066e-30
23228,1.01771e-30
23229,1.01451e-30
23230,1.01136e-30
23231,1.00853e-30
23232,1.00528e-30
23233,1.0024e-30
23234,9.99417e-31
23235,9.96455e-31
23236,9.93686e-31
23237,9.90864e-31
23238,9.87935e-31
23239,9.85112e-31
23240,9.82107e-31
23241,9.79297e-31
23242,9.76646e-31
23243,9.73551e-31
23244,9.70619e-31
23245,9.67785e-31
23246,9.64668e-31
23247,9.61936e-31
23248,9.58936e-31
23249,9.55753e-31
23250,9.52868e-31
23251,9.49891e-31
23252,9.47243e-31
23253,9.44646e-31
23254,9.42136e-31
23255,9.39304e-31
23256,9.36298e-31
23257,9.33349e-31
23258,9.30732e-31
23259,9.28183e-31
23260,9.25479e-31
23261,9.22476e-31
23262,9.19749e-31
23263,9.17112e-31
23264,9.14577e-31
23265,9.11596e-31
23266,9.08611e-31
23267,9.05916e-31
23268,9.03347e-31
23269,9.00774e-31
23270,8.97933e-31
23271,8.94943e-31
23272,8.92116e-31
23273,8.89159e-31
23274,8.8627e-31
23275,8.83814e-31
23276,8.813e-31
23277,8.78597e-31
23278,8.75987e-31
23279,8.73643e-31
23280,8.7102e-31
23281,8.68122e-31
23282,8.65305e-31
23283,8.62481e-31
23284,8.60105e-31
23285,8.57371e-31
23286,8.54837e-31
23287,8.52002e-31
23288,8.49403e-31
23289,8.46748e-31
23290,8.44424e-31
23291,8.4166e-31
23292,8.39063e-31
23293,8.3649e-31
23294,8.34083e-31
23295,8.31434e-31
23296,8.2889e-31
23297,8.26602e-31
23298,8.24297e-31
23299,8.2165e-31
23300,8.19159e-31
23301,8.16988e-31
23302,8.14417e-31
23303,8.12152e-31
23304,8.09501e-31
23305,8.06983e-31
23306,8.0462e-31
23307,8.02337e-31
23308,8.00078e-31
23309,7.97498e-31
23310,7.95165e-31
23311,7.92585e-31
23312,7.89963e-31
23313,7.87778e-31
23314,7.85336e-31
23315,7.83243e-31
23316,7.81174e-31
23317,7.79044e-31
23318,7.76978e-31
23319,7.74656e-31
23320,7.72146e-31
23321,7.69989e-31
23322,7.67673e-31
23323,7.65405e-31
23324,7.62949e-31
23325,7.604e-31
23326,7.5824e-31
23327,7.56039e-31
23328,7.53989e-31
23329,7.51752e-31
23330,7.49619e-31
23331,7.47312e-31
23332,7.45032e-31
23333,7.43004e-31
23334,7.40625e-31
23335,7.3837e-31
23336,7.36019e-31
23337,7.33916e-31
23338,7.31556e-31
23339,7.29602e-31
23340,7.27592e-31
23341,7.25557e-31
23342,7.23188e-31
23343,7.21236e-31
23344,7.19133e-31
23345,7.16902e-31
23346,7.14934e-31
23347,7.12828e-31
23348,7.10525e-31
23349,7.0854e-31
23350,7.06645e-31
23351,7.0446e-31
23352,7.02379e-31
23353,7.00207e-31
23354,6.98266e-31
23355,6.96303e-31
23356,6.94194e-31
23357,6.92131e-31
23358,6.89968e-31
23359,6.87775e-31
23360,6.8596e-31
23361,6.84155e-31
23362,6.82181e-31
23363,6.80104e-31
23364,6.78241e-31
23365,6.76323e-31
23366,6.74472e-31
23367,6.72289e-31
23368,6.70197e-31
23369,6.68418e-31
23370,6.66662e-31
23371,6.64559e-31
23372,6.62657e-31
23373,6.60476e-31
23374,6.58247e-31
23375,6.56106e-31
23376,6.54042e-31
23377,6.52265e-31
23378,6.50436e-31
23379,6.48495e-31
23380,6.46631e-31
23381,6.44772e-31
23382,6.42957e-31
23383,6.4092e-31
23384,6.39221e-31
23385,6.37346e-31
23386,6.35629e-31
23387,6.33697e-31
23388,6.31582e-31
23389,6.29514e-31
23390,6.27666e-31
23391,6.26016e-31
23392,6.24045e-31
23393,6.22019e-31
23394,6.20085e-31
23395,6.18456e-31
23396,6.16778e-31
23397,6.14838e-31
23398,6.12785e-31
23399,6.10793e-31
23400,6.08784e-31
23401,6.06724e-31
23402,6.04817e-31
23403,6.0315e-31
23404,6.01191e-31
23405,5.99333e-31
23406,5.97334e-31
23407,5.95468e-31
23408,5.9358e-31
23409,5.91911e-31
23410,5.9029e-31
23411,5.88707e-31
23412,5.86927e-31
23413,5.85193e-31
23414,5.83281e-31
23415,5.81446e-31
23416,5.79501e-31
23417,5.77974e-31
23418,5.7634e-31
23419,5.7446e-31
23420,5.72577e-31
23421,5.70746e-31
23422,5.68829e-31
23423,5.67024e-31
23424,5.65295e-31
23425,5.63567e-31
23426,5.61802e-31
23427,5.60027e-31
23428,5.58387e-31
23429,5.56667e-31
23430,5.54999e-31
23431,5.53437e-31
23432,5.51754e-31
23433,5.50245e-31
23434,5.4864e-31
23435,5.4698e-31
23436,5.45244e-31
23437,5.43639e-31
23438,5.42134e-31
23439,5.40533e-31
23440,5.38856e-31
23441,5.37289e-31
23442,5.35655e-31
23443,5.3413e-31
23444,5.32419e-31
23445,5.30813e-31
23446,5.29042e-31
23447,5.2731e-31
23448,5.25704e-31
23449,5.24205e-31
23450,5.22556e-31
23451,5.21035e-31
23452,5.1965e-31
23453,5.18045e-31
23454,5.1666e-31
23455,5.15101e-31
23456,5.13625e-31
23457,5.12006e-31
23458,5.10532e-31
23459,5.0893e-31
23460,5.07432e-31
23461,5.05796e-31
23462,5.04461e-31
23463,5.03121e-31
23464,5.01798e-31
23465,5.00331e-31
23466,4.98796e-31
23467,4.97202e-31
23468,4.95552e-31
23469,4.93917e-31
23470,4.9251e-31
23471,4.91019e-31
23472,4.89647e-31
23473,4.88071e-31
23474,4.86448e-31
23475,4.85135e-31
23476,4.83735e-31
23477,4.82165e-31
23478,4.80556e-31
23479,4.78929e-31
23480,4.77587e-31
23481,4.76114e-31
23482,4.74746e-31
23483,4.7341e-31
23484,4.72031e-31
23485,4.70657e-31
23486,4.69127e-31
23487,4.67614e-31
23488,4.66318e-31
23489,4.6502e-31
23490,4.63637e-31
23491,4.62215e-31
23492,4.60968e-31
23493,4.59594e-31
23494,4.58164e-31
23495,4.56921e-31
23496,4.55712e-31
23497,4.54423e-31
23498,4.52951e-31
23499,4.51429e-31
23500,4.50179e-31
23501,4.4894e-31
23502,4.476e-31
23503,4.4629e-31
23504,4.4509e-31
23505,4.4379e-31
23506,4.42462e-31
23507,4.41141e-31
23508,4.39867e-31
23509,4.38577e-31
23510,4.37283e-31
23511,4.35952e-31
23512,4.34763e-31
23513,4.33392e-31
23514,4.31968e-31
23515,4.30637e-31
23516,4.29434e-31
23517,4.28082e-31
23518,4.26844e-31
23519,4.25598e-31
23520,4.24471e-31
23521,4.23119e-31
23522,4.21991e-31
23523,4.20846e-31
23524,4.1962e-31
23525,4.183e-31
23526,4.17118e-31
23527,4.15886e-31
23528,4.14771e-31
23529,4.13635e-31
23530,4.1243e-31
23531,4.11271e-31
23532,4.10086e-31
23533,4.09011e-31
23534,4.07759e-31
23535,4.06545e-31
23536,4.05343e-31
23537,4.04214e-31
23538,4.03155e-31
23539,4.01885e-31
23540,4.00622e-31
23541,3.9943e-31
23542,3.98257e-31
23543,3.96977e-31
23544,3.95849e-31
23545,3.94724e-31
23546,3.93575e-31
23547,3.924e-31
23548,3.91339e-31
23549,3.90113e-31
23550,3.88811e-31
23551,3.87744e-31
23552,3.86553e-31
23553,3.85535e-31
23554,3.84451e-31
23555,3.83408e-31
23556,3.82211e-31
23557,3.81044e-31
23558,3.79869e-31
23559,3.78634e-31
23560,3.77415e-31
23561,3.76402e-31
23562,3.75386e-31
23563,3.74364e-31
23564,3.73362e-31
23565,3.72185e-31
23566,3.71028e-31
23567,3.69902e-31
23568,3.68915e-31
23569,3.67796e-31
23570,3.66724e-31
23571,3.6557e-31
23572,3.64578e-31
23573,3.63422e-31
23574,3.62304e-31
23575,3.61245e-31
23576,3.60255e-31
23577,3.59304e-31
23578,3.5815e-31
23579,3.57131e-31
23580,3.55995e-31
23581,3.5482e-31
23582,3.53765e-31
23583,3.52709e-31
23584,3.51555e-31
23585,3.50427e-31
23586,3.49334e-31
23587,3.4824e-31
23588,3.47241e-31
23589,3.46264e-31
23590,3.4523e-31
23591,3.44302e-31
23592,3.43319e-31
23593,3.42262e-31
23594,3.41301e-31
23595,3.40303e-31
23596,3.39293e-31
23597,3.38186e-31
23598,3.37297e-31
23599,3.36293e-31
23600,3.3528e-31
23601,3.34302e-31
23602,3.3335e-31
23603,3.32324e-31
23604,3.31389e-31
23605,3.30314e-31
23606,3.29428e-31
23607,3.28473e-31
23608,3.27394e-31
23609,3.26531e-31
23610,3.25526e-31
23611,3.24486e-31
23612,3.23409e-31
23613,3.22518e-31
23614,3.21611e-31
23615,3.2059e-31
23616,3.19525e-31
23617,3.18448e-31
23618,3.17484e-31
23619,3.16594e-31
23620,3.15716e-31
23621,3.1488e-31
23622,3.13985e-31
23623,3.13036e-31
23624,3.12054e-31
23625,3.11095e-31
23626,3.10269e-31
23627,3.09414e-31
23628,3.08501e-31
23629,3.0768e-31
23630,3.06722e-31
23631,3.05906e-31
23632,3.05013e-31
23633,3.04193e-31
23634,3.03253e-31
23635,3.02295e-31
23636,3.01497e-31
23637,3.00553e-31
23638,2.99729e-31
23639,2.9875e-31
23640,2.97774e-31
23641,2.96786e-31
23642,2.95829e-31
23643,2.94886e-31
23644,2.94099e-31
23645,2.9332e-31
23646,2.92447e-31
23647,2.91475e-31
23648,2.90482e-31
23649,2.89706e-31
23650,2.88903e-31
23651,2.88105e-31
23652,2.8733e-31
23653,2.86468e-31
23654,2.85552e-31
23655,2.84624e-31
23656,2.83837e-31
23657,2.82933e-31
23658,2.82185e-31
23659,2.81322e-31
23660,2.80398e-31
23661,2.79485e-31
23662,2.78591e-31
23663,2.77781e-31
23664,2.76878e-31
23665,2.76051e-31
23666,2.75307e-31
23667,2.74421e-31
23668,2.73643e-31
23669,2.72876e-31
23670,2.71995e-31
23671,2.71261e-31
23672,2.70523e-31
23673,2.69696e-31
23674,2.68824e-31
23675,2.68074e-31
23676,2.67244e-31
23677,2.66465e-31
23678,2.6573e-31
23679,2.64909e-31
23680,2.64126e-31
23681,2.63352e-31
23682,2.62492e-31
23683,2.61689e-31
23684,2.61e-31
23685,2.60196e-31
23686,2.59442e-31
23687,2.58725e-31
23688,2.57948e-31
23689,2.57197e-31
23690,2.56362e-31
23691,2.55594e-31
23692,2.54885e-31
23693,2.54109e-31
23694,2.53284e-31
23695,2.52598e-31
23696,2.51918e-31
23697,2.51103e-31
23698,2.50437e-31
23699,2.49719e-31
23700,2.49027e-31
23701,2.48217e-31
23702,2.47472e-31
23703,2.46757e-31
23704,2.46005e-31
23705,2.45302e-31
23706,2.44561e-31
23707,2.43861e-31
23708,2.43102e-31
23709,2.42322e-31
23710,2.4168e-31
23711,2.41021e-31
23712,2.40354e-31
23713,2.39572e-31
23714,2.38809e-31
23715,2.38138e-31
23716,2.37406e-31
23717,2.36766e-31
23718,2.36076e-31
23719,2.35416e-31
23720,2.34719e-31
23721,2.34046e-31
23722,2.33315e-31
23723,2.32579e-31
23724,2.31795e-31
23725,2.31079e-31
23726,2.30331e-31
23727,2.29711e-31
23728,2.29029e-31
23729,2.28286e-31
23730,2.27603e-31
23731,2.26883e-31
23732,2.26147e-31
23733,2.25385e-31
23734,2.24771e-31
23735,2.24118e-31
23736,2.23486e-31
23737,2.22792e-31
23738,2.2208e-31
23739,2.21329e-31
23740,2.20658e-31
23741,2.19951e-31
23742,2.19347e-31
23743,2.18667e-31
23744,2.17971e-31
23745,2.17252e-31
23746,2.16516e-31
23747,2.15872e-31
23748,2.15155e-31
23749,2.14518e-31
23750,2.13853e-31
23751,2.13214e-31
23752,2.12538e-31
23753,2.11915e-31
23754,2.11329e-31
23755,2.10669e-31
23756,2.0996e-31
23757,2.09405e-31
23758,2.08743e-31
23759,2.08112e-31
23760,2.07431e-31
23761,2.06834e-31
23762,2.06252e-31
23763,2.05611e-31
23764,2.05028e-31
23765,2.04433e-31
23766,2.03875e-31
23767,2.03265e-31
23768,2.02713e-31
23769,2.0206e-31
23770,2.01443e-31
23771,2.00821e-31
23772,2.00187e-31
23773,1.99553e-31
23774,1.98975e-31
23775,1.98388e-31
23776,1.97783e-31
23777,1.97216e-31
23778,1.96576e-31
23779,1.95971e-31
23780,1.95347e-31
23781,1.94748e-31
23782,1.94227e-31
23783,1.93652e-31
23784,1.93008e-31
23785,1.92459e-31
23786,1.91917e-31
23787,1.91288e-31
23788,1.9074e-31
23789,1.90223e-31
23790,1.89662e-31
23791,1.89136e-31
23792,1.88583e-31
23793,1.87985e-31
23794,1.87359e-31
23795,1.86758e-31
23796,1.8624e-31
23797,1.85741e-31
23798,1.85218e-31
23799,1.84692e-31
23800,1.84207e-31
23801,1.83624e-31
23802,1.83009e-31
23803,1.82423e-31
23804,1.81862e-31
23805,1.81343e-31
23806,1.80843e-31
23807,1.80346e-31
23808,1.79796e-31
23809,1.79311e-31
23810,1.7875e-31
23811,1.78227e-31
23812,1.77675e-31
23813,1.77096e-31
23814,1.76503e-31
23815,1.75945e-31
23816,1.75466e-31
23817,1.74981e-31
23818,1.74448e-31
23819,1.73934e-31
23820,1.73436e-31
23821,1.72963e-31
23822,1.72436e-31
23823,1.71884e-31
23824,1.7131e-31
23825,1.70782e-31
23826,1.70267e-31
23827,1.69805e-31
23828,1.69287e-31
23829,1.6874e-31
23830,1.68238e-31
23831,1.67717e-31
23832,1.67191e-31
23833,1.66702e-31
23834,1.66219e-31
23835,1.65751e-31
23836,1.65236e-31
23837,1.6473e-31
23838,1.64242e-31
23839,1.63768e-31
23840,1.63261e-31
23841,1.62803e-31
23842,1.62292e-31
23843,1.6182e-31
23844,1.61385e-31
23845,1.60889e-31
23846,1.60462e-31
23847,1.60018e-31
23848,1.59502e-31
23849,1.58998e-31
23850,1.58501e-31
23851,1.58055e-31
23852,1.57552e-31
23853,1.57101e-31
23854,1.56684e-31
23855,1.56197e-31
23856,1.55683e-31
23857,1.55204e-31
23858,1.54696e-31
23859,1.54222e-31
23860,1.53772e-31
23861,1.53333e-31
23862,1.52907e-31
23863,1.52497e-31
23864,1.52024e-31
23865,1.51556e-31
23866,1.51117e-31
23867,1.50673e-31
23868,1.50257e-31
23869,1.49779e-31
23870,1.49293e-31
23871,1.48798e-31
23872,1.48398e-31
23873,1.47953e-31
23874,1.47537e-31
23875,1.47132e-31
23876,1.46719e-31
23877,1.46304e-31
23878,1.4588e-31
23879,1.45478e-31
23880,1.45002e-31
23881,1.44613e-31
23882,1.44193e-31
23883,1.43732e-31
23884,1.43312e-31
23885,1.42888e-31
23886,1.42453e-31
23887,1.4205e-31
23888,1.41673e-31
23889,1.41258e-31
23890,1.40804e-31
23891,1.40386e-31
23892,1.39937e-31
23893,1.39562e-31
23894,1.39149e-31
23895,1.38729e-31
23896,1.38297e-31
23897,1.37841e-31
23898,1.37479e-31
23899,1.37042e-31
23900,1.36606e-31
23901,1.36162e-31
23902,1.35723e-31
23903,1.35281e-31
23904,1.34884e-31
23905,1.34527e-31
23906,1.34089e-31
23907,1.33666e-31
23908,1.33281e-31
23909,1.32895e-31
23910,1.32466e-31
23911,1.32085e-31
23912,1.31695e-31
23913,1.31322e-31
23914,1.30964e-31
23915,1.30546e-31
23916,1.30126e-31
23917,1.29711e-31
23918,1.29355e-31
23919,1.28946e-31
23920,1.28588e-31
23921,1.28164e-31
23922,1.27801e-31
23923,1.27465e-31
23924,1.27125e-31
23925,1.26726e-31
23926,1.2634e-31
23927,1.2594e-31
23928,1.25542e-31
23929,1.25159e-31
23930,1.24773e-31
23931,1.24406e-31
23932,1.24045e-31
23933,1.23686e-31
23934,1.2334e-31
23935,1.22951e-31
23936,1.22589e-31
23937,1.22246e-31
23938,1.21887e-31
23939,1.21502e-31
23940,1.21123e-31
23941,1.20776e-31
23942,1.20453e-31
23943,1.20127e-31
23944,1.19763e-31
23945,1.19429e-31
23946,1.19036e-31
23947,1.18686e-31
23948,1.18294e-31
23949,1.1797e-31
23950,1.17643e-31
23951,1.17322e-31
23952,1.17002e-31
23953,1.16658e-31
23954,1.16337e-31
23955,1.16016e-31
23956,1.1569e-31
23957,1.15328e-31
23958,1.14942e-31
23959,1.14551e-31
23960,1.1422e-31
23961,1.13875e-31
23962,1.13542e-31
23963,1.13188e-31
23964,1.12809e-31
23965,1.12453e-31
23966,1.12115e-31
23967,1.1179e-31
23968,1.11426e-31
23969,1.1105e-31
23970,1.10746e-31
23971,1.10414e-31
23972,1.10102e-31
23973,1.09797e-31
23974,1.09458e-31
23975,1.09097e-31
23976,1.08773e-31
23977,1.08435e-31
23978,1.08125e-31
23979,1.07812e-31
23980,1.07466e-31
23981,1.0714e-31
23982,1.06816e-31
23983,1.06459e-31
23984,1.06178e-31
23985,1.05851e-31
23986,1.05557e-31
23987,1.05259e-31
23988,1.04949e-31
23989,1.04662e-31
23990,1.04369e-31
23991,1.04039e-31
23992,1.03708e-31
23993,1.03382e-31
23994,1.03072e-31
23995,1.0275e-31
23996,1.02453e-31
23997,1.02114e-31
23998,1.0184e-31
23999,1.01555e-31
24000,1.01223e-31
24001,1.00942e-31
24002,1.00621e-31
24003,1.00338e-31
24004,1.00047e-31
24005,9.97474e-32
24006,9.94746e-32
24007,9.91582e-32
24008,9.88819e-32
24009,9.85915e-32
24010,9.83165e-32
24011,9.80551e-32
24012,9.77353e-32
24013,9.74188e-32
24014,9.71605e-32
24015,9.69044e-32
24016,9.66186e-32
24017,9.63492e-32
24018,9.60761e-32
24019,9.57594e-32
24020,9.54787e-32
24021,9.51888e-32
24022,9.48849e-32
24023,9.46274e-32
24024,9.43624e-32
24025,9.40969e-32
24026,9.37986e-32
24027,9.35083e-32
24028,9.32438e-32
24029,9.29433e-32
24030,9.2636e-32
24031,9.23761e-32
24032,9.21283e-32
24033,9.18443e-32
24034,9.15714e-32
24035,9.12985e-32
24036,9.10435e-32
24037,9.07666e-32
24038,9.05056e-32
24039,9.02401e-32
24040,8.99977e-32
24041,8.9728e-32
24042,8.94605e-32
24043,8.92202e-32
24044,8.89653e-32
24045,8.86995e-32
24046,8.84603e-32
24047,8.81782e-32
24048,8.78955e-32
24049,8.76368e-32
24050,8.73536e-32
24051,8.71145e-32
24052,8.68288e-32
24053,8.65573e-32
24054,8.63132e-32
24055,8.60711e-32
24056,8.5792e-32
24057,8.55624e-32
24058,8.52892e-32
24059,8.5053e-32
24060,8.47762e-32
24061,8.45031e-32
24062,8.42541e-32
24063,8.40311e-32
24064,8.37852e-32
24065,8.35133e-32
24066,8.32597e-32
24067,8.29982e-32
24068,8.27488e-32
24069,8.24797e-32
24070,8.22532e-32
24071,8.20054e-32
24072,8.17637e-32
24073,8.15116e-32
24074,8.1257e-32
24075,8.09948e-32
24076,8.07711e-32
24077,8.05177e-32
24078,8.02655e-32
24079,7.99984e-32
24080,7.97766e-32
24081,7.95389e-32
24082,7.93257e-32
24083,7.91082e-32
24084,7.88918e-32
24085,7.86673e-32
24086,7.84368e-32
24087,7.82264e-32
24088,7.80008e-32
24089,7.77783e-32
24090,7.75597e-32
24091,7.7338e-32
24092,7.71301e-32
24093,7.68936e-32
24094,7.66705e-32
24095,7.64391e-32
24096,7.62071e-32
24097,7.5957e-32
24098,7.57414e-32
24099,7.5539e-32
24100,7.53034e-32
24101,7.50818e-32
24102,7.485e-32
24103,7.46416e-32
24104,7.4442e-32
24105,7.4231e-32
24106,7.40353e-32
24107,7.38294e-32
24108,7.36308e-32
24109,7.34046e-32
24110,7.32023e-32
24111,7.29965e-32
24112,7.2794e-32
24113,7.25906e-32
24114,7.23777e-32
24115,7.2168e-32
24116,7.1949e-32
24117,7.17128e-32
24118,7.14981e-32
24119,7.12597e-32
24120,7.10594e-32
24121,7.08376e-32
24122,7.06341e-32
24123,7.0433e-32
24124,7.02279e-32
24125,7.0009e-32
24126,6.9779e-32
24127,6.95416e-32
24128,6.93248e-32
24129,6.91348e-32
24130,6.8951e-32
24131,6.87536e-32
24132,6.85459e-32
24133,6.8331e-32
24134,6.81216e-32
24135,6.79104e-32
24136,6.77307e-32
24137,6.75271e-32
24138,6.73065e-32
24139,6.71233e-32
24140,6.69345e-32
24141,6.67557e-32
24142,6.65633e-32
24143,6.63653e-32
24144,6.6176e-32
24145,6.59633e-32
24146,6.57448e-32
24147,6.55251e-32
24148,6.53129e-32
24149,6.51234e-32
24150,6.49122e-32
24151,6.46917e-32
24152,6.4517e-32
24153,6.43387e-32
24154,6.41564e-32
24155,6.39658e-32
24156,6.37561e-32
24157,6.35791e-32
24158,6.33913e-32
24159,6.32017e-32
24160,6.30202e-32
24161,6.28312e-32
24162,6.26262e-32
24163,6.24169e-32
24164,6.22408e-32
24165,6.20577e-32
24166,6.18703e-32
24167,6.16957e-32
24168,6.15311e-32
24169,6.13519e-32
24170,6.1174e-32
24171,6.09987e-32
24172,6.0817e-32
24173,6.0623e-32
24174,6.04244e-32
24175,6.02265e-32
24176,6.00376e-32
24177,5.98467e-32
24178,5.96564e-32
24179,5.9481e-32
24180,5.93211e-32
24181,5.91419e-32
24182,5.89695e-32
24183,5.88073e-32
24184,5.86209e-32
24185,5.84353e-32
24186,5.82515e-32
24187,5.80662e-32
24188,5.78738e-32
24189,5.77138e-32
24190,5.75527e-32
24191,5.73923e-32
24192,5.72142e-32
24193,5.70583e-32
24194,5.69027e-32
24195,5.67178e-32
24196,5.65425e-32
24197,5.63641e-32
24198,5.62066e-32
24199,5.60343e-32
24200,5.58807e-32
24201,5.57115e-32
24202,5.55247e-32
24203,5.53492e-32
24204,5.5187e-32
24205,5.50093e-32
24206,5.4844e-32
24207,5.46981e-32
24208,5.45342e-32
24209,5.43826e-32
24210,5.42233e-32
24211,5.40554e-32
24212,5.38804e-32
24213,5.37032e-32
24214,5.35264e-32
24215,5.33586e-32
24216,5.3196e-32
24217,5.30359e-32
24218,5.28821e-32
24219,5.27264e-32
24220,5.25619e-32
24221,5.23993e-32
24222,5.22347e-32
24223,5.20814e-32
24224,5.19169e-32
24225,5.17473e-32
24226,5.15967e-32
24227,5.14486e-32
24228,5.12938e-32
24229,5.11375e-32
24230,5.09658e-32
24231,5.08028e-32
24232,5.06619e-32
24233,5.04952e-32
24234,5.03477e-32
24235,5.01947e-32
24236,5.0032e-32
24237,4.98671e-32
24238,4.97112e-32
24239,4.95649e-32
24240,4.94322e-32
24241,4.92996e-32
24242,4.91674e-32
24243,4.901e-32
24244,4.8846e-32
24245,4.86813e-32
24246,4.85325e-32
24247,4.83874e-32
24248,4.82446e-32
24249,4.80869e-32
24250,4.79248e-32
24251,4.77932e-32
24252,4.7651e-32
24253,4.7504e-32
24254,4.73597e-32
24255,4.72256e-32
24256,4.7086e-32
24257,4.69317e-32
24258,4.67853e-32
24259,4.66611e-32
24260,4.65238e-32
24261,4.6381e-32
24262,4.62337e-32
24263,4.60882e-32
24264,4.59454e-32
24265,4.58208e-32
24266,4.56923e-32
24267,4.55581e-32
24268,4.54071e-32
24269,4.52553e-32
24270,4.51044e-32
24271,4.49844e-32
24272,4.48378e-32
24273,4.46863e-32
24274,4.45351e-32
24275,4.43848e-32
24276,4.42362e-32
24277,4.41035e-32
24278,4.39745e-32
24279,4.38485e-32
24280,4.37223e-32
24281,4.35965e-32
24282,4.34673e-32
24283,4.33256e-32
24284,4.31779e-32
24285,4.3063e-32
24286,4.29452e-32
24287,4.28187e-32
24288,4.26774e-32
24289,4.25384e-32
24290,4.24094e-32
24291,4.22842e-32
24292,4.21606e-32
24293,4.20421e-32
24294,4.1928e-32
24295,4.18167e-32
24296,4.16969e-32
24297,4.15759e-32
24298,4.14523e-32
24299,4.13331e-32
24300,4.1216e-32
24301,4.10972e-32
24302,4.09782e-32
24303,4.08625e-32
24304,4.07457e-32
24305,4.06298e-32
24306,4.05174e-32
24307,4.04048e-32
24308,4.02778e-32
24309,4.01533e-32
24310,4.00309e-32
24311,3.99217e-32
24312,3.97913e-32
24313,3.96852e-32
24314,3.95802e-32
24315,3.94518e-32
24316,3.93454e-32
24317,3.92369e-32
24318,3.91222e-32
24319,3.90183e-32
24320,3.88911e-32
24321,3.87596e-32
24322,3.86425e-32
24323,3.85294e-32
24324,3.84221e-32
24325,3.83055e-32
24326,3.81924e-32
24327,3.80759e-32
24328,3.79757e-32
24329,3.78533e-32
24330,3.77262e-32
24331,3.7618e-32
24332,3.75108e-32
24333,3.74039e-32
24334,3.72908e-32
24335,3.7175e-32
24336,3.70595e-32
24337,3.69406e-32
24338,3.68185e-32
24339,3.67096e-32
24340,3.66029e-32
24341,3.64953e-32
24342,3.63852e-32
24343,3.628e-32
24344,3.61722e-32
24345,3.60622e-32
24346,3.59588e-32
24347,3.58499e-32
24348,3.57354e-32
24349,3.56202e-32
24350,3.55096e-32
24351,3.53958e-32
24352,3.52828e-32
24353,3.51873e-32
24354,3.50907e-32
24355,3.49764e-32
24356,3.4865e-32
24357,3.47568e-32
24358,3.46511e-32
24359,3.4542e-32
24360,3.44364e-32
24361,3.43335e-32
24362,3.4243e-32
24363,3.41338e-32
24364,3.40228e-32
24365,3.39178e-32
24366,3.38151e-32
24367,3.3715e-32
24368,3.36176e-32
24369,3.35195e-32
24370,3.34109e-32
24371,3.33035e-32
24372,3.31938e-32
24373,3.30954e-32
24374,3.30058e-32
24375,3.29114e-32
24376,3.28248e-32
24377,3.27294e-32
24378,3.2622e-32
24379,3.25162e-32
24380,3.24254e-32
24381,3.23281e-32
24382,3.22303e-32
24383,3.21234e-32
24384,3.20224e-32
24385,3.19205e-32
24386,3.18146e-32
24387,3.17219e-32
24388,3.16307e-32
24389,3.15376e-32
24390,3.14532e-32
24391,3.13519e-32
24392,3.12466e-32
24393,3.11626e-32
24394,3.10645e-32
24395,3.0965e-32
24396,3.08679e-32
24397,3.07788e-32
24398,3.06933e-32
24399,3.06121e-32
24400,3.05169e-32
24401,3.04347e-32
24402,3.03395e-32
24403,3.02455e-32
24404,3.01545e-32
24405,3.0056e-32
24406,2.99539e-32
24407,2.98627e-32
24408,2.97772e-32
24409,2.96802e-32
24410,2.95954e-32
24411,2.95069e-32
24412,2.94194e-32
24413,2.93245e-32
24414,2.92366e-32
24415,2.91573e-32
24416,2.90698e-32
24417,2.89855e-32
24418,2.88998e-32
24419,2.88049e-32
24420,2.87104e-32
24421,2.86227e-32
24422,2.85298e-32
24423,2.84376e-32
24424,2.83494e-32
24425,2.82612e-32
24426,2.81757e-32
24427,2.80961e-32
24428,2.80035e-32
24429,2.79133e-32
24430,2.78337e-32
24431,2.77462e-32
24432,2.76559e-32
24433,2.75819e-32
24434,2.75027e-32
24435,2.74241e-32
24436,2.73342e-32
24437,2.72547e-32
24438,2.71671e-32
24439,2.70901e-32
24440,2.70139e-32
24441,2.69405e-32
24442,2.68557e-32
24443,2.67702e-32
24444,2.668e-32
24445,2.66041e-32
24446,2.65187e-32
24447,2.64381e-32
24448,2.63562e-32
24449,2.62805e-32
24450,2.62032e-32
24451,2.61256e-32
24452,2.60409e-32
24453,2.59665e-32
24454,2.58939e-32
24455,2.58177e-32
24456,2.57326e-32
24457,2.56493e-32
24458,2.55671e-32
24459,2.54817e-32
24460,2.54042e-32
24461,2.53369e-32
24462,2.52594e-32
24463,2.51867e-32
24464,2.51189e-32
24465,2.50521e-32
24466,2.49755e-32
24467,2.49092e-32
24468,2.48374e-32
24469,2.47632e-32
24470,2.46929e-32
24471,2.46168e-32
24472,2.45403e-32
24473,2.44742e-32
24474,2.44035e-32
24475,2.4329e-32
24476,2.42587e-32
24477,2.41908e-32
24478,2.41248e-32
24479,2.40457e-32
24480,2.39717e-32
24481,2.3898e-32
24482,2.38271e-32
24483,2.37572e-32
24484,2.36797e-32
24485,2.36045e-32
24486,2.35263e-32
24487,2.34488e-32
24488,2.33785e-32
24489,2.33063e-32
24490,2.32319e-32
24491,2.31534e-32
24492,2.30801e-32
24493,2.30119e-32
24494,2.29461e-32
24495,2.2874e-32
24496,2.28057e-32
24497,2.27295e-32
24498,2.26555e-32
24499,2.25805e-32
24500,2.2512e-32
24501,2.24516e-32
24502,2.23849e-32
24503,2.23235e-32
24504,2.22625e-32
24505,2.21905e-32
24506,2.21189e-32
24507,2.2052e-32
24508,2.19913e-32
24509,2.19201e-32
24510,2.1854e-32
24511,2.17849e-32
24512,2.17191e-32
24513,2.16469e-32
24514,2.15872e-32
24515,2.15245e-32
24516,2.14581e-32
24517,2.14008e-32
24518,2.13411e-32
24519,2.12833e-32
24520,2.12178e-32
24521,2.11618e-32
24522,2.11049e-32
24523,2.10447e-32
24524,2.0983e-32
24525,2.09217e-32
24526,2.08653e-32
24527,2.07981e-32
24528,2.07369e-32
24529,2.06696e-32
24530,2.06027e-32
24531,2.05339e-32
24532,2.04643e-32
24533,2.04053e-32
24534,2.03507e-32
24535,2.02959e-32
24536,2.02394e-32
24537,2.01749e-32
24538,2.01125e-32
24539,2.00536e-32
24540,1.99903e-32
24541,1.99362e-32
24542,1.9882e-32
24543,1.98262e-32
24544,1.97733e-32
24545,1.97176e-32
24546,1.96566e-32
24547,1.95946e-32
24548,1.9538e-32
24549,1.94739e-32
24550,1.94101e-32
24551,1.93587e-32
24552,1.92961e-32
24553,1.92316e-32
24554,1.91754e-32
24555,1.91196e-32
24556,1.9065e-32
24557,1.90089e-32
24558,1.89548e-32
24559,1.88955e-32
24560,1.88411e-32
24561,1.87905e-32
24562,1.87333e-32
24563,1.86803e-32
24564,1.86261e-32
24565,1.8568e-32
24566,1.8514e-32
24567,1.84572e-32
24568,1.84014e-32
24569,1.83399e-32
24570,1.82913e-32
24571,1.82398e-32
24572,1.81909e-32
24573,1.81412e-32
24574,1.80869e-32
24575,1.80375e-32
24576,1.79848e-32
24577,1.79345e-32
24578,1.78771e-32
24579,1.78194e-32
24580,1.77701e-32
24581,1.77155e-32
24582,1.76584e-32
24583,1.76102e-32
24584,1.75572e-32
24585,1.75089e-32
24586,1.74568e-32
24587,1.73996e-32
24588,1.73453e-32
24589,1.72889e-32
24590,1.7235e-32
24591,1.71774e-32
24592,1.71196e-32
24593,1.70709e-32
24594,1.70235e-32
24595,1.69752e-32
24596,1.69194e-32
24597,1.6867e-32
24598,1.68109e-32
24599,1.67599e-32
24600,1.67089e-32
24601,1.66533e-32
24602,1.6599e-32
24603,1.65469e-32
24604,1.6502e-32
24605,1.64549e-32
24606,1.64028e-32
24607,1.63527e-32
24608,1.63027e-32
24609,1.62524e-32
24610,1.62056e-32
24611,1.61545e-32
24612,1.61084e-32
24613,1.60646e-32
24614,1.6013e-32
24615,1.59601e-32
24616,1.59144e-32
24617,1.5868e-32
24618,1.58178e-32
24619,1.57652e-32
24620,1.57206e-32
24621,1.56751e-32
24622,1.56244e-32
24623,1.55815e-32
24624,1.55337e-32
24625,1.54919e-32
24626,1.54465e-32
24627,1.53991e-32
24628,1.5351e-32
24629,1.5306e-32
24630,1.52644e-32
24631,1.52219e-32
24632,1.51783e-32
24633,1.51288e-32
24634,1.50786e-32
24635,1.50334e-32
24636,1.49911e-32
24637,1.49449e-32
24638,1.49054e-32
24639,1.48583e-32
24640,1.4816e-32
24641,1.47735e-32
24642,1.47286e-32
24643,1.46836e-32
24644,1.46399e-32
24645,1.45963e-32
24646,1.45533e-32
24647,1.45071e-32
24648,1.4459e-32
24649,1.44185e-32
24650,1.4374e-32
24651,1.43347e-32
24652,1.42914e-32
24653,1.42481e-32
24654,1.42076e-32
24655,1.41677e-32
24656,1.41245e-32
24657,1.40795e-32
24658,1.4033e-32
24659,1.39928e-32
24660,1.39546e-32
24661,1.39087e-32
24662,1.38662e-32
24663,1.38247e-32
24664,1.37793e-32
24665,1.37384e-32
24666,1.3693e-32
24667,1.36552e-32
24668,1.36185e-32
24669,1.35742e-32
24670,1.35279e-32
24671,1.34881e-32
24672,1.34497e-32
24673,1.34089e-32
24674,1.33643e-32
24675,1.33209e-32
24676,1.32851e-32
24677,1.32467e-32
24678,1.32068e-32
24679,1.31629e-32
24680,1.31218e-32
24681,1.30851e-32
24682,1.30498e-32
24683,1.30136e-32
24684,1.29728e-32
24685,1.29348e-32
24686,1.28965e-32
24687,1.2859e-32
24688,1.28239e-32
24689,1.27873e-32
24690,1.27475e-32
24691,1.27113e-32
24692,1.26749e-32
24693,1.26395e-32
24694,1.25997e-32
24695,1.25641e-32
24696,1.25255e-32
24697,1.24859e-32
24698,1.24491e-32
24699,1.24098e-32
24700,1.23707e-32
24701,1.23343e-32
24702,1.23008e-32
24703,1.22606e-32
24704,1.22282e-32
24705,1.21955e-32
24706,1.21575e-32
24707,1.21248e-32
24708,1.20892e-32
24709,1.20549e-32
24710,1.20228e-32
24711,1.19905e-32
24712,1.1955e-32
24713,1.19222e-32
24714,1.18886e-32
24715,1.18551e-32
24716,1.18195e-32
24717,1.1782e-32
24718,1.1745e-32
24719,1.1708e-32
24720,1.16763e-32
24721,1.16429e-32
24722,1.16045e-32
24723,1.15699e-32
24724,1.15346e-32
24725,1.1498e-32
24726,1.14617e-32
24727,1.14294e-32
24728,1.13958e-32
24729,1.13649e-32
24730,1.13277e-32
24731,1.12968e-32
24732,1.12631e-32
24733,1.12326e-32
24734,1.12023e-32
24735,1.11689e-32
24736,1.11381e-32
24737,1.11024e-32
24738,1.1068e-32
24739,1.10336e-32
24740,1.10032e-32
24741,1.09695e-32
24742,1.09348e-32
24743,1.09004e-32
24744,1.08651e-32
24745,1.08364e-32
24746,1.08014e-32
24747,1.07701e-32
24748,1.0736e-32
24749,1.07027e-32
24750,1.06744e-32
24751,1.06404e-32
24752,1.06044e-32
24753,1.05681e-32
24754,1.05375e-32
24755,1.05057e-32
24756,1.04726e-32
24757,1.04449e-32
24758,1.04121e-32
24759,1.03834e-32
24760,1.03552e-32
24761,1.03226e-32
24762,1.02932e-32
24763,1.02614e-32
24764,1.02277e-32
24765,1.01975e-32
24766,1.01693e-32
24767,1.01421e-32
24768,1.01137e-32
24769,1.00816e-32
24770,1.00497e-32
24771,1.002e-32
24772,9.9904e-33
24773,9.96106e-33
24774,9.93416e-33
24775,9.90638e-33
24776,9.87737e-33
24777,9.85104e-33
24778,9.82138e-33
24779,9.79403e-33
24780,9.7639e-33
24781,9.73379e-33
24782,9.7076e-33
24783,9.67803e-33
24784,9.64836e-33
24785,9.62019e-33
24786,9.59348e-33
24787,9.56627e-33
24788,9.53849e-33
24789,9.51329e-33
24790,9.48542e-33
24791,9.45695e-33
24792,9.42661e-33
24793,9.39625e-33
24794,9.37022e-33
24795,9.34128e-33
24796,9.31552e-33
24797,9.28875e-33
24798,9.2595e-33
24799,9.23208e-33
24800,9.20671e-33
24801,9.17972e-33
24802,9.15e-33
24803,9.12156e-33
24804,9.09154e-33
24805,9.06074e-33
24806,9.03052e-33
24807,9.00441e-33
24808,8.98068e-33
24809,8.95445e-33
24810,8.92753e-33
24811,8.89973e-33
24812,8.87585e-33
24813,8.84899e-33
24814,8.82372e-33
24815,8.7965e-33
24816,8.76683e-33
24817,8.7401e-33
24818,8.71093e-33
24819,8.68521e-33
24820,8.65911e-33
24821,8.63361e-33
24822,8.60525e-33
24823,8.58039e-33
24824,8.55663e-33
24825,8.53353e-33
24826,8.511e-33
24827,8.48663e-33
24828,8.46157e-33
24829,8.43475e-33
24830,8.40741e-33
24831,8.38118e-33
24832,8.35778e-33
24833,8.33209e-33
24834,8.30869e-33
24835,8.28629e-33
24836,8.26118e-33
24837,8.23881e-33
24838,8.21489e-33
24839,8.18973e-33
24840,8.1648e-33
24841,8.13765e-33
24842,8.11438e-33
24843,8.08953e-33
24844,8.06491e-33
24845,8.0402e-33
24846,8.01734e-33
24847,7.99318e-33
24848,7.97153e-33
24849,7.94925e-33
24850,7.92322e-33
24851,7.89844e-33
24852,7.8736e-33
24853,7.84764e-33
24854,7.82106e-33
24855,7.79488e-33
24856,7.76823e-33
24857,7.74163e-33
24858,7.7197e-33
24859,7.69705e-33
24860,7.67287e-33
24861,7.65243e-33
24862,7.63194e-33
24863,7.60726e-33
24864,7.58311e-33
24865,7.56136e-33
24866,7.54131e-33
24867,7.51995e-33
24868,7.49805e-33
24869,7.47599e-33
24870,7.4514e-33
24871,7.42607e-33
24872,7.40416e-33
24873,7.38355e-33
24874,7.36116e-33
24875,7.33671e-33
24876,7.31269e-33
24877,7.28836e-33
24878,7.26624e-33
24879,7.24231e-33
24880,7.22248e-33
24881,7.20128e-33
24882,7.1796e-33
24883,7.15647e-33
24884,7.13575e-33
24885,7.11454e-33
24886,7.09229e-33
24887,7.07193e-33
24888,7.05111e-33
24889,7.02788e-33
24890,7.00516e-33
24891,6.98576e-33
24892,6.96284e-33
24893,6.93996e-33
24894,6.92109e-33
24895,6.89982e-33
24896,6.88096e-33
24897,6.86223e-33
24898,6.83974e-33
24899,6.81879e-33
24900,6.79794e-33
24901,6.77547e-33
24902,6.75485e-33
24903,6.7323e-33
24904,6.71388e-33
24905,6.6957e-33
24906,6.6741e-33
24907,6.65172e-33
24908,6.62886e-33
24909,6.60914e-33
24910,6.58779e-33
24911,6.56978e-33
24912,6.54871e-33
24913,6.52959e-33
24914,6.50808e-33
24915,6.48985e-33
24916,6.46901e-33
24917,6.44879e-33
24918,6.42926e-33
24919,6.41087e-33
24920,6.39147e-33
24921,6.37331e-33
24922,6.35442e-33
24923,6.3352e-33
24924,6.31799e-33
24925,6.29891e-33
24926,6.28131e-33
24927,6.26371e-33
24928,6.24415e-33
24929,6.22673e-33
24930,6.20701e-33
24931,6.18923e-33
24932,6.1724e-33
24933,6.15488e-33
24934,6.13755e-33
24935,6.12034e-33
24936,6.10246e-33
24937,6.08561e-33
24938,6.06886e-33
24939,6.05117e-33
24940,6.03271e-33
24941,6.01675e-33
24942,5.99879e-33
24943,5.98097e-33
24944,5.96357e-33
24945,5.94578e-33
24946,5.92723e-33
24947,5.91053e-33
24948,5.89441e-33
24949,5.87808e-33
24950,5.86043e-33
24951,5.84199e-33
24952,5.82442e-33
24953,5.80892e-33
24954,5.79266e-33
24955,5.77503e-33
24956,5.75715e-33
24957,5.73993e-33
24958,5.72127e-33
24959,5.7046e-33
24960,5.68682e-33
24961,5.66905e-33
24962,5.65131e-33
24963,5.63297e-33
24964,5.61386e-33
24965,5.59483e-33
24966,5.5798e-33
24967,5.56366e-33
24968,5.54859e-33
24969,5.53309e-33
24970,5.51545e-33
24971,5.49796e-33
24972,5.48238e-33
24973,5.46652e-33
24974,5.45147e-33
24975,5.43478e-33
24976,5.41694e-33
24977,5.39903e-33
24978,5.38099e-33
24979,5.36673e-33
24980,5.35238e-33
24981,5.33675e-33
24982,5.31997e-33
24983,5.30372e-33
24984,5.28786e-33
24985,5.27017e-33
24986,5.25559e-33
24987,5.24133e-33
24988,5.22592e-33
24989,5.21206e-33
24990,5.19675e-33
24991,5.18247e-33
24992,5.16648e-33
24993,5.15235e-33
24994,5.13548e-33
24995,5.11931e-33
24996,5.10557e-33
24997,5.09199e-33
24998,5.07839e-33
24999,5.06445e-33
25000,5.05016e-33
25001,5.03383e-33
25002,5.01715e-33
25003,5.00176e-33
25004,4.9876e-33
25005,4.9743e-33
25006,4.96058e-33
25007,4.94703e-33
25008,4.93107e-33
25009,4.91776e-33
25010,4.90427e-33
25011,4.88824e-33
25012,4.87333e-33
25013,4.85729e-33
25014,4.84249e-33
25015,4.82967e-33
25016,4.81423e-33
25017,4.79901e-33
25018,4.78588e-33
25019,4.77214e-33
25020,4.75723e-33
25021,4.74252e-33
25022,4.7282e-33
25023,4.71438e-33
25024,4.69949e-33
25025,4.68535e-33
25026,4.67282e-33
25027,4.65808e-33
25028,4.64392e-33
25029,4.63131e-33
25030,4.61614e-33
25031,4.601e-33
25032,4.58527e-33
25033,4.56997e-33
25034,4.55658e-33
25035,4.54373e-33
25036,4.52898e-33
25037,4.51506e-33
25038,4.5018e-33
25039,4.48738e-33
25040,4.47333e-33
25041,4.4596e-33
25042,4.44532e-33
25043,4.433e-33
25044,4.41992e-33
25045,4.40736e-33
25046,4.39516e-33
25047,4.38252e-33
25048,4.36802e-33
25049,4.35536e-33
25050,4.3417e-33
25051,4.328e-33
25052,4.31352e-33
25053,4.30132e-33
25054,4.28972e-33
25055,4.27651e-33
25056,4.26292e-33
25057,4.25122e-33
25058,4.23863e-33
25059,4.22664e-33
25060,4.21476e-33
25061,4.2023e-33
25062,4.19095e-33
25063,4.17921e-33
25064,4.16726e-33
25065,4.15496e-33
25066,4.14249e-33
25067,4.13085e-33
25068,4.1199e-33
25069,4.10661e-33
25070,4.09564e-33
25071,4.08309e-33
25072,4.0708e-33
25073,4.05768e-33
25074,4.04431e-33
25075,4.03051e-33
25076,4.01954e-33
25077,4.00882e-33
25078,3.99737e-33
25079,3.9866e-33
25080,3.97512e-33
25081,3.96446e-33
25082,3.95203e-33
25083,3.94066e-33
25084,3.92944e-33
25085,3.91675e-33
25086,3.9064e-33
25087,3.896e-33
25088,3.8857e-33
25089,3.87421e-33
25090,3.86314e-33
25091,3.85223e-33
25092,3.83952e-33
25093,3.82815e-33
25094,3.81663e-33
25095,3.80569e-33
25096,3.79338e-33
25097,3.78324e-33
25098,3.77191e-33
25099,3.75954e-33
25100,3.74674e-33
25101,3.73501e-33
25102,3.72357e-33
25103,3.71243e-33
25104,3.70151e-33
25105,3.69066e-33
25106,3.67971e-33
25107,3.66862e-33
25108,3.65771e-33
25109,3.64594e-33
25110,3.63459e-33
25111,3.6227e-33
25112,3.61064e-33
25113,3.59998e-33
25114,3.59005e-33
25115,3.58013e-33
25116,3.57006e-33
25117,3.56022e-33
25118,3.55028e-33
25119,3.54025e-33
25120,3.52927e-33
25121,3.51852e-33
25122,3.50782e-33
25123,3.49685e-33
25124,3.48511e-33
25125,3.47569e-33
25126,3.46429e-33
25127,3.45288e-33
25128,3.44342e-33
25129,3.43309e-33
25130,3.42223e-33
25131,3.41292e-33
25132,3.40357e-33
25133,3.39392e-33
25134,3.3836e-33
25135,3.37324e-33
25136,3.36254e-33
25137,3.35351e-33
25138,3.34441e-33
25139,3.33517e-33
25140,3.32442e-33
25141,3.31377e-33
25142,3.30491e-33
25143,3.29457e-33
25144,3.28555e-33
25145,3.27641e-33
25146,3.26567e-33
25147,3.25603e-33
25148,3.24652e-33
25149,3.23751e-33
25150,3.2275e-33
25151,3.21877e-33
25152,3.20871e-33
25153,3.19967e-33
25154,3.18959e-33
25155,3.17945e-33
25156,3.17028e-33
25157,3.16026e-33
25158,3.1506e-33
25159,3.14123e-33
25160,3.13225e-33
25161,3.12337e-33
25162,3.11392e-33
25163,3.10465e-33
25164,3.09514e-33
25165,3.0866e-33
25166,3.07835e-33
25167,3.06959e-33
25168,3.061e-33
25169,3.05257e-33
25170,3.04347e-33
25171,3.03518e-33
25172,3.02537e-33
25173,3.01604e-33
25174,3.0061e-33
25175,2.99806e-33
25176,2.98863e-33
25177,2.97881e-33
25178,2.9699e-33
25179,2.96165e-33
25180,2.95372e-33
25181,2.94567e-33
25182,2.93735e-33
25183,2.92798e-33
25184,2.91941e-33
25185,2.91159e-33
25186,2.90292e-33
25187,2.8938e-33
25188,2.88439e-33
25189,2.87658e-33
25190,2.86868e-33
25191,2.86088e-33
25192,2.85262e-33
25193,2.84364e-33
25194,2.83485e-33
25195,2.82531e-33
25196,2.81579e-33
25197,2.80686e-33
25198,2.7988e-33
25199,2.79113e-33
25200,2.78224e-33
25201,2.77313e-33
25202,2.76523e-33
25203,2.75652e-33
25204,2.7484e-33
25205,2.74082e-33
25206,2.73215e-33
25207,2.72452e-33
25208,2.71728e-33
25209,2.70969e-33
25210,2.7018e-33
25211,2.69451e-33
25212,2.68673e-33
25213,2.67834e-33
25214,2.66945e-33
25215,2.66078e-33
25216,2.65219e-33
25217,2.64429e-33
25218,2.63641e-33
25219,2.62837e-33
25220,2.62041e-33
25221,2.61227e-33
25222,2.604e-33
25223,2.59532e-33
25224,2.58766e-33
25225,2.58027e-33
25226,2.57188e-33
25227,2.56448e-33
25228,2.556e-33
25229,2.54884e-33
25230,2.54134e-33
25231,2.53319e-33
25232,2.52642e-33
25233,2.51857e-33
25234,2.51089e-33
25235,2.50342e-33
25236,2.49521e-33
25237,2.48793e-33
25238,2.48021e-33
25239,2.47195e-33
25240,2.46423e-33
25241,2.45759e-33
25242,2.45107e-33
25243,2.44306e-33
25244,2.43512e-33
25245,2.42692e-33
25246,2.41902e-33
25247,2.41162e-33
25248,2.40458e-33
25249,2.39783e-33
25250,2.39132e-33
25251,2.38358e-33
25252,2.37564e-33
25253,2.3678e-33
25254,2.35998e-33
25255,2.35322e-33
25256,2.34678e-33
25257,2.33946e-33
25258,2.33224e-33
25259,2.3259e-33
25260,2.31832e-33
25261,2.31211e-33
25262,2.30464e-33
25263,2.29856e-33
25264,2.29136e-33
25265,2.28449e-33
25266,2.27771e-33
25267,2.27058e-33
25268,2.26317e-33
25269,2.25697e-33
25270,2.25009e-33
25271,2.24343e-33
25272,2.23718e-33
25273,2.2303e-33
25274,2.2237e-33
25275,2.21627e-33
25276,2.20937e-33
25277,2.2032e-33
25278,2.19661e-33
25279,2.18927e-33
25280,2.18271e-33
25281,2.17593e-33
25282,2.16873e-33
25283,2.16241e-33
25284,2.15598e-33
25285,2.14915e-33
25286,2.14244e-33
25287,2.13578e-33
25288,2.12938e-33
25289,2.12341e-33
25290,2.11674e-33
25291,2.11047e-33
25292,2.10447e-33
25293,2.09796e-33
25294,2.09174e-33
25295,2.08611e-33
25296,2.0804e-33
25297,2.07369e-33
25298,2.06698e-33
25299,2.05994e-33
25300,2.05446e-33
25301,2.04852e-33
25302,2.04249e-33
25303,2.03677e-33
25304,2.03131e-33
25305,2.02481e-33
25306,2.01912e-33
25307,2.0129e-33
25308,2.00747e-33
25309,2.00119e-33
25310,1.99495e-33
25311,1.98888e-33
25312,1.98304e-33
25313,1.97705e-33
25314,1.97056e-33
25315,1.96398e-33
25316,1.95834e-33
25317,1.95247e-33
25318,1.94658e-33
25319,1.94035e-33
25320,1.9341e-33
25321,1.9286e-33
25322,1.92322e-33
25323,1.91809e-33
25324,1.91188e-33
25325,1.90586e-33
25326,1.90065e-33
25327,1.89551e-33
25328,1.88983e-33
25329,1.88362e-33
25330,1.87852e-33
25331,1.87285e-33
25332,1.8675e-33
25333,1.86189e-33
25334,1.85588e-33
25335,1.85046e-33
25336,1.84504e-33
25337,1.84011e-33
25338,1.83523e-33
25339,1.8298e-33
25340,1.82393e-33
25341,1.81818e-33
25342,1.81333e-33
25343,1.8083e-33
25344,1.80326e-33
25345,1.79739e-33
25346,1.79249e-33
25347,1.78715e-33
25348,1.78186e-33
25349,1.77636e-33
25350,1.77127e-33
25351,1.76635e-33
25352,1.76062e-33
25353,1.75526e-33
25354,1.7503e-33
25355,1.74467e-33
25356,1.73982e-33
25357,1.73479e-33
25358,1.72906e-33
25359,1.72348e-33
25360,1.71855e-33
25361,1.71396e-33
25362,1.70908e-33
25363,1.70388e-33
25364,1.69866e-33
25365,1.69399e-33
25366,1.68845e-33
25367,1.684e-33
25368,1.67934e-33
25369,1.67381e-33
25370,1.66874e-33
25371,1.66432e-33
25372,1.65923e-33
25373,1.6542e-33
25374,1.64956e-33
25375,1.64422e-33
25376,1.63929e-33
25377,1.63456e-33
25378,1.62978e-33
25379,1.62444e-33
25380,1.6189e-33
25381,1.61367e-33
25382,1.60926e-33
25383,1.60407e-33
25384,1.59954e-33
25385,1.59491e-33
25386,1.58986e-33
25387,1.58515e-33
25388,1.58011e-33
25389,1.57508e-33
25390,1.57072e-33
25391,1.56652e-33
25392,1.56162e-33
25393,1.55691e-33
25394,1.55207e-33
25395,1.54757e-33
25396,1.54278e-33
25397,1.53801e-33
25398,1.53356e-33
25399,1.52859e-33
25400,1.52385e-33
25401,1.51886e-33
25402,1.51381e-33
25403,1.50949e-33
25404,1.50511e-33
25405,1.50103e-33
25406,1.49691e-33
25407,1.49212e-33
25408,1.48767e-33
25409,1.48313e-33
25410,1.47837e-33
25411,1.47399e-33
25412,1.46978e-33
25413,1.465e-33
25414,1.46076e-33
25415,1.45635e-33
25416,1.45221e-33
25417,1.44829e-33
25418,1.44356e-33
25419,1.43969e-33
25420,1.43515e-33
25421,1.43121e-33
25422,1.42732e-33
25423,1.42303e-33
25424,1.41861e-33
25425,1.41406e-33
25426,1.40932e-33
25427,1.40526e-33
25428,1.40118e-33
25429,1.39722e-33
25430,1.39338e-33
25431,1.3888e-33
25432,1.38499e-33
25433,1.3813e-33
25434,1.37743e-33
25435,1.37331e-33
25436,1.36955e-33
25437,1.36556e-33
25438,1.36159e-33
25439,1.35744e-33
25440,1.35385e-33
25441,1.35014e-33
25442,1.34656e-33
25443,1.34274e-33
25444,1.33914e-33
25445,1.33531e-33
25446,1.331e-33
25447,1.32712e-33
25448,1.32322e-33
25449,1.31895e-33
25450,1.31505e-33
25451,1.31136e-33
25452,1.30703e-33
25453,1.30304e-33
25454,1.29883e-33
25455,1.29477e-33
25456,1.29106e-33
25457,1.28701e-33
25458,1.2827e-33
25459,1.27862e-33
25460,1.27524e-33
25461,1.27179e-33
25462,1.26788e-33
25463,1.26441e-33
25464,1.26095e-33
25465,1.25686e-33
25466,1.2529e-33
25467,1.24931e-33
25468,1.24571e-33
25469,1.24239e-33
25470,1.23841e-33
25471,1.2348e-33
25472,1.23137e-33
25473,1.22737e-33
25474,1.22348e-33
25475,1.22001e-33
25476,1.21657e-33
25477,1.21292e-33
25478,1.20918e-33
25479,1.20536e-33
25480,1.20184e-33
25481,1.19864e-33
25482,1.19476e-33
25483,1.19127e-33
25484,1.18766e-33
25485,1.18388e-33
25486,1.17986e-33
25487,1.17591e-33
25488,1.17236e-33
25489,1.16847e-33
25490,1.16488e-33
25491,1.1614e-33
25492,1.15829e-33
25493,1.15507e-33
25494,1.15155e-33
25495,1.14834e-33
25496,1.1452e-33
25497,1.14198e-33
25498,1.13857e-33
25499,1.13516e-33
25500,1.13191e-33
25501,1.12862e-33
25502,1.12495e-33
25503,1.12154e-33
25504,1.11833e-33
25505,1.11495e-33
25506,1.11139e-33
25507,1.10796e-33
25508,1.10497e-33
25509,1.10176e-33
25510,1.09865e-33
25511,1.0954e-33
25512,1.09217e-33
25513,1.08913e-33
25514,1.08565e-33
25515,1.08278e-33
25516,1.07927e-33
25517,1.07572e-33
25518,1.07214e-33
25519,1.06894e-33
25520,1.06553e-33
25521,1.06237e-33
25522,1.05888e-33
25523,1.0554e-33
25524,1.05207e-33
25525,1.04889e-33
25526,1.04609e-33
25527,1.04279e-33
25528,1.03943e-33
25529,1.03625e-33
25530,1.03327e-33
25531,1.03049e-33
25532,1.02714e-33
25533,1.02427e-33
25534,1.02117e-33
25535,1.01828e-33
25536,1.01508e-33
25537,1.01212e-33
25538,1.00886e-33
25539,1.00555e-33
25540,1.00228e-33
25541,9.99551e-34
25542,9.96713e-34
25543,9.93942e-34
25544,9.91106e-34
25545,9.88395e-34
25546,9.85645e-34
25547,9.82862e-34
25548,9.7962e-34
25549,9.76957e-34
25550,9.73931e-34
25551,9.70819e-34
25552,9.67858e-34
25553,9.64876e-34
25554,9.61918e-34
25555,9.5924e-34
25556,9.56636e-34
25557,9.53728e-34
25558,9.51204e-34
25559,9.48159e-34
25560,9.45536e-34
25561,9.42833e-34
25562,9.39721e-34
25563,9.37154e-34
25564,9.34358e-34
25565,9.31523e-34
25566,9.28806e-34
25567,9.26179e-34
25568,9.23157e-34
25569,9.20561e-34
25570,9.18065e-34
25571,9.15231e-34
25572,9.12588e-34
25573,9.09916e-34
25574,9.0694e-34
25575,9.04076e-34
25576,9.01306e-34
25577,8.98848e-34
25578,8.95924e-34
25579,8.93184e-34
25580,8.90681e-34
25581,8.87944e-34
25582,8.85412e-34
25583,8.82614e-34
25584,8.80116e-34
25585,8.77275e-34
25586,8.74307e-34
25587,8.71738e-34
25588,8.69138e-34
25589,8.66239e-34
25590,8.63776e-34
25591,8.61109e-34
25592,8.58641e-34
25593,8.56243e-34
25594,8.53539e-34
25595,8.50746e-34
25596,8.47981e-34
25597,8.45638e-34
25598,8.43345e-34
25599,8.40736e-34
25600,8.38278e-34
25601,8.35937e-34
25602,8.33511e-34
25603,8.30894e-34
25604,8.28301e-34
25605,8.25933e-34
25606,8.23536e-34
25607,8.21247e-34
25608,8.18852e-34
25609,8.16505e-34
25610,8.13933e-34
25611,8.11391e-34
25612,8.08658e-34
25613,8.06502e-34
25614,8.04166e-34
25615,8.01916e-34
25616,7.99313e-34
25617,7.96975e-34
25618,7.94538e-34
25619,7.92211e-34
25620,7.8993e-34
25621,7.87379e-34
25622,7.85268e-34
25623,7.82866e-34
25624,7.80754e-34
25625,7.78273e-34
25626,7.75929e-34
25627,7.73398e-34
25628,7.70756e-34
25629,7.68343e-34
25630,7.65988e-34
25631,7.63754e-34
25632,7.613e-34
25633,7.58727e-34
25634,7.56663e-34
25635,7.54438e-34
25636,7.5231e-34
25637,7.50078e-34
25638,7.47742e-34
25639,7.45392e-34
25640,7.42968e-34
25641,7.40768e-34
25642,7.38647e-34
25643,7.36297e-34
25644,7.34102e-34
25645,7.31786e-34
25646,7.29844e-34
25647,7.27753e-34
25648,7.25787e-34
25649,7.23581e-34
25650,7.21275e-34
25651,7.1913e-34
25652,7.16989e-34
25653,7.14683e-34
25654,7.12747e-34
25655,7.10608e-34
25656,7.08403e-34
25657,7.06227e-34
25658,7.04144e-34
25659,7.01967e-34
25660,7.0002e-34
25661,6.97711e-34
25662,6.95859e-34
25663,6.94021e-34
25664,6.9177e-34
25665,6.89879e-34
25666,6.87846e-34
25667,6.85928e-34
25668,6.83839e-34
25669,6.81965e-34
25670,6.79768e-34
25671,6.7775e-34
25672,6.75695e-34
25673,6.7381e-34
25674,6.71935e-34
25675,6.70161e-34
25676,6.67997e-34
25677,6.66112e-34
25678,6.64192e-34
25679,6.62428e-34
25680,6.60319e-34
25681,6.58519e-34
25682,6.56581e-34
25683,6.54694e-34
25684,6.5255e-34
25685,6.50542e-34
25686,6.48397e-34
25687,6.46394e-34
25688,6.44621e-34
25689,6.42786e-34
25690,6.40997e-34
25691,6.39168e-34
25692,6.37346e-34
25693,6.35562e-34
25694,6.33745e-34
25695,6.31958e-34
25696,6.30138e-34
25697,6.28127e-34
25698,6.2624e-34
25699,6.24151e-34
25700,6.22033e-34
25701,6.20207e-34
25702,6.18398e-34
25703,6.16551e-34
25704,6.14672e-34
25705,6.12774e-34
25706,6.1093e-34
25707,6.09095e-34
25708,6.07114e-34
25709,6.05104e-34
25710,6.03251e-34
25711,6.01345e-34
25712,5.99313e-34
25713,5.97247e-34
25714,5.95648e-34
25715,5.93732e-34
25716,5.91911e-34
25717,5.8994e-34
25718,5.8816e-34
25719,5.86312e-34
25720,5.84651e-34
25721,5.82836e-34
25722,5.8129e-34
25723,5.79546e-34
25724,5.77633e-34
25725,5.75948e-34
25726,5.74093e-34
25727,5.72454e-34
25728,5.70884e-34
25729,5.69261e-34
25730,5.67663e-34
25731,5.66128e-34
25732,5.64387e-34
25733,5.62628e-34
25734,5.60895e-34
25735,5.59311e-34
25736,5.57736e-34
25737,5.5623e-34
25738,5.5449e-34
25739,5.52979e-34
25740,5.51175e-34
25741,5.49595e-34
25742,5.47833e-34
25743,5.45995e-34
25744,5.44427e-34
25745,5.42663e-34
25746,5.4088e-34
25747,5.39092e-34
25748,5.37322e-34
25749,5.35774e-34
25750,5.34159e-34
25751,5.32722e-34
25752,5.30976e-34
25753,5.29338e-34
25754,5.27691e-34
25755,5.25938e-34
25756,5.24166e-34
25757,5.22582e-34
25758,5.2113e-34
25759,5.1973e-34
25760,5.18096e-34
25761,5.16556e-34
25762,5.15131e-34
25763,5.13615e-34
25764,5.12227e-34
25765,5.10622e-34
25766,5.09003e-34
25767,5.07523e-34
25768,5.05881e-34
25769,5.04363e-34
25770,5.02861e-34
25771,5.01244e-34
25772,4.99628e-34
25773,4.98194e-34
25774,4.96626e-34
25775,4.95297e-34
25776,4.93936e-34
25777,4.92446e-34
25778,4.90827e-34
25779,4.89151e-34
25780,4.87507e-34
25781,4.86046e-34
25782,4.84744e-34
25783,4.83193e-34
25784,4.81915e-34
25785,4.8043e-34
25786,4.78883e-34
25787,4.77275e-34
25788,4.7595e-34
25789,4.74383e-34
25790,4.73131e-34
25791,4.71597e-34
25792,4.70196e-34
25793,4.68898e-34
25794,4.67532e-34
25795,4.66129e-34
25796,4.64586e-34
25797,4.63314e-34
25798,4.61826e-34
25799,4.60326e-34
25800,4.58899e-34
25801,4.57571e-34
25802,4.56173e-34
25803,4.54852e-34
25804,4.53449e-34
25805,4.52138e-34
25806,4.50819e-34
25807,4.49373e-34
25808,4.47871e-34
25809,4.46581e-34
25810,4.45157e-34
25811,4.43712e-34
25812,4.42283e-34
25813,4.40824e-34
25814,4.39428e-34
25815,4.38016e-34
25816,4.36674e-34
25817,4.35375e-34
25818,4.34013e-34
25819,4.32633e-34
25820,4.31346e-34
25821,4.29996e-34
25822,4.28643e-34
25823,4.27232e-34
25824,4.25814e-34
25825,4.24659e-34
25826,4.23432e-34
25827,4.22082e-34
25828,4.20898e-34
25829,4.19714e-34
25830,4.18441e-34
25831,4.1709e-34
25832,4.15795e-34
25833,4.1464e-34
25834,4.13501e-34
25835,4.12344e-34
25836,4.1111e-34
25837,4.09857e-34
25838,4.0876e-34
25839,4.07565e-34
25840,4.06241e-34
25841,4.049e-34
25842,4.03755e-34
25843,4.02521e-34
25844,4.01251e-34
25845,3.99917e-34
25846,3.98741e-34
25847,3.97618e-34
25848,3.96471e-34
25849,3.95407e-34
25850,3.94116e-34
25851,3.92828e-34
25852,3.91559e-34
25853,3.90328e-34
25854,3.89101e-34
25855,3.87893e-34
25856,3.86655e-34
25857,3.85618e-34
25858,3.84499e-34
25859,3.83227e-34
25860,3.8212e-34
25861,3.80848e-34
25862,3.79608e-34
25863,3.78334e-34
25864,3.7728e-34
25865,3.76048e-34
25866,3.75009e-34
25867,3.73843e-34
25868,3.72715e-34
25869,3.71674e-34
25870,3.70656e-34
25871,3.69585e-34
25872,3.68593e-34
25873,3.67529e-34
25874,3.66559e-34
25875,3.65414e-34
25876,3.64369e-34
25877,3.63314e-34
25878,3.62349e-34
25879,3.61242e-34
25880,3.60172e-34
25881,3.58966e-34
25882,3.57886e-34
25883,3.56891e-34
25884,3.55794e-34
25885,3.54821e-34
25886,3.53696e-34
25887,3.52657e-34
25888,3.51679e-34
25889,3.50699e-34
25890,3.49691e-34
25891,3.48646e-34
25892,3.47671e-34
25893,3.46724e-34
25894,3.45714e-34
25895,3.44704e-34
25896,3.43779e-34
25897,3.42743e-34
25898,3.41811e-34
25899,3.40781e-34
25900,3.39685e-34
25901,3.38721e-34
25902,3.37607e-34
25903,3.36486e-34
25904,3.35425e-34
25905,3.34298e-34
25906,3.33244e-34
25907,3.32129e-34
25908,3.31164e-34
25909,3.30138e-34
25910,3.29121e-34
25911,3.28064e-34
25912,3.27033e-34
25913,3.26156e-34
25914,3.25092e-34
25915,3.24156e-34
25916,3.2326e-34
25917,3.22238e-34
25918,3.21217e-34
25919,3.20278e-34
25920,3.19431e-34
25921,3.18578e-34
25922,3.17558e-34
25923,3.16663e-34
25924,3.1579e-34
25925,3.14893e-34
25926,3.13926e-34
25927,3.13042e-34
25928,3.12028e-34
25929,3.11024e-34
25930,3.10007e-34
25931,3.09022e-34
25932,3.08206e-34
25933,3.07242e-34
25934,3.06304e-34
25935,3.05351e-34
25936,3.04379e-34
25937,3.03533e-34
25938,3.02613e-34
25939,3.01802e-34
25940,3.00841e-34
25941,3.00006e-34
25942,2.99048e-34
25943,2.98144e-34
25944,2.97306e-34
25945,2.96361e-34
25946,2.95395e-34
25947,2.94519e-34
25948,2.93619e-34
25949,2.92734e-34
25950,2.91794e-34
25951,2.9089e-34
25952,2.9e-34
25953,2.89092e-34
25954,2.88149e-34
25955,2.87221e-34
25956,2.86247e-34
25957,2.85385e-34
25958,2.84428e-34
25959,2.8348e-34
25960,2.82686e-34
25961,2.81787e-34
25962,2.80925e-34
25963,2.80141e-34
25964,2.79294e-34
25965,2.78537e-34
25966,2.77647e-34
25967,2.7685e-34
25968,2.76064e-34
25969,2.75253e-34
25970,2.74456e-34
25971,2.73706e-34
25972,2.72872e-34
25973,2.72114e-34
25974,2.7128e-34
25975,2.70393e-34
25976,2.69469e-34
25977,2.68658e-34
25978,2.67896e-34
25979,2.67082e-34
25980,2.6619e-34
25981,2.65473e-34
25982,2.64742e-34
25983,2.63951e-34
25984,2.63115e-34
25985,2.62419e-34
25986,2.61681e-34
25987,2.60865e-34
25988,2.60086e-34
25989,2.5935e-34
25990,2.58565e-34
25991,2.57757e-34
25992,2.57063e-34
25993,2.56365e-34
25994,2.55542e-34
25995,2.5474e-34
25996,2.54025e-34
25997,2.5323e-34
25998,2.52381e-34
25999,2.51611e-34
26000,2.50916e-34
26001,2.50202e-34
26002,2.49431e-34
26003,2.48626e-34
26004,2.47874e-34
26005,2.47168e-34
26006,2.46406e-34
26007,2.45665e-34
26008,2.44886e-34
26009,2.44067e-34
26010,2.43407e-34
26011,2.42654e-34
26012,2.41835e-34
26013,2.41146e-34
26014,2.40471e-34
26015,2.39718e-34
26016,2.39038e-34
26017,2.38325e-34
26018,2.3762e-34
26019,2.3687e-34
26020,2.36107e-34
26021,2.3548e-34
26022,2.34799e-34
26023,2.34043e-34
26024,2.33399e-34
26025,2.32741e-34
26026,2.32051e-34
26027,2.31377e-34
26028,2.30766e-34
26029,2.30094e-34
26030,2.29345e-34
26031,2.28708e-34
26032,2.27991e-34
26033,2.27299e-34
26034,2.26538e-34
26035,2.25896e-34
26036,2.25175e-34
26037,2.24473e-34
26038,2.23756e-34
26039,2.2307e-34
26040,2.22392e-34
26041,2.21671e-34
26042,2.21042e-34
26043,2.20377e-34
26044,2.19782e-34
26045,2.19133e-34
26046,2.18512e-34
26047,2.17884e-34
26048,2.17159e-34
26049,2.16461e-34
26050,2.15877e-34
26051,2.15201e-34
26052,2.14512e-34
26053,2.13868e-34
26054,2.13212e-34
26055,2.12509e-34
26056,2.11822e-34
26057,2.1125e-34
26058,2.10657e-34
26059,2.09994e-34
26060,2.09359e-34
26061,2.08784e-34
26062,2.08106e-34
26063,2.07515e-34
26064,2.06872e-34
26065,2.06188e-34
26066,2.05562e-34
26067,2.04946e-34
26068,2.04328e-34
26069,2.03753e-34
26070,2.03209e-34
26071,2.02664e-34
26072,2.0212e-34
26073,2.01548e-34
26074,2.00932e-34
26075,2.0038e-34
26076,1.99747e-34
26077,1.99085e-34
26078,1.98481e-34
26079,1.97844e-34
26080,1.97228e-34
26081,1.96624e-34
26082,1.96026e-34
26083,1.95457e-34
26084,1.94936e-34
26085,1.94403e-34
26086,1.93857e-34
26087,1.93243e-34
26088,1.927e-34
26089,1.92123e-34
26090,1.91542e-34
26091,1.90934e-34
26092,1.90333e-34
26093,1.89764e-34
26094,1.89128e-34
26095,1.88577e-34
26096,1.88031e-34
26097,1.87471e-34
26098,1.86865e-34
26099,1.86243e-34
26100,1.85642e-34
26101,1.85026e-34
26102,1.84396e-34
26103,1.83789e-34
26104,1.83278e-34
26105,1.82724e-34
26106,1.82116e-34
26107,1.81495e-34
26108,1.80946e-34
26109,1.80411e-34
26110,1.79838e-34
26111,1.79352e-34
26112,1.78878e-34
26113,1.78372e-34
26114,1.77847e-34
26115,1.77372e-34
26116,1.76853e-34
26117,1.76299e-34
26118,1.75723e-34
26119,1.75167e-34
26120,1.74674e-34
26121,1.74169e-34
26122,1.73661e-34
26123,1.73093e-34
26124,1.72522e-34
26125,1.72013e-34
26126,1.71529e-34
26127,1.71053e-34
26128,1.70501e-34
26129,1.70041e-34
26130,1.69582e-34
26131,1.69066e-34
26132,1.68502e-34
26133,1.68051e-34
26134,1.67562e-34
26135,1.67104e-34
26136,1.66595e-34
26137,1.66109e-34
26138,1.65659e-34
26139,1.65213e-34
26140,1.64689e-34
26141,1.64148e-34
26142,1.63692e-34
26143,1.6317e-34
26144,1.62721e-34
26145,1.62224e-34
26146,1.61692e-34
26147,1.6119e-34
26148,1.60725e-34
26149,1.60222e-34
26150,1.59767e-34
26151,1.59285e-34
26152,1.58855e-34
26153,1.58367e-34
26154,1.57895e-34
26155,1.57375e-34
26156,1.56952e-34
26157,1.56466e-34
26158,1.56039e-34
26159,1.5553e-34
26160,1.55025e-34
26161,1.5459e-34
26162,1.54122e-34
26163,1.53633e-34
26164,1.53198e-34
26165,1.52793e-34
26166,1.52306e-34
26167,1.51801e-34
26168,1.51354e-34
26169,1.50852e-34
26170,1.50337e-34
26171,1.49916e-34
26172,1.49438e-34
26173,1.49027e-34
26174,1.48631e-34
26175,1.48147e-34
26176,1.47668e-34
26177,1.47173e-34
26178,1.46719e-34
26179,1.46322e-34
26180,1.45876e-34
26181,1.45404e-34
26182,1.44947e-34
26183,1.44487e-34
26184,1.44052e-34
26185,1.43661e-34
26186,1.43222e-34
26187,1.42787e-34
26188,1.42325e-34
26189,1.41866e-34
26190,1.41438e-34
26191,1.41003e-34
26192,1.4053e-34
26193,1.40152e-34
26194,1.39751e-34
26195,1.39361e-34
26196,1.38986e-34
26197,1.38601e-34
26198,1.38227e-34
26199,1.3782e-34
26200,1.3744e-34
26201,1.37072e-34
26202,1.36651e-34
26203,1.36192e-34
26204,1.3581e-34
26205,1.35387e-34
26206,1.34934e-34
26207,1.34474e-34
26208,1.34051e-34
26209,1.33646e-34
26210,1.33288e-34
26211,1.32916e-34
26212,1.32536e-34
26213,1.32122e-34
26214,1.31679e-34
26215,1.31247e-34
26216,1.30815e-34
26217,1.3041e-34
26218,1.30032e-34
26219,1.29631e-34
26220,1.29256e-34
26221,1.2884e-34
26222,1.28476e-34
26223,1.28111e-34
26224,1.27693e-34
26225,1.27298e-34
26226,1.26913e-34
26227,1.26487e-34
26228,1.26073e-34
26229,1.25679e-34
26230,1.25305e-34
26231,1.2489e-34
26232,1.24492e-34
26233,1.24152e-34
26234,1.23749e-34
26235,1.23337e-34
26236,1.2293e-34
26237,1.22521e-34
26238,1.22113e-34
26239,1.21749e-34
26240,1.21394e-34
26241,1.20996e-34
26242,1.20613e-34
26243,1.2023e-34
26244,1.19856e-34
26245,1.19484e-34
26246,1.19123e-34
26247,1.18771e-34
26248,1.1844e-34
26249,1.18059e-34
26250,1.1774e-34
26251,1.17388e-34
26252,1.17019e-34
26253,1.16682e-34
26254,1.16305e-34
26255,1.15944e-34
26256,1.1556e-34
26257,1.15221e-34
26258,1.14868e-34
26259,1.14507e-34
26260,1.1412e-34
26261,1.13815e-34
26262,1.13468e-34
26263,1.13112e-34
26264,1.128e-34
26265,1.1246e-34
26266,1.12117e-34
26267,1.11741e-34
26268,1.11407e-34
26269,1.11078e-34
26270,1.10753e-34
26271,1.10397e-34
26272,1.10076e-34
26273,1.0978e-34
26274,1.09452e-34
26275,1.09088e-34
26276,1.08739e-34
26277,1.08449e-34
26278,1.08134e-34
26279,1.0778e-34
26280,1.0742e-34
26281,1.07094e-34
26282,1.06776e-34
26283,1.06449e-34
26284,1.06104e-34
26285,1.05799e-34
26286,1.05506e-34
26287,1.05176e-34
26288,1.04846e-34
26289,1.04507e-34
26290,1.04197e-34
26291,1.03874e-34
26292,1.03535e-34
26293,1.03258e-34
26294,1.02963e-34
26295,1.02621e-34
26296,1.023e-34
26297,1.0196e-34
26298,1.01613e-34
26299,1.0134e-34
26300,1.0105e-34
26301,1.00758e-34
26302,1.0043e-34
26303,1.00112e-34
26304,9.9814e-35
26305,9.95207e-35
26306,9.92127e-35
26307,9.89404e-35
26308,9.86492e-35
26309,9.8385e-35
26310,9.81222e-35
26311,9.78408e-35
26312,9.75455e-35
26313,9.72526e-35
26314,9.69296e-35
26315,9.66449e-35
26316,9.63352e-35
26317,9.60704e-35
26318,9.58103e-35
26319,9.55281e-35
26320,9.52132e-35
26321,9.49228e-35
26322,9.4663e-35
26323,9.4366e-35
26324,9.40763e-35
26325,9.37954e-35
26326,9.34976e-35
26327,9.32374e-35
26328,9.29676e-35
26329,9.26765e-35
26330,9.24146e-35
26331,9.21257e-35
26332,9.18774e-35
26333,9.16267e-35
26334,9.1361e-35
26335,9.1087e-35
26336,9.081e-35
26337,9.05673e-35
26338,9.02901e-35
26339,9.00505e-35
26340,8.9807e-35
26341,8.95287e-35
26342,8.92674e-35
26343,8.8991e-35
26344,8.87422e-35
26345,8.84887e-35
26346,8.82535e-35
26347,8.80199e-35
26348,8.77616e-35
26349,8.75218e-35
26350,8.7263e-35
26351,8.70082e-35
26352,8.67389e-35
26353,8.64702e-35
26354,8.62319e-35
26355,8.59916e-35
26356,8.57595e-35
26357,8.5483e-35
26358,8.52302e-35
26359,8.49767e-35
26360,8.47153e-35
26361,8.44504e-35
26362,8.42154e-35
26363,8.39546e-35
26364,8.36832e-35
26365,8.34239e-35
26366,8.31911e-35
26367,8.29517e-35
26368,8.26963e-35
26369,8.24253e-35
26370,8.21834e-35
26371,8.19238e-35
26372,8.1672e-35
26373,8.14112e-35
26374,8.11719e-35
26375,8.09128e-35
26376,8.06946e-35
26377,8.04597e-35
26378,8.02026e-35
26379,7.99576e-35
26380,7.97143e-35
26381,7.94875e-35
26382,7.92268e-35
26383,7.90051e-35
26384,7.87488e-35
26385,7.85352e-35
26386,7.83062e-35
26387,7.80452e-35
26388,7.7777e-35
26389,7.7518e-35
26390,7.72846e-35
26391,7.70466e-35
26392,7.68149e-35
26393,7.65758e-35
26394,7.63568e-35
26395,7.61397e-35
26396,7.59259e-35
26397,7.56999e-35
26398,7.54647e-35
26399,7.52158e-35
26400,7.49956e-35
26401,7.47961e-35
26402,7.45689e-35
26403,7.43213e-35
26404,7.40787e-35
26405,7.38822e-35
26406,7.36534e-35
26407,7.3412e-35
26408,7.31931e-35
26409,7.29728e-35
26410,7.27591e-35
26411,7.25166e-35
26412,7.22788e-35
26413,7.20688e-35
26414,7.1869e-35
26415,7.16458e-35
26416,7.14336e-35
26417,7.12137e-35
26418,7.09893e-35
26419,7.07789e-35
26420,7.05692e-35
26421,7.0375e-35
26422,7.01874e-35
26423,6.99594e-35
26424,6.97303e-35
26425,6.95279e-35
26426,6.93321e-35
26427,6.91462e-35
26428,6.89266e-35
26429,6.8697e-35
26430,6.84637e-35
26431,6.82718e-35
26432,6.80485e-35
26433,6.78384e-35
26434,6.76524e-35
26435,6.74417e-35
26436,6.72342e-35
26437,6.70141e-35
26438,6.68066e-35
26439,6.66291e-35
26440,6.64373e-35
26441,6.62168e-35
26442,6.60414e-35
26443,6.58598e-35
26444,6.56719e-35
26445,6.54894e-35
26446,6.52784e-35
26447,6.50678e-35
26448,6.48547e-35
26449,6.46545e-35
26450,6.44749e-35
26451,6.42928e-35
26452,6.40915e-35
26453,6.39113e-35
26454,6.37326e-35
26455,6.35412e-35
26456,6.33477e-35
26457,6.3158e-35
26458,6.29639e-35
26459,6.27791e-35
26460,6.2596e-35
26461,6.24066e-35
26462,6.22146e-35
26463,6.20351e-35
26464,6.18661e-35
26465,6.16728e-35
26466,6.15074e-35
26467,6.1317e-35
26468,6.11279e-35
26469,6.09376e-35
26470,6.07433e-35
26471,6.05377e-35
26472,6.03471e-35
26473,6.01538e-35
26474,5.99881e-35
26475,5.97921e-35
26476,5.95897e-35
26477,5.94312e-35
26478,5.92474e-35
26479,5.90571e-35
26480,5.88741e-35
26481,5.86794e-35
26482,5.85222e-35
26483,5.83555e-35
26484,5.81965e-35
26485,5.80321e-35
26486,5.78449e-35
26487,5.76612e-35
26488,5.74752e-35
26489,5.73025e-35
26490,5.71473e-35
26491,5.69905e-35
26492,5.68391e-35
26493,5.66638e-35
26494,5.64935e-35
26495,5.63383e-35
26496,5.61732e-35
26497,5.60031e-35
26498,5.58203e-35
26499,5.56712e-35
26500,5.55174e-35
26501,5.53489e-35
26502,5.52022e-35
26503,5.50277e-35
26504,5.48681e-35
26505,5.47169e-35
26506,5.45446e-35
26507,5.43884e-35
26508,5.42377e-35
26509,5.40772e-35
26510,5.39317e-35
26511,5.37619e-35
26512,5.36047e-35
26513,5.34586e-35
26514,5.33135e-35
26515,5.31552e-35
26516,5.29995e-35
26517,5.28231e-35
26518,5.26752e-35
26519,5.253e-35
26520,5.23755e-35
26521,5.22264e-35
26522,5.20765e-35
26523,5.19217e-35
26524,5.17478e-35
26525,5.15766e-35
26526,5.14145e-35
26527,5.12619e-35
26528,5.11124e-35
26529,5.09598e-35
26530,5.08079e-35
26531,5.06526e-35
26532,5.05155e-35
26533,5.03659e-35
26534,5.02186e-35
26535,5.00706e-35
26536,4.9915e-35
26537,4.97768e-35
26538,4.9621e-35
26539,4.94582e-35
26540,4.93022e-35
26541,4.91418e-35
26542,4.89873e-35
26543,4.88568e-35
26544,4.86987e-35
26545,4.85414e-35
26546,4.83929e-35
26547,4.82531e-35
26548,4.81008e-35
26549,4.79469e-35
26550,4.78013e-35
26551,4.76681e-35
26552,4.75411e-35
26553,4.73896e-35
26554,4.72397e-35
26555,4.71138e-35
26556,4.69686e-35
26557,4.68336e-35
26558,4.66947e-35
26559,4.65689e-35
26560,4.64214e-35
26561,4.62653e-35
26562,4.61185e-35
26563,4.59648e-35
26564,4.5827e-35
26565,4.5704e-35
26566,4.5573e-35
26567,4.54493e-35
26568,4.53224e-35
26569,4.51999e-35
26570,4.50523e-35
26571,4.4902e-35
26572,4.47509e-35
26573,4.46106e-35
26574,4.44619e-35
26575,4.43146e-35
26576,4.41844e-35
26577,4.40533e-35
26578,4.39312e-35
26579,4.38118e-35
26580,4.36902e-35
26581,4.35545e-35
26582,4.3429e-35
26583,4.3307e-35
26584,4.31764e-35
26585,4.30621e-35
26586,4.29407e-35
26587,4.28202e-35
26588,4.26976e-35
26589,4.25627e-35
26590,4.24398e-35
26591,4.23234e-35
26592,4.21919e-35
26593,4.20495e-35
26594,4.19364e-35
26595,4.18213e-35
26596,4.17096e-35
26597,4.15884e-35
26598,4.14707e-35
26599,4.13532e-35
26600,4.12297e-35
26601,4.11138e-35
26602,4.10004e-35
26603,4.08808e-35
26604,4.07484e-35
26605,4.06377e-35
26606,4.05235e-35
26607,4.04102e-35
26608,4.02882e-35
26609,4.01688e-35
26610,4.00527e-35
26611,3.99254e-35
26612,3.98155e-35
26613,3.96925e-35
26614,3.9587e-35
26615,3.94646e-35
26616,3.93403e-35
26617,3.92272e-35
26618,3.90978e-35
26619,3.89938e-35
26620,3.88892e-35
26621,3.87794e-35
26622,3.86725e-35
26623,3.85504e-35
26624,3.84406e-35
26625,3.8333e-35
26626,3.82074e-35
26627,3.80968e-35
26628,3.7979e-35
26629,3.78725e-35
26630,3.7757e-35
26631,3.76527e-35
26632,3.75418e-35
26633,3.74218e-35
26634,3.73062e-35
26635,3.71988e-35
26636,3.70777e-35
26637,3.69553e-35
26638,3.68415e-35
26639,3.67317e-35
26640,3.6627e-35
26641,3.65075e-35
26642,3.64043e-35
26643,3.62972e-35
26644,3.61862e-35
26645,3.60837e-35
26646,3.59846e-35
26647,3.58828e-35
26648,3.57741e-35
26649,3.56766e-35
26650,3.55753e-35
26651,3.54657e-35
26652,3.53615e-35
26653,3.52561e-35
26654,3.51521e-35
26655,3.50424e-35
26656,3.4931e-35
26657,3.48286e-35
26658,3.47366e-35
26659,3.46366e-35
26660,3.45307e-35
26661,3.44239e-35
26662,3.43191e-35
26663,3.42268e-35
26664,3.41274e-35
26665,3.40341e-35
26666,3.39356e-35
26667,3.38389e-35
26668,3.37268e-35
26669,3.36124e-35
26670,3.35027e-35
26671,3.34069e-35
26672,3.32989e-35
26673,3.3211e-35
26674,3.31079e-35
26675,3.30093e-35
26676,3.29158e-35
26677,3.28089e-35
26678,3.27034e-35
26679,3.25957e-35
26680,3.25093e-35
26681,3.24224e-35
26682,3.23265e-35
26683,3.22316e-35
26684,3.21343e-35
26685,3.20278e-35
26686,3.19408e-35
26687,3.1851e-35
26688,3.17602e-35
26689,3.16741e-35
26690,3.15772e-35
26691,3.14726e-35
26692,3.13713e-35
26693,3.12838e-35
26694,3.11806e-35
26695,3.10949e-35
26696,3.10061e-35
26697,3.09162e-35
26698,3.0825e-35
26699,3.07368e-35
26700,3.06487e-35
26701,3.05634e-35
26702,3.04704e-35
26703,3.03858e-35
26704,3.03012e-35
26705,3.02144e-35
26706,3.01212e-35
26707,3.00309e-35
26708,2.99466e-35
26709,2.98596e-35
26710,2.97738e-35
26711,2.96902e-35
26712,2.96029e-35
26713,2.95073e-35
26714,2.94142e-35
26715,2.93146e-35
26716,2.92189e-35
26717,2.91242e-35
26718,2.90416e-35
26719,2.89633e-35
26720,2.88705e-35
26721,2.87743e-35
26722,2.86983e-35
26723,2.86116e-35
26724,2.85341e-35
26725,2.84404e-35
26726,2.83486e-35
26727,2.82644e-35
26728,2.81824e-35
26729,2.81042e-35
26730,2.80161e-35
26731,2.79274e-35
26732,2.78451e-35
26733,2.77647e-35
26734,2.76742e-35
26735,2.75877e-35
26736,2.75006e-35
26737,2.74167e-35
26738,2.73421e-35
26739,2.72534e-35
26740,2.71616e-35
26741,2.708e-35
26742,2.70051e-35
26743,2.6927e-35
26744,2.68505e-35
26745,2.67642e-35
26746,2.66859e-35
26747,2.66143e-35
26748,2.65336e-35
26749,2.64514e-35
26750,2.63788e-35
26751,2.63007e-35
26752,2.62213e-35
26753,2.61493e-35
26754,2.60786e-35
26755,2.59992e-35
26756,2.59279e-35
26757,2.5845e-35
26758,2.57757e-35
26759,2.56991e-35
26760,2.56305e-35
26761,2.55497e-35
26762,2.5478e-35
26763,2.54031e-35
26764,2.53332e-35
26765,2.52645e-35
26766,2.51966e-35
26767,2.51163e-35
26768,2.50373e-35
26769,2.49677e-35
26770,2.48889e-35
26771,2.48119e-35
26772,2.47346e-35
26773,2.46517e-35
26774,2.45671e-35
26775,2.44833e-35
26776,2.44028e-35
26777,2.43313e-35
26778,2.42502e-35
26779,2.41782e-35
26780,2.40972e-35
26781,2.40309e-35
26782,2.39532e-35
26783,2.38801e-35
26784,2.3812e-35
26785,2.37491e-35
26786,2.3684e-35
26787,2.36148e-35
26788,2.35383e-35
26789,2.34722e-35
26790,2.33953e-35
26791,2.3317e-35
26792,2.32549e-35
26793,2.31911e-35
26794,2.31245e-35
26795,2.30605e-35
26796,2.29954e-35
26797,2.2928e-35
26798,2.28669e-35
26799,2.27927e-35
26800,2.27216e-35
26801,2.26478e-35
26802,2.25783e-35
26803,2.25144e-35
26804,2.24432e-35
26805,2.23748e-35
26806,2.23125e-35
26807,2.22452e-35
26808,2.21719e-35
26809,2.211e-35
26810,2.20371e-35
26811,2.19632e-35
26812,2.18994e-35
26813,2.1828e-35
26814,2.1763e-35
26815,2.16959e-35
26816,2.16242e-35
26817,2.15569e-35
26818,2.14991e-35
26819,2.14319e-35
26820,2.13622e-35
26821,2.13057e-35
26822,2.12406e-35
26823,2.11713e-35
26824,2.11126e-35
26825,2.10567e-35
26826,2.10006e-35
26827,2.09391e-35
26828,2.08773e-35
26829,2.0821e-35
26830,2.07606e-35
26831,2.07049e-35
26832,2.06384e-35
26833,2.05687e-35
26834,2.05089e-35
26835,2.04453e-35
26836,2.03837e-35
26837,2.03222e-35
26838,2.0265e-35
26839,2.02061e-35
26840,2.01426e-35
26841,2.00859e-35
26842,2.00288e-35
26843,1.99752e-35
26844,1.99209e-35
26845,1.98587e-35
26846,1.97962e-35
26847,1.97436e-35
26848,1.96872e-35
26849,1.96253e-35
26850,1.95618e-35
26851,1.95078e-35
26852,1.94467e-35
26853,1.93888e-35
26854,1.93375e-35
26855,1.92752e-35
26856,1.92174e-35
26857,1.9166e-35
26858,1.91107e-35
26859,1.90483e-35
26860,1.89961e-35
26861,1.8936e-35
26862,1.88721e-35
26863,1.88219e-35
26864,1.87632e-35
26865,1.87094e-35
26866,1.86511e-35
26867,1.85983e-35
26868,1.85388e-35
26869,1.84764e-35
26870,1.84179e-35
26871,1.83615e-35
26872,1.83107e-35
26873,1.82507e-35
26874,1.81938e-35
26875,1.81417e-35
26876,1.8085e-35
26877,1.80332e-35
26878,1.79816e-35
26879,1.79335e-35
26880,1.78858e-35
26881,1.78373e-35
26882,1.77877e-35
26883,1.77315e-35
26884,1.76771e-35
26885,1.76275e-35
26886,1.75725e-35
26887,1.75258e-35
26888,1.74764e-35
26889,1.74291e-35
26890,1.73725e-35
26891,1.73211e-35
26892,1.72644e-35
26893,1.72064e-35
26894,1.7155e-35
26895,1.71016e-35
26896,1.70537e-35
26897,1.70071e-35
26898,1.69521e-35
26899,1.69067e-35
26900,1.68612e-35
26901,1.68105e-35
26902,1.67588e-35
26903,1.67113e-35
26904,1.66611e-35
26905,1.66146e-35
26906,1.65644e-35
26907,1.65177e-35
26908,1.64684e-35
26909,1.64143e-35
26910,1.63671e-35
26911,1.63177e-35
26912,1.62744e-35
26913,1.62261e-35
26914,1.61793e-35
26915,1.61301e-35
26916,1.60788e-35
26917,1.60356e-35
26918,1.59869e-35
26919,1.59444e-35
26920,1.59007e-35
26921,1.58529e-35
26922,1.58061e-35
26923,1.57636e-35
26924,1.57172e-35
26925,1.5666e-35
26926,1.56158e-35
26927,1.55662e-35
26928,1.5525e-35
26929,1.54777e-35
26930,1.54284e-35
26931,1.53865e-35
26932,1.53437e-35
26933,1.52996e-35
26934,1.52554e-35
26935,1.52071e-35
26936,1.51603e-35
26937,1.51099e-35
26938,1.50698e-35
26939,1.50292e-35
26940,1.49815e-35
26941,1.49382e-35
26942,1.48921e-35
26943,1.48435e-35
26944,1.47944e-35
26945,1.47438e-35
26946,1.46995e-35
26947,1.46545e-35
26948,1.46152e-35
26949,1.45761e-35
26950,1.45319e-35
26951,1.44911e-35
26952,1.44468e-35
26953,1.44082e-35
26954,1.43674e-35
26955,1.43285e-35
26956,1.4282e-35
26957,1.4244e-35
26958,1.41991e-35
26959,1.41516e-35
26960,1.41065e-35
26961,1.40633e-35
26962,1.40258e-35
26963,1.39807e-35
26964,1.3934e-35
26965,1.38926e-35
26966,1.38494e-35
26967,1.38078e-35
26968,1.3768e-35
26969,1.37251e-35
26970,1.36829e-35
26971,1.3645e-35
26972,1.36089e-35
26973,1.3571e-35
26974,1.35349e-35
26975,1.34917e-35
26976,1.34538e-35
26977,1.3414e-35
26978,1.33743e-35
26979,1.33363e-35
26980,1.32962e-35
26981,1.32604e-35
26982,1.3221e-35
26983,1.31846e-35
26984,1.31486e-35
26985,1.3107e-35
26986,1.30696e-35
26987,1.30346e-35
26988,1.29931e-35
26989,1.2958e-35
26990,1.29238e-35
26991,1.28854e-35
26992,1.28455e-35
26993,1.28111e-35
26994,1.27738e-35
26995,1.27352e-35
26996,1.26973e-35
26997,1.26629e-35
26998,1.26291e-35
26999,1.25893e-35
27000,1.25485e-35
27001,1.25092e-35
27002,1.2467e-35
27003,1.24259e-35
27004,1.23846e-35
27005,1.23517e-35
27006,1.23138e-35
27007,1.22805e-35
27008,1.22441e-35
27009,1.22106e-35
27010,1.21754e-35
27011,1.21429e-35
27012,1.21091e-35
27013,1.207e-35
27014,1.20361e-35
27015,1.20015e-35
27016,1.19641e-35
27017,1.1928e-35
27018,1.18929e-35
27019,1.1857e-35
27020,1.18206e-35
27021,1.17857e-35
27022,1.1754e-35
27023,1.17212e-35
27024,1.16865e-35
27025,1.16515e-35
27026,1.16141e-35
27027,1.1575e-35
27028,1.15388e-35
27029,1.1501e-35
27030,1.14638e-35
27031,1.14301e-35
27032,1.1396e-35
27033,1.13598e-35
27034,1.13281e-35
27035,1.12955e-35
27036,1.12597e-35
27037,1.12223e-35
27038,1.11888e-35
27039,1.1157e-35
27040,1.11273e-35
27041,1.10922e-35
27042,1.10601e-35
27043,1.10289e-35
27044,1.09946e-35
27045,1.09611e-35
27046,1.09271e-35
27047,1.08951e-35
27048,1.08659e-35
27049,1.08368e-35
27050,1.08017e-35
27051,1.07677e-35
27052,1.07353e-35
27053,1.0707e-35
27054,1.06727e-35
27055,1.06364e-35
27056,1.0604e-35
27057,1.05706e-35
27058,1.05352e-35
27059,1.05066e-35
27060,1.04751e-35
27061,1.04422e-35
27062,1.04107e-35
27063,1.03829e-35
27064,1.03525e-35
27065,1.032e-35
27066,1.02897e-35
27067,1.02609e-35
27068,1.02296e-35
27069,1.01964e-35
27070,1.01653e-35
27071,1.01337e-35
27072,1.01021e-35
27073,1.00689e-35
27074,1.00351e-35
27075,1.00058e-35
27076,9.97647e-36
27077,9.94628e-36
27078,9.91476e-36
27079,9.8849e-36
27080,9.85443e-36
27081,9.82358e-36
27082,9.79656e-36
27083,9.76996e-36
27084,9.73993e-36
27085,9.71388e-36
27086,9.6876e-36
27087,9.66095e-36
27088,9.63068e-36
27089,9.60492e-36
27090,9.57785e-36
27091,9.55061e-36
27092,9.52051e-36
27093,9.48972e-36
27094,9.46213e-36
27095,9.43576e-36
27096,9.40769e-36
27097,9.3779e-36
27098,9.34991e-36
27099,9.32448e-36
27100,9.29638e-36
27101,9.26523e-36
27102,9.23508e-36
27103,9.2091e-36
27104,9.1795e-36
27105,9.15043e-36
27106,9.12234e-36
27107,9.09637e-36
27108,9.07088e-36
27109,9.04511e-36
27110,9.01645e-36
27111,8.98676e-36
27112,8.95615e-36
27113,8.9257e-36
27114,8.895e-36
27115,8.86678e-36
27116,8.83675e-36
27117,8.81277e-36
27118,8.7848e-36
27119,8.75668e-36
27120,8.7326e-36
27121,8.70893e-36
27122,8.6857e-36
27123,8.65777e-36
27124,8.62891e-36
27125,8.6034e-36
27126,8.57996e-36
27127,8.55504e-36
27128,8.53162e-36
27129,8.50586e-36
27130,8.48017e-36
27131,8.45337e-36
27132,8.42738e-36
27133,8.40331e-36
27134,8.37568e-36
27135,8.35072e-36
27136,8.32281e-36
27137,8.29737e-36
27138,8.27109e-36
27139,8.24783e-36
27140,8.22146e-36
27141,8.1966e-36
27142,8.17442e-36
27143,8.14857e-36
27144,8.12437e-36
27145,8.10247e-36
27146,8.0787e-36
27147,8.05497e-36
27148,8.03271e-36
27149,8.01e-36
27150,7.98796e-36
27151,7.96516e-36
27152,7.94197e-36
27153,7.9198e-36
27154,7.89767e-36
27155,7.87521e-36
27156,7.85111e-36
27157,7.82831e-36
27158,7.80373e-36
27159,7.77864e-36
27160,7.75243e-36
27161,7.73039e-36
27162,7.70741e-36
27163,7.68418e-36
27164,7.66083e-36
27165,7.63814e-36
27166,7.61275e-36
27167,7.58937e-36
27168,7.56392e-36
27169,7.53975e-36
27170,7.51538e-36
27171,7.49086e-36
27172,7.46993e-36
27173,7.44585e-36
27174,7.42265e-36
27175,7.3995e-36
27176,7.37468e-36
27177,7.35475e-36
27178,7.335e-36
27179,7.31499e-36
27180,7.29392e-36
27181,7.27344e-36
27182,7.25194e-36
27183,7.22882e-36
27184,7.20715e-36
27185,7.18445e-36
27186,7.16502e-36
27187,7.14568e-36
27188,7.12647e-36
27189,7.10393e-36
27190,7.08054e-36
27191,7.06168e-36
27192,7.04273e-36
27193,7.02252e-36
27194,7.00127e-36
27195,6.9796e-36
27196,6.95699e-36
27197,6.93574e-36
27198,6.91655e-36
27199,6.8947e-36
27200,6.8753e-36
27201,6.85273e-36
27202,6.83142e-36
27203,6.81118e-36
27204,6.78917e-36
27205,6.7701e-36
27206,6.75187e-36
27207,6.73058e-36
27208,6.71127e-36
27209,6.69283e-36
27210,6.67101e-36
27211,6.64986e-36
27212,6.63024e-36
27213,6.61077e-36
27214,6.59118e-36
27215,6.56965e-36
27216,6.5516e-36
27217,6.53192e-36
27218,6.51006e-36
27219,6.49172e-36
27220,6.47295e-36
27221,6.45205e-36
27222,6.43372e-36
27223,6.41477e-36
27224,6.39687e-36
27225,6.37644e-36
27226,6.35919e-36
27227,6.34229e-36
27228,6.32406e-36
27229,6.30621e-36
27230,6.28606e-36
27231,6.26655e-36
27232,6.24894e-36
27233,6.23066e-36
27234,6.21402e-36
27235,6.19735e-36
27236,6.17841e-36
27237,6.16149e-36
27238,6.14171e-36
27239,6.12095e-36
27240,6.10331e-36
27241,6.08374e-36
27242,6.06465e-36
27243,6.04538e-36
27244,6.02827e-36
27245,6.0119e-36
27246,5.99367e-36
27247,5.97613e-36
27248,5.95753e-36
27249,5.93916e-36
27250,5.92075e-36
27251,5.90488e-36
27252,5.88758e-36
27253,5.86837e-36
27254,5.85052e-36
27255,5.8322e-36
27256,5.81364e-36
27257,5.79559e-36
27258,5.77723e-36
27259,5.76154e-36
27260,5.74303e-36
27261,5.72548e-36
27262,5.70738e-36
27263,5.6918e-36
27264,5.67316e-36
27265,5.65477e-36
27266,5.63899e-36
27267,5.62173e-36
27268,5.60315e-36
27269,5.58804e-36
27270,5.57113e-36
27271,5.55556e-36
27272,5.53754e-36
27273,5.52184e-36
27274,5.50376e-36
27275,5.48854e-36
27276,5.4727e-36
27277,5.45618e-36
27278,5.43956e-36
27279,5.42498e-36
27280,5.41014e-36
27281,5.39519e-36
27282,5.38052e-36
27283,5.36419e-36
27284,5.34969e-36
27285,5.33335e-36
27286,5.31814e-36
27287,5.30113e-36
27288,5.28609e-36
27289,5.27211e-36
27290,5.25511e-36
27291,5.24063e-36
27292,5.22488e-36
27293,5.20865e-36
27294,5.19384e-36
27295,5.17824e-36
27296,5.16301e-36
27297,5.14764e-36
27298,5.13343e-36
27299,5.11874e-36
27300,5.10327e-36
27301,5.08693e-36
27302,5.07133e-36
27303,5.05619e-36
27304,5.04272e-36
27305,5.0278e-36
27306,5.01225e-36
27307,4.99748e-36
27308,4.98408e-36
27309,4.97027e-36
27310,4.95557e-36
27311,4.94173e-36
27312,4.92735e-36
27313,4.91226e-36
27314,4.89629e-36
27315,4.88145e-36
27316,4.86765e-36
27317,4.85437e-36
27318,4.84052e-36
27319,4.82601e-36
27320,4.81277e-36
27321,4.79924e-36
27322,4.78436e-36
27323,4.76922e-36
27324,4.75331e-36
27325,4.73708e-36
27326,4.72361e-36
27327,4.71003e-36
27328,4.69613e-36
27329,4.68232e-36
27330,4.66768e-36
27331,4.65529e-36
27332,4.64239e-36
27333,4.62934e-36
27334,4.61557e-36
27335,4.60256e-36
27336,4.58802e-36
27337,4.57541e-36
27338,4.5613e-36
27339,4.54644e-36
27340,4.53317e-36
27341,4.52068e-36
27342,4.50858e-36
27343,4.49444e-36
27344,4.47994e-36
27345,4.46499e-36
27346,4.45219e-36
27347,4.4403e-36
27348,4.42847e-36
27349,4.41503e-36
27350,4.40151e-36
27351,4.38927e-36
27352,4.37508e-36
27353,4.36261e-36
27354,4.34838e-36
27355,4.33413e-36
27356,4.32184e-36
27357,4.30995e-36
27358,4.29809e-36
27359,4.28473e-36
27360,4.27151e-36
27361,4.25747e-36
27362,4.24376e-36
27363,4.22987e-36
27364,4.21824e-36
27365,4.20643e-36
27366,4.19511e-36
27367,4.18155e-36
27368,4.16923e-36
27369,4.15598e-36
27370,4.14259e-36
27371,4.12921e-36
27372,4.11531e-36
27373,4.10168e-36
27374,4.08908e-36
27375,4.0761e-36
27376,4.06304e-36
27377,4.04969e-36
27378,4.03651e-36
27379,4.02336e-36
27380,4.01127e-36
27381,3.99961e-36
27382,3.98908e-36
27383,3.97763e-36
27384,3.96535e-36
27385,3.95221e-36
27386,3.94117e-36
27387,3.92837e-36
27388,3.91775e-36
27389,3.90646e-36
27390,3.89445e-36
27391,3.88219e-36
27392,3.87118e-36
27393,3.85998e-36
27394,3.84841e-36
27395,3.83712e-36
27396,3.82529e-36
27397,3.81349e-36
27398,3.80248e-36
27399,3.79235e-36
27400,3.78143e-36
27401,3.77117e-36
27402,3.75923e-36
27403,3.74839e-36
27404,3.73604e-36
27405,3.7251e-36
27406,3.71513e-36
27407,3.70365e-36
27408,3.69329e-36
27409,3.68145e-36
27410,3.67032e-36
27411,3.65879e-36
27412,3.64852e-36
27413,3.63766e-36
27414,3.62789e-36
27415,3.61624e-36
27416,3.60552e-36
27417,3.59532e-36
27418,3.58386e-36
27419,3.573e-36
27420,3.56187e-36
27421,3.55128e-36
27422,3.54137e-36
27423,3.52985e-36
27424,3.51824e-36
27425,3.50689e-36
27426,3.49672e-36
27427,3.48635e-36
27428,3.47627e-36
27429,3.46545e-36
27430,3.45496e-36
27431,3.44399e-36
27432,3.4328e-36
27433,3.42283e-36
27434,3.41364e-36
27435,3.40296e-36
27436,3.39215e-36
27437,3.38286e-36
27438,3.37289e-36
27439,3.36175e-36
27440,3.35025e-36
27441,3.33872e-36
27442,3.32813e-36
27443,3.31879e-36
27444,3.30894e-36
27445,3.29852e-36
27446,3.28952e-36
27447,3.27886e-36
27448,3.27022e-36
27449,3.25966e-36
27450,3.24994e-36
27451,3.23984e-36
27452,3.23034e-36
27453,3.2203e-36
27454,3.2104e-36
27455,3.20137e-36
27456,3.19202e-36
27457,3.18152e-36
27458,3.17132e-36
27459,3.16104e-36
27460,3.15117e-36
27461,3.14227e-36
27462,3.13285e-36
27463,3.12361e-36
27464,3.11405e-36
27465,3.10445e-36
27466,3.09579e-36
27467,3.08695e-36
27468,3.07723e-36
27469,3.06753e-36
27470,3.05879e-36
27471,3.04917e-36
27472,3.03959e-36
27473,3.02944e-36
27474,3.01909e-36
27475,3.0107e-36
27476,3.00144e-36
27477,2.99331e-36
27478,2.98521e-36
27479,2.97607e-36
27480,2.96812e-36
27481,2.95923e-36
27482,2.95074e-36
27483,2.94205e-36
27484,2.9338e-36
27485,2.92425e-36
27486,2.91496e-36
27487,2.90579e-36
27488,2.89625e-36
27489,2.88765e-36
27490,2.8791e-36
27491,2.8705e-36
27492,2.86154e-36
27493,2.854e-36
27494,2.8448e-36
27495,2.83667e-36
27496,2.828e-36
27497,2.82024e-36
27498,2.81165e-36
27499,2.80349e-36
27500,2.79447e-36
27501,2.78514e-36
27502,2.77754e-36
27503,2.76927e-36
27504,2.7603e-36
27505,2.75282e-36
27506,2.74431e-36
27507,2.73605e-36
27508,2.72843e-36
27509,2.71976e-36
27510,2.71223e-36
27511,2.70462e-36
27512,2.6968e-36
27513,2.68874e-36
27514,2.68029e-36
27515,2.67196e-36
27516,2.66405e-36
27517,2.65625e-36
27518,2.64869e-36
27519,2.64117e-36
27520,2.6327e-36
27521,2.62422e-36
27522,2.61568e-36
27523,2.60771e-36
27524,2.59938e-36
27525,2.59106e-36
27526,2.58259e-36
27527,2.57501e-36
27528,2.56661e-36
27529,2.55893e-36
27530,2.55081e-36
27531,2.54265e-36
27532,2.53523e-36
27533,2.527e-36
27534,2.51982e-36
27535,2.5128e-36
27536,2.50454e-36
27537,2.49602e-36
27538,2.48795e-36
27539,2.48103e-36
27540,2.47319e-36
27541,2.46495e-36
27542,2.45757e-36
27543,2.45078e-36
27544,2.44362e-36
27545,2.4369e-36
27546,2.42918e-36
27547,2.42116e-36
27548,2.41366e-36
27549,2.4071e-36
27550,2.40048e-36
27551,2.39347e-36
27552,2.38568e-36
27553,2.37757e-36
27554,2.36942e-36
27555,2.36191e-36
27556,2.35438e-36
27557,2.34674e-36
27558,2.34048e-36
27559,2.33338e-36
27560,2.3268e-36
27561,2.31941e-36
27562,2.31265e-36
27563,2.30554e-36
27564,2.29831e-36
27565,2.29114e-36
27566,2.28364e-36
27567,2.27644e-36
27568,2.26937e-36
27569,2.26239e-36
27570,2.255e-36
27571,2.24832e-36
27572,2.24157e-36
27573,2.23517e-36
27574,2.22836e-36
27575,2.22093e-36
27576,2.21423e-36
27577,2.20772e-36
27578,2.20061e-36
27579,2.1947e-36
27580,2.18815e-36
27581,2.18235e-36
27582,2.17591e-36
27583,2.16952e-36
27584,2.16378e-36
27585,2.15743e-36
27586,2.15162e-36
27587,2.14492e-36
27588,2.13882e-36
27589,2.133e-36
27590,2.12685e-36
27591,2.12046e-36
27592,2.11344e-36
27593,2.1066e-36
27594,2.10077e-36
27595,2.09438e-36
27596,2.08824e-36
27597,2.08269e-36
27598,2.07683e-36
27599,2.07131e-36
27600,2.06502e-36
27601,2.05936e-36
27602,2.05332e-36
27603,2.04768e-36
27604,2.04168e-36
27605,2.0362e-36
27606,2.03068e-36
27607,2.0241e-36
27608,2.01799e-36
27609,2.01127e-36
27610,2.00596e-36
27611,2.00063e-36
27612,1.99409e-36
27613,1.98803e-36
27614,1.98211e-36
27615,1.97688e-36
27616,1.97167e-36
27617,1.96579e-36
27618,1.95953e-36
27619,1.95395e-36
27620,1.94787e-36
27621,1.94252e-36
27622,1.93635e-36
27623,1.93032e-36
27624,1.92391e-36
27625,1.91883e-36
27626,1.91347e-36
27627,1.90801e-36
27628,1.90293e-36
27629,1.89725e-36
27630,1.89176e-36
27631,1.88588e-36
27632,1.87993e-36
27633,1.87381e-36
27634,1.86762e-36
27635,1.86248e-36
27636,1.85647e-36
27637,1.85017e-36
27638,1.84515e-36
27639,1.83982e-36
27640,1.83376e-36
27641,1.82878e-36
27642,1.82343e-36
27643,1.81742e-36
27644,1.81173e-36
27645,1.80571e-36
27646,1.79956e-36
27647,1.79389e-36
27648,1.78851e-36
27649,1.78286e-36
27650,1.77691e-36
27651,1.77198e-36
27652,1.76626e-36
27653,1.76057e-36
27654,1.75482e-36
27655,1.74909e-36
27656,1.74342e-36
27657,1.73873e-36
27658,1.73399e-36
27659,1.72849e-36
27660,1.72311e-36
27661,1.71791e-36
27662,1.71274e-36
27663,1.70783e-36
27664,1.70293e-36
27665,1.698e-36
27666,1.69297e-36
27667,1.6882e-36
27668,1.68334e-36
27669,1.67824e-36
27670,1.67302e-36
27671,1.66821e-36
27672,1.66303e-36
27673,1.65852e-36
27674,1.65385e-36
27675,1.64914e-36
27676,1.64477e-36
27677,1.64018e-36
27678,1.6348e-36
27679,1.62984e-36
27680,1.62438e-36
27681,1.61893e-36
27682,1.61376e-36
27683,1.60842e-36
27684,1.60334e-36
27685,1.59849e-36
27686,1.59347e-36
27687,1.58875e-36
27688,1.58388e-36
27689,1.57873e-36
27690,1.57424e-36
27691,1.56985e-36
27692,1.56533e-36
27693,1.56035e-36
27694,1.55557e-36
27695,1.55066e-36
27696,1.54636e-36
27697,1.54224e-36
27698,1.53722e-36
27699,1.53252e-36
27700,1.52777e-36
27701,1.52302e-36
27702,1.51802e-36
27703,1.51363e-36
27704,1.50886e-36
27705,1.50471e-36
27706,1.5001e-36
27707,1.49529e-36
27708,1.49089e-36
27709,1.4863e-36
27710,1.48206e-36
27711,1.47776e-36
27712,1.47332e-36
27713,1.46944e-36
27714,1.46531e-36
27715,1.46126e-36
27716,1.45691e-36
27717,1.45204e-36
27718,1.44748e-36
27719,1.44352e-36
27720,1.43893e-36
27721,1.43414e-36
27722,1.42994e-36
27723,1.42596e-36
27724,1.42153e-36
27725,1.4168e-36
27726,1.412e-36
27727,1.40726e-36
27728,1.40243e-36
27729,1.39768e-36
27730,1.39349e-36
27731,1.38919e-36
27732,1.38496e-36
27733,1.38098e-36
27734,1.37643e-36
27735,1.37246e-36
27736,1.36838e-36
27737,1.36418e-36
27738,1.36048e-36
27739,1.3561e-36
27740,1.35228e-36
27741,1.34834e-36
27742,1.3445e-36
27743,1.34025e-36
27744,1.3363e-36
27745,1.33221e-36
27746,1.32776e-36
27747,1.32325e-36
27748,1.31912e-36
27749,1.31504e-36
27750,1.3115e-36
27751,1.30767e-36
27752,1.30374e-36
27753,1.29988e-36
27754,1.29584e-36
27755,1.29219e-36
27756,1.28844e-36
27757,1.2845e-36
27758,1.28098e-36
27759,1.27729e-36
27760,1.27344e-36
27761,1.26954e-36
27762,1.26618e-36
27763,1.26276e-36
27764,1.25867e-36
27765,1.2544e-36
27766,1.25065e-36
27767,1.24697e-36
27768,1.24317e-36
27769,1.23939e-36
27770,1.23582e-36
27771,1.23185e-36
27772,1.22768e-36
27773,1.2238e-36
27774,1.22e-36
27775,1.21643e-36
27776,1.213e-36
27777,1.20932e-36
27778,1.20583e-36
27779,1.20193e-36
27780,1.19857e-36
27781,1.19506e-36
27782,1.19164e-36
27783,1.1879e-36
27784,1.18396e-36
27785,1.18084e-36
27786,1.17699e-36
27787,1.17361e-36
27788,1.17002e-36
27789,1.16682e-36
27790,1.16321e-36
27791,1.15999e-36
27792,1.15637e-36
27793,1.1527e-36
27794,1.1494e-36
27795,1.14583e-36
27796,1.14222e-36
27797,1.13857e-36
27798,1.13546e-36
27799,1.13226e-36
27800,1.12904e-36
27801,1.1257e-36
27802,1.12263e-36
27803,1.11947e-36
27804,1.11641e-36
27805,1.11292e-36
27806,1.10942e-36
27807,1.10615e-36
27808,1.10296e-36
27809,1.10002e-36
27810,1.09692e-36
27811,1.09361e-36
27812,1.09034e-36
27813,1.08698e-36
27814,1.08387e-36
27815,1.08072e-36
27816,1.07739e-36
27817,1.07431e-36
27818,1.07096e-36
27819,1.06792e-36
27820,1.06478e-36
27821,1.06166e-36
27822,1.05852e-36
27823,1.05558e-36
27824,1.0527e-36
27825,1.0494e-36
27826,1.04593e-36
27827,1.04247e-36
27828,1.0393e-36
27829,1.03653e-36
27830,1.03371e-36
27831,1.03042e-36
27832,1.0273e-36
27833,1.02439e-36
27834,1.0216e-36
27835,1.01847e-36
27836,1.01575e-36
27837,1.01254e-36
27838,1.00981e-36
27839,1.00688e-36
27840,1.00362e-36
27841,1.00067e-36
27842,9.97348e-37
27843,9.94422e-37
27844,9.91789e-37
27845,9.8899e-37
27846,9.85859e-37
27847,9.82765e-37
27848,9.79722e-37
27849,9.7677e-37
27850,9.73532e-37
27851,9.70909e-37
27852,9.67764e-37
27853,9.64908e-37
27854,9.62171e-37
27855,9.59576e-37
27856,9.56939e-37
27857,9.54296e-37
27858,9.51182e-37
27859,9.48154e-37
27860,9.45483e-37
27861,9.42928e-37
27862,9.40114e-37
27863,9.37122e-37
27864,9.3437e-37
27865,9.31465e-37
27866,9.28703e-37
27867,9.25959e-37
27868,9.2319e-37
27869,9.20399e-37
27870,9.17397e-37
27871,9.14702e-37
27872,9.11688e-37
27873,9.08671e-37
27874,9.0572e-37
27875,9.02651e-37
27876,9.00155e-37
27877,8.97445e-37
27878,8.94666e-37
27879,8.91789e-37
27880,8.89379e-37
27881,8.86696e-37
27882,8.83804e-37
27883,8.8145e-37
27884,8.79124e-37
27885,8.76718e-37
27886,8.7433e-37
27887,8.71915e-37
27888,8.69406e-37
27889,8.67058e-37
27890,8.64265e-37
27891,8.61575e-37
27892,8.5917e-37
27893,8.56645e-37
27894,8.54149e-37
27895,8.51532e-37
27896,8.49201e-37
27897,8.46491e-37
27898,8.44211e-37
27899,8.41631e-37
27900,8.39167e-37
27901,8.36396e-37
27902,8.34157e-37
27903,8.31773e-37
27904,8.29119e-37
27905,8.26405e-37
27906,8.24015e-37
27907,8.21282e-37
27908,8.18848e-37
27909,8.16122e-37
27910,8.13464e-37
27911,8.10997e-37
27912,8.08518e-37
27913,8.06e-37
27914,8.03542e-37
27915,8.01072e-37
27916,7.98472e-37
27917,7.9593e-37
27918,7.93342e-37
27919,7.91123e-37
27920,7.88608e-37
27921,7.86095e-37
27922,7.8352e-37
27923,7.81436e-37
27924,7.79282e-37
27925,7.77104e-37
27926,7.74715e-37
27927,7.72477e-37
27928,7.70387e-37
27929,7.67986e-37
27930,7.65958e-37
27931,7.6369e-37
27932,7.61296e-37
27933,7.59249e-37
27934,7.5682e-37
27935,7.54518e-37
27936,7.52025e-37
27937,7.49915e-37
27938,7.47675e-37
27939,7.45523e-37
27940,7.43455e-37
27941,7.41341e-37
27942,7.38954e-37
27943,7.36552e-37
27944,7.34048e-37
27945,7.31858e-37
27946,7.29716e-37
27947,7.27374e-37
27948,7.25378e-37
27949,7.2336e-37
27950,7.21436e-37
27951,7.19092e-37
27952,7.16658e-37
27953,7.14251e-37
27954,7.12365e-37
27955,7.10414e-37
27956,7.08476e-37
27957,7.06296e-37
27958,7.04164e-37
27959,7.02177e-37
27960,7.00122e-37
27961,6.98011e-37
27962,6.95776e-37
27963,6.93862e-37
27964,6.91748e-37
27965,6.89585e-37
27966,6.8741e-37
27967,6.8531e-37
27968,6.83053e-37
27969,6.81129e-37
27970,6.78918e-37
27971,6.77068e-37
27972,6.75039e-37
27973,6.72883e-37
27974,6.70634e-37
27975,6.68572e-37
27976,6.66703e-37
27977,6.64795e-37
27978,6.62871e-37
27979,6.60954e-37
27980,6.58947e-37
27981,6.57004e-37
27982,6.55112e-37
27983,6.53135e-37
27984,6.51258e-37
27985,6.49378e-37
27986,6.47338e-37
27987,6.45395e-37
27988,6.43668e-37
27989,6.41864e-37
27990,6.39846e-37
27991,6.37918e-37
27992,6.3586e-37
27993,6.33911e-37
27994,6.31931e-37
27995,6.3005e-37
27996,6.28282e-37
27997,6.26471e-37
27998,6.24811e-37
27999,6.23105e-37
28000,6.21214e-37
28001,6.19151e-37
28002,6.17382e-37
28003,6.15679e-37
28004,6.13759e-37
28005,6.12045e-37
28006,6.10129e-37
28007,6.08079e-37
28008,6.062e-37
28009,6.04542e-37
28010,6.02813e-37
28011,6.01159e-37
28012,5.99348e-37
28013,5.97463e-37
28014,5.95561e-37
28015,5.93574e-37
28016,5.91967e-37
28017,5.90228e-37
28018,5.88499e-37
28019,5.86883e-37
28020,5.85049e-37
28021,5.83425e-37
28022,5.81627e-37
28023,5.79845e-37
28024,5.77995e-37
28025,5.76317e-37
28026,5.7478e-37
28027,5.73263e-37
28028,5.71487e-37
28029,5.69946e-37
28030,5.6838e-37
28031,5.66749e-37
28032,5.65241e-37
28033,5.63584e-37
28034,5.61881e-37
28035,5.6008e-37
28036,5.58307e-37
28037,5.56705e-37
28038,5.54947e-37
28039,5.53371e-37
28040,5.51743e-37
28041,5.50241e-37
28042,5.48634e-37
28043,5.47172e-37
28044,5.45436e-37
28045,5.43925e-37
28046,5.42139e-37
28047,5.40307e-37
28048,5.38593e-37
28049,5.37006e-37
28050,5.35547e-37
28051,5.3399e-37
28052,5.32355e-37
28053,5.30639e-37
28054,5.29235e-37
28055,5.27713e-37
28056,5.26263e-37
28057,5.24851e-37
28058,5.23332e-37
28059,5.21622e-37
28060,5.20177e-37
28061,5.18602e-37
28062,5.17128e-37
28063,5.15687e-37
28064,5.14303e-37
28065,5.12668e-37
28066,5.11307e-37
28067,5.09708e-37
28068,5.08299e-37
28069,5.06691e-37
28070,5.05333e-37
28071,5.03794e-37
28072,5.02122e-37
28073,5.00593e-37
28074,4.99019e-37
28075,4.97405e-37
28076,4.95822e-37
28077,4.94255e-37
28078,4.9267e-37
28079,4.91228e-37
28080,4.89895e-37
28081,4.88324e-37
28082,4.8673e-37
28083,4.85167e-37
28084,4.83627e-37
28085,4.82041e-37
28086,4.80721e-37
28087,4.79178e-37
28088,4.7757e-37
28089,4.76099e-37
28090,4.74563e-37
28091,4.73267e-37
28092,4.71972e-37
28093,4.70698e-37
28094,4.69348e-37
28095,4.68032e-37
28096,4.66496e-37
28097,4.65119e-37
28098,4.63882e-37
28099,4.62616e-37
28100,4.61332e-37
28101,4.60083e-37
28102,4.58631e-37
28103,4.57365e-37
28104,4.55967e-37
28105,4.54593e-37
28106,4.53075e-37
28107,4.5175e-37
28108,4.50491e-37
28109,4.49081e-37
28110,4.47643e-37
28111,4.46345e-37
28112,4.4497e-37
28113,4.43606e-37
28114,4.42406e-37
28115,4.41139e-37
28116,4.39843e-37
28117,4.3861e-37
28118,4.37381e-37
28119,4.36114e-37
28120,4.34721e-37
28121,4.33554e-37
28122,4.32265e-37
28123,4.30824e-37
28124,4.29626e-37
28125,4.28235e-37
28126,4.27027e-37
28127,4.25856e-37
28128,4.24645e-37
28129,4.23442e-37
28130,4.22233e-37
28131,4.20962e-37
28132,4.19726e-37
28133,4.18577e-37
28134,4.17274e-37
28135,4.16153e-37
28136,4.14875e-37
28137,4.13562e-37
28138,4.12333e-37
28139,4.10978e-37
28140,4.0974e-37
28141,4.08598e-37
28142,4.07448e-37
28143,4.06338e-37
28144,4.05052e-37
28145,4.03868e-37
28146,4.02661e-37
28147,4.01522e-37
28148,4.00291e-37
28149,3.9901e-37
28150,3.97751e-37
28151,3.96566e-37
28152,3.9528e-37
28153,3.94171e-37
28154,3.93013e-37
28155,3.91965e-37
28156,3.90898e-37
28157,3.89688e-37
28158,3.88597e-37
28159,3.8745e-37
28160,3.86425e-37
28161,3.8527e-37
28162,3.84244e-37
28163,3.83123e-37
28164,3.8192e-37
28165,3.80688e-37
28166,3.79527e-37
28167,3.78411e-37
28168,3.77276e-37
28169,3.76284e-37
28170,3.75211e-37
28171,3.7422e-37
28172,3.73182e-37
28173,3.72042e-37
28174,3.71018e-37
28175,3.70029e-37
28176,3.69048e-37
28177,3.67916e-37
28178,3.66856e-37
28179,3.65717e-37
28180,3.64627e-37
28181,3.63659e-37
28182,3.62666e-37
28183,3.61633e-37
28184,3.60614e-37
28185,3.59514e-37
28186,3.58464e-37
28187,3.57414e-37
28188,3.56386e-37
28189,3.55294e-37
28190,3.54119e-37
28191,3.53081e-37
28192,3.52101e-37
28193,3.50946e-37
28194,3.4979e-37
28195,3.48609e-37
28196,3.47472e-37
28197,3.46451e-37
28198,3.45447e-37
28199,3.44464e-37
28200,3.43463e-37
28201,3.42384e-37
28202,3.41395e-37
28203,3.40345e-37
28204,3.39354e-37
28205,3.38338e-37
28206,3.37276e-37
28207,3.36281e-37
28208,3.35345e-37
28209,3.34449e-37
28210,3.33544e-37
28211,3.32516e-37
28212,3.31614e-37
28213,3.3068e-37
28214,3.29801e-37
28215,3.28851e-37
28216,3.27777e-37
28217,3.26799e-37
28218,3.25745e-37
28219,3.24817e-37
28220,3.23943e-37
28221,3.22932e-37
28222,3.2192e-37
28223,3.20999e-37
28224,3.1999e-37
28225,3.19021e-37
28226,3.18121e-37
28227,3.17169e-37
28228,3.16123e-37
28229,3.15129e-37
28230,3.14096e-37
28231,3.13184e-37
28232,3.12274e-37
28233,3.11407e-37
28234,3.10588e-37
28235,3.09618e-37
28236,3.08631e-37
28237,3.07649e-37
28238,3.06787e-37
28239,3.05781e-37
28240,3.04786e-37
28241,3.03899e-37
28242,3.02956e-37
28243,3.01954e-37
28244,3.01002e-37
28245,3.00044e-37
28246,2.99182e-37
28247,2.98274e-37
28248,2.97448e-37
28249,2.96635e-37
28250,2.95683e-37
28251,2.94839e-37
28252,2.93876e-37
28253,2.92972e-37
28254,2.9207e-37
28255,2.91152e-37
28256,2.90363e-37
28257,2.89435e-37
28258,2.88619e-37
28259,2.87851e-37
28260,2.86996e-37
28261,2.86218e-37
28262,2.8539e-37
28263,2.84453e-37
28264,2.83629e-37
28265,2.82802e-37
28266,2.81912e-37
28267,2.8115e-37
28268,2.80385e-37
28269,2.7947e-37
28270,2.78718e-37
28271,2.77815e-37
28272,2.77011e-37
28273,2.76135e-37
28274,2.75227e-37
28275,2.74502e-37
28276,2.73692e-37
28277,2.72934e-37
28278,2.72106e-37
28279,2.7125e-37
28280,2.70462e-37
28281,2.69656e-37
28282,2.68944e-37
28283,2.68185e-37
28284,2.67465e-37
28285,2.66653e-37
28286,2.65949e-37
28287,2.65217e-37
28288,2.64429e-37
28289,2.63683e-37
28290,2.62943e-37
28291,2.62241e-37
28292,2.61485e-37
28293,2.60676e-37
28294,2.59987e-37
28295,2.59181e-37
28296,2.5848e-37
28297,2.57673e-37
28298,2.5683e-37
28299,2.56104e-37
28300,2.553e-37
28301,2.54448e-37
28302,2.53736e-37
28303,2.53051e-37
28304,2.52269e-37
28305,2.51588e-37
28306,2.50907e-37
28307,2.50209e-37
28308,2.49501e-37
28309,2.4872e-37
28310,2.47887e-37
28311,2.471e-37
28312,2.46402e-37
28313,2.45591e-37
28314,2.44945e-37
28315,2.44247e-37
28316,2.43501e-37
28317,2.42857e-37
28318,2.42132e-37
28319,2.41469e-37
28320,2.40786e-37
28321,2.40018e-37
28322,2.39345e-37
28323,2.38601e-37
28324,2.37882e-37
28325,2.37213e-37
28326,2.36514e-37
28327,2.35788e-37
28328,2.35163e-37
28329,2.34494e-37
28330,2.33736e-37
28331,2.32978e-37
28332,2.32312e-37
28333,2.31684e-37
28334,2.30939e-37
28335,2.30328e-37
28336,2.29692e-37
28337,2.29082e-37
28338,2.28442e-37
28339,2.2776e-37
28340,2.27033e-37
28341,2.26395e-37
28342,2.25767e-37
28343,2.25165e-37
28344,2.24541e-37
28345,2.23917e-37
28346,2.23266e-37
28347,2.22545e-37
28348,2.21915e-37
28349,2.21183e-37
28350,2.20597e-37
28351,2.19936e-37
28352,2.19227e-37
28353,2.18606e-37
28354,2.17986e-37
28355,2.1736e-37
28356,2.1671e-37
28357,2.16018e-37
28358,2.15451e-37
28359,2.14808e-37
28360,2.14222e-37
28361,2.13534e-37
28362,2.12912e-37
28363,2.12286e-37
28364,2.11727e-37
28365,2.11131e-37
28366,2.10509e-37
28367,2.09921e-37
28368,2.09321e-37
28369,2.08664e-37
28370,2.07993e-37
28371,2.07424e-37
28372,2.06879e-37
28373,2.06335e-37
28374,2.05766e-37
28375,2.05193e-37
28376,2.04621e-37
28377,2.03996e-37
28378,2.03444e-37
28379,2.02841e-37
28380,2.02216e-37
28381,2.01663e-37
28382,2.01119e-37
28383,2.00529e-37
28384,1.99942e-37
28385,1.99357e-37
28386,1.98716e-37
28387,1.98046e-37
28388,1.97489e-37
28389,1.96858e-37
28390,1.96258e-37
28391,1.95689e-37
28392,1.95074e-37
28393,1.94424e-37
28394,1.93784e-37
28395,1.93158e-37
28396,1.92615e-37
28397,1.92068e-37
28398,1.91563e-37
28399,1.90989e-37
28400,1.90476e-37
28401,1.89878e-37
28402,1.89274e-37
28403,1.88765e-37
28404,1.88169e-37
28405,1.87539e-37
28406,1.86996e-37
28407,1.86496e-37
28408,1.85934e-37
28409,1.85385e-37
28410,1.84819e-37
28411,1.84301e-37
28412,1.8374e-37
28413,1.83161e-37
28414,1.82579e-37
28415,1.82093e-37
28416,1.81597e-37
28417,1.81051e-37
28418,1.80572e-37
28419,1.80054e-37
28420,1.79527e-37
28421,1.78983e-37
28422,1.78411e-37
28423,1.77918e-37
28424,1.77389e-37
28425,1.76844e-37
28426,1.76256e-37
28427,1.75685e-37
28428,1.75094e-37
28429,1.74496e-37
28430,1.73986e-37
28431,1.73525e-37
28432,1.72983e-37
28433,1.72515e-37
28434,1.72047e-37
28435,1.71527e-37
28436,1.71068e-37
28437,1.70567e-37
28438,1.70036e-37
28439,1.69503e-37
28440,1.68938e-37
28441,1.68454e-37
28442,1.67903e-37
28443,1.67388e-37
28444,1.66945e-37
28445,1.66435e-37
28446,1.65922e-37
28447,1.65463e-37
28448,1.64999e-37
28449,1.64493e-37
28450,1.6399e-37
28451,1.63474e-37
28452,1.63014e-37
28453,1.62544e-37
28454,1.62017e-37
28455,1.61493e-37
28456,1.61067e-37
28457,1.60557e-37
28458,1.60067e-37
28459,1.59533e-37
28460,1.59007e-37
28461,1.58472e-37
28462,1.58054e-37
28463,1.57576e-37
28464,1.57157e-37
28465,1.56728e-37
28466,1.56291e-37
28467,1.55867e-37
28468,1.55393e-37
28469,1.54878e-37
28470,1.5437e-37
28471,1.53893e-37
28472,1.53459e-37
28473,1.52976e-37
28474,1.52556e-37
28475,1.52126e-37
28476,1.5168e-37
28477,1.51197e-37
28478,1.50743e-37
28479,1.50267e-37
28480,1.49821e-37
28481,1.49417e-37
28482,1.48982e-37
28483,1.48517e-37
28484,1.48072e-37
28485,1.47645e-37
28486,1.47207e-37
28487,1.46766e-37
28488,1.46358e-37
28489,1.45968e-37
28490,1.45538e-37
28491,1.45149e-37
28492,1.44768e-37
28493,1.44339e-37
28494,1.43888e-37
28495,1.43504e-37
28496,1.43063e-37
28497,1.42586e-37
28498,1.42188e-37
28499,1.41782e-37
28500,1.4132e-37
28501,1.40945e-37
28502,1.40491e-37
28503,1.40101e-37
28504,1.39658e-37
28505,1.39279e-37
28506,1.38868e-37
28507,1.38476e-37
28508,1.38027e-37
28509,1.37664e-37
28510,1.37301e-37
28511,1.36908e-37
28512,1.36538e-37
28513,1.36137e-37
28514,1.3577e-37
28515,1.3536e-37
28516,1.34922e-37
28517,1.34505e-37
28518,1.34136e-37
28519,1.33778e-37
28520,1.33369e-37
28521,1.32955e-37
28522,1.32591e-37
28523,1.32183e-37
28524,1.31817e-37
28525,1.31395e-37
28526,1.30974e-37
28527,1.30539e-37
28528,1.30108e-37
28529,1.29667e-37
28530,1.293e-37
28531,1.28892e-37
28532,1.28553e-37
28533,1.28198e-37
28534,1.27778e-37
28535,1.27359e-37
28536,1.26991e-37
28537,1.26614e-37
28538,1.26272e-37
28539,1.25919e-37
28540,1.25546e-37
28541,1.25203e-37
28542,1.24821e-37
28543,1.24436e-37
28544,1.24051e-37
28545,1.23655e-37
28546,1.23306e-37
28547,1.22942e-37
28548,1.22587e-37
28549,1.22229e-37
28550,1.2186e-37
28551,1.21536e-37
28552,1.2121e-37
28553,1.20835e-37
28554,1.20451e-37
28555,1.20107e-37
28556,1.19742e-37
28557,1.19384e-37
28558,1.19052e-37
28559,1.18703e-37
28560,1.18351e-37
28561,1.18e-37
28562,1.17669e-37
28563,1.17321e-37
28564,1.16954e-37
28565,1.16625e-37
28566,1.16293e-37
28567,1.15983e-37
28568,1.15624e-37
28569,1.1528e-37
28570,1.14951e-37
28571,1.14628e-37
28572,1.1428e-37
28573,1.13981e-37
28574,1.13617e-37
28575,1.13296e-37
28576,1.1294e-37
28577,1.12628e-37
28578,1.12276e-37
28579,1.1197e-37
28580,1.11632e-37
28581,1.11312e-37
28582,1.11004e-37
28583,1.1066e-37
28584,1.10365e-37
28585,1.10008e-37
28586,1.09716e-37
28587,1.09381e-37
28588,1.09056e-37
28589,1.0875e-37
28590,1.08454e-37
28591,1.08101e-37
28592,1.07754e-37
28593,1.07437e-37
28594,1.07119e-37
28595,1.06802e-37
28596,1.06472e-37
28597,1.06127e-37
28598,1.05804e-37
28599,1.05495e-37
28600,1.05196e-37
28601,1.04857e-37
28602,1.04526e-37
28603,1.04178e-37
28604,1.03832e-37
28605,1.03509e-37
28606,1.03222e-37
28607,1.02907e-37
28608,1.02577e-37
28609,1.02231e-37
28610,1.01897e-37
28611,1.01596e-37
28612,1.01307e-37
28613,1.01041e-37
28614,1.00767e-37
28615,1.00477e-37
28616,1.00146e-37
28617,9.98685e-38
28618,9.96018e-38
28619,9.93116e-38
28620,9.90194e-38
28621,9.87437e-38
28622,9.84562e-38
28623,9.81829e-38
28624,9.78833e-38
28625,9.75606e-38
28626,9.72505e-38
28627,9.69721e-38
28628,9.66676e-38
28629,9.63957e-38
28630,9.60948e-38
28631,9.58384e-38
28632,9.55784e-38
28633,9.53005e-38
28634,9.50508e-38
28635,9.47995e-38
28636,9.45477e-38
28637,9.42875e-38
28638,9.39969e-38
28639,9.36907e-38
28640,9.34316e-38
28641,9.31554e-38
28642,9.28921e-38
28643,9.2617e-38
28644,9.23399e-38
28645,9.20682e-38
28646,9.17686e-38
28647,9.14921e-38
28648,9.12095e-38
28649,9.09042e-38
28650,9.05954e-38
28651,9.03495e-38
28652,9.01e-38
28653,8.98396e-38
28654,8.95828e-38
28655,8.92946e-38
28656,8.90373e-38
28657,8.88007e-38
28658,8.8557e-38
28659,8.83192e-38
28660,8.80699e-38
28661,8.77829e-38
28662,8.75412e-38
28663,8.7285e-38
28664,8.70322e-38
28665,8.67936e-38
28666,8.65371e-38
28667,8.62824e-38
28668,8.60327e-38
28669,8.57944e-38
28670,8.55512e-38
28671,8.52934e-38
28672,8.5025e-38
28673,8.47623e-38
28674,8.45347e-38
28675,8.42992e-38
28676,8.4074e-38
28677,8.38005e-38
28678,8.35307e-38
28679,8.32646e-38
28680,8.29843e-38
28681,8.27172e-38
28682,8.2446e-38
28683,8.22169e-38
28684,8.19931e-38
28685,8.17675e-38
28686,8.15491e-38
28687,8.13095e-38
28688,8.10815e-38
28689,8.08538e-38
28690,8.06091e-38
28691,8.03638e-38
28692,8.01397e-38
28693,7.98881e-38
28694,7.96754e-38
28695,7.94347e-38
28696,7.91714e-38
28697,7.89279e-38
28698,7.87158e-38
28699,7.84917e-38
28700,7.82435e-38
28701,7.80134e-38
28702,7.77574e-38
28703,7.75213e-38
28704,7.73153e-38
28705,7.71112e-38
28706,7.68706e-38
28707,7.66614e-38
28708,7.64592e-38
28709,7.62315e-38
28710,7.59843e-38
28711,7.57846e-38
28712,7.55711e-38
28713,7.53358e-38
28714,7.51262e-38
28715,7.49057e-38
28716,7.46599e-38
28717,7.44465e-38
28718,7.42016e-38
28719,7.3995e-38
28720,7.3772e-38
28721,7.35475e-38
28722,7.3312e-38
28723,7.30733e-38
28724,7.28607e-38
28725,7.26261e-38
28726,7.24098e-38
28727,7.22027e-38
28728,7.19919e-38
28729,7.1775e-38
28730,7.15508e-38
28731,7.13505e-38
28732,7.11162e-38
28733,7.08939e-38
28734,7.0667e-38
28735,7.04793e-38
28736,7.02642e-38
28737,7.00506e-38
28738,6.98573e-38
28739,6.96414e-38
28740,6.94514e-38
28741,6.92663e-38
28742,6.90526e-38
28743,6.88478e-38
28744,6.86278e-38
28745,6.83978e-38
28746,6.81665e-38
28747,6.79461e-38
28748,6.77541e-38
28749,6.75339e-38
28750,6.73059e-38
28751,6.70826e-38
28752,6.68789e-38
28753,6.66659e-38
28754,6.64559e-38
28755,6.62365e-38
28756,6.60293e-38
28757,6.58481e-38
28758,6.5665e-38
28759,6.54893e-38
28760,6.52869e-38
28761,6.507e-38
28762,6.48823e-38
28763,6.46795e-38
28764,6.44811e-38
28765,6.43068e-38
28766,6.41056e-38
28767,6.39241e-38
28768,6.37265e-38
28769,6.3513e-38
28770,6.33465e-38
28771,6.31468e-38
28772,6.29784e-38
28773,6.27837e-38
28774,6.26042e-38
28775,6.24025e-38
28776,6.22052e-38
28777,6.20291e-38
28778,6.18397e-38
28779,6.16336e-38
28780,6.14615e-38
28781,6.12751e-38
28782,6.10771e-38
28783,6.08817e-38
28784,6.07036e-38
28785,6.05215e-38
28786,6.03343e-38
28787,6.01742e-38
28788,5.99892e-38
28789,5.97918e-38
28790,5.96285e-38
28791,5.94545e-38
28792,5.92627e-38
28793,5.90855e-38
28794,5.89224e-38
28795,5.87498e-38
28796,5.85711e-38
28797,5.83753e-38
28798,5.81868e-38
28799,5.80208e-38
28800,5.78297e-38
28801,5.76431e-38
28802,5.7485e-38
28803,5.73324e-38
28804,5.71634e-38
28805,5.69939e-38
28806,5.68065e-38
28807,5.66476e-38
28808,5.64698e-38
28809,5.62969e-38
28810,5.61409e-38
28811,5.5994e-38
28812,5.58398e-38
28813,5.56916e-38
28814,5.55191e-38
28815,5.5348e-38
28816,5.51783e-38
28817,5.50168e-38
28818,5.48466e-38
28819,5.46896e-38
28820,5.45338e-38
28821,5.43603e-38
28822,5.41849e-38
28823,5.40342e-38
28824,5.38815e-38
28825,5.37405e-38
28826,5.35766e-38
28827,5.34002e-38
28828,5.32604e-38
28829,5.31057e-38
28830,5.29582e-38
28831,5.27846e-38
28832,5.26366e-38
28833,5.24848e-38
28834,5.23455e-38
28835,5.21831e-38
28836,5.20118e-38
28837,5.18755e-38
28838,5.174e-38
28839,5.15827e-38
28840,5.14251e-38
28841,5.12826e-38
28842,5.11252e-38
28843,5.09604e-38
28844,5.08163e-38
28845,5.06681e-38
28846,5.05194e-38
28847,5.03558e-38
28848,5.019e-38
28849,5.00532e-38
28850,4.9915e-38
28851,4.97773e-38
28852,4.96152e-38
28853,4.94844e-38
28854,4.93415e-38
28855,4.92025e-38
28856,4.90728e-38
28857,4.89405e-38
28858,4.88056e-38
28859,4.86767e-38
28860,4.85311e-38
28861,4.83885e-38
28862,4.82606e-38
28863,4.81089e-38
28864,4.7952e-38
28865,4.78229e-38
28866,4.76792e-38
28867,4.75286e-38
28868,4.74003e-38
28869,4.72578e-38
28870,4.71194e-38
28871,4.69724e-38
28872,4.68208e-38
28873,4.66939e-38
28874,4.65552e-38
28875,4.64303e-38
28876,4.62917e-38
28877,4.61705e-38
28878,4.60213e-38
28879,4.58849e-38
28880,4.57601e-38
28881,4.56341e-38
28882,4.54946e-38
28883,4.53716e-38
28884,4.52459e-38
28885,4.51244e-38
28886,4.49943e-38
28887,4.48681e-38
28888,4.47436e-38
28889,4.46076e-38
28890,4.44806e-38
28891,4.43389e-38
28892,4.42197e-38
28893,4.40939e-38
28894,4.39582e-38
28895,4.38123e-38
28896,4.36816e-38
28897,4.35585e-38
28898,4.34236e-38
28899,4.32915e-38
28900,4.31501e-38
28901,4.30321e-38
28902,4.29113e-38
28903,4.27784e-38
28904,4.26576e-38
28905,4.25217e-38
28906,4.23841e-38
28907,4.22449e-38
28908,4.21061e-38
28909,4.19694e-38
28910,4.18493e-38
28911,4.17398e-38
28912,4.16303e-38
28913,4.14956e-38
28914,4.13829e-38
28915,4.12677e-38
28916,4.11571e-38
28917,4.10349e-38
28918,4.09119e-38
28919,4.07949e-38
28920,4.06828e-38
28921,4.05535e-38
28922,4.04418e-38
28923,4.03282e-38
28924,4.02168e-38
28925,4.00886e-38
28926,3.99761e-38
28927,3.98531e-38
28928,3.97444e-38
28929,3.96154e-38
28930,3.95035e-38
28931,3.9399e-38
28932,3.92929e-38
28933,3.91758e-38
28934,3.90519e-38
28935,3.89377e-38
28936,3.88245e-38
28937,3.87072e-38
28938,3.85983e-38
28939,3.84903e-38
28940,3.83796e-38
28941,3.82637e-38
28942,3.81558e-38
28943,3.80455e-38
28944,3.79307e-38
28945,3.78201e-38
28946,3.77034e-38
28947,3.75857e-38
28948,3.74601e-38
28949,3.73557e-38
28950,3.72573e-38
28951,3.71559e-38
28952,3.70569e-38
28953,3.69549e-38
28954,3.68469e-38
28955,3.67427e-38
28956,3.66445e-38
28957,3.65318e-38
28958,3.64095e-38
28959,3.63072e-38
28960,3.61953e-38
28961,3.60935e-38
28962,3.5992e-38
28963,3.58779e-38
28964,3.57613e-38
28965,3.5666e-38
28966,3.55674e-38
28967,3.54683e-38
28968,3.53601e-38
28969,3.52544e-38
28970,3.51487e-38
28971,3.50555e-38
28972,3.49615e-38
28973,3.48517e-38
28974,3.47484e-38
28975,3.46404e-38
28976,3.45436e-38
28977,3.445e-38
28978,3.43514e-38
28979,3.42565e-38
28980,3.41587e-38
28981,3.40596e-38
28982,3.39614e-38
28983,3.38621e-38
28984,3.37584e-38
28985,3.36488e-38
28986,3.35411e-38
28987,3.34345e-38
28988,3.33321e-38
28989,3.32266e-38
28990,3.3115e-38
28991,3.30208e-38
28992,3.29339e-38
28993,3.2842e-38
28994,3.27537e-38
28995,3.26498e-38
28996,3.25558e-38
28997,3.24627e-38
28998,3.2375e-38
28999,3.22902e-38
29000,3.21881e-38
29001,3.20877e-38
29002,3.20022e-38
29003,3.18985e-38
29004,3.18029e-38
29005,3.17075e-38
29006,3.16091e-38
29007,3.15092e-38
29008,3.14104e-38
29009,3.13267e-38
29010,3.12257e-38
29011,3.11427e-38
29012,3.10515e-38
29013,3.09627e-38
29014,3.0871e-38
29015,3.07873e-38
29016,3.07026e-38
29017,3.06169e-38
29018,3.0519e-38
29019,3.04203e-38
29020,3.03402e-38
29021,3.02445e-38
29022,3.01632e-38
29023,3.00833e-38
29024,3.00019e-38
29025,2.99193e-38
29026,2.98229e-38
29027,2.97334e-38
29028,2.96434e-38
29029,2.95647e-38
29030,2.94777e-38
29031,2.93913e-38
29032,2.92995e-38
29033,2.92099e-38
29034,2.91243e-38
29035,2.90435e-38
29036,2.89651e-38
29037,2.88871e-38
29038,2.87936e-38
29039,2.86999e-38
29040,2.86206e-38
29041,2.85282e-38
29042,2.84339e-38
29043,2.83441e-38
29044,2.8264e-38
29045,2.81824e-38
29046,2.80926e-38
29047,2.80083e-38
29048,2.79215e-38
29049,2.78338e-38
29050,2.77544e-38
29051,2.76685e-38
29052,2.75844e-38
29053,2.75039e-38
29054,2.74173e-38
29055,2.73307e-38
29056,2.7246e-38
29057,2.71607e-38
29058,2.70851e-38
29059,2.70103e-38
29060,2.69262e-38
29061,2.68408e-38
29062,2.67568e-38
29063,2.66771e-38
29064,2.66008e-38
29065,2.65291e-38
29066,2.64475e-38
29067,2.63689e-38
29068,2.62955e-38
29069,2.62147e-38
29070,2.614e-38
29071,2.60638e-38
29072,2.59844e-38
29073,2.59124e-38
29074,2.58425e-38
29075,2.57597e-38
29076,2.568e-38
29077,2.55946e-38
29078,2.55191e-38
29079,2.54469e-38
29080,2.53687e-38
29081,2.52885e-38
29082,2.52221e-38
29083,2.51521e-38
29084,2.50836e-38
29085,2.50052e-38
29086,2.49214e-38
29087,2.48399e-38
29088,2.47656e-38
29089,2.46969e-38
29090,2.46317e-38
29091,2.45636e-38
29092,2.44835e-38
29093,2.44057e-38
29094,2.43282e-38
29095,2.42585e-38
29096,2.41811e-38
29097,2.41093e-38
29098,2.40322e-38
29099,2.39678e-38
29100,2.39028e-38
29101,2.3838e-38
29102,2.37675e-38
29103,2.36922e-38
29104,2.36236e-38
29105,2.35509e-38
29106,2.34773e-38
29107,2.34159e-38
29108,2.33453e-38
29109,2.32823e-38
29110,2.32167e-38
29111,2.3151e-38
29112,2.30768e-38
29113,2.30106e-38
29114,2.29412e-38
29115,2.28805e-38
29116,2.28189e-38
29117,2.27508e-38
29118,2.26772e-38
29119,2.26071e-38
29120,2.25346e-38
29121,2.24599e-38
29122,2.23857e-38
29123,2.23133e-38
29124,2.22439e-38
29125,2.21756e-38
29126,2.21157e-38
29127,2.2051e-38
29128,2.19921e-38
29129,2.19214e-38
29130,2.18542e-38
29131,2.17933e-38
29132,2.17348e-38
29133,2.16763e-38
29134,2.16193e-38
29135,2.15563e-38
29136,2.14879e-38
29137,2.14199e-38
29138,2.1356e-38
29139,2.12934e-38
29140,2.12249e-38
29141,2.11562e-38
29142,2.10882e-38
29143,2.10211e-38
29144,2.09639e-38
29145,2.09041e-38
29146,2.08382e-38
29147,2.07793e-38
29148,2.07117e-38
29149,2.06469e-38
29150,2.0579e-38
29151,2.05129e-38
29152,2.04502e-38
29153,2.03851e-38
29154,2.03233e-38
29155,2.02669e-38
29156,2.02086e-38
29157,2.01464e-38
29158,2.00831e-38
29159,2.00233e-38
29160,1.99621e-38
29161,1.99053e-38
29162,1.98435e-38
29163,1.97808e-38
29164,1.97225e-38
29165,1.96604e-38
29166,1.96057e-38
29167,1.95512e-38
29168,1.94938e-38
29169,1.94329e-38
29170,1.9372e-38
29171,1.93162e-38
29172,1.92586e-38
29173,1.92017e-38
29174,1.91502e-38
29175,1.90917e-38
29176,1.903e-38
29177,1.8967e-38
29178,1.89028e-38
29179,1.8841e-38
29180,1.87835e-38
29181,1.87222e-38
29182,1.8665e-38
29183,1.86142e-38
29184,1.85575e-38
29185,1.85074e-38
29186,1.84545e-38
29187,1.84054e-38
29188,1.83479e-38
29189,1.82985e-38
29190,1.82441e-38
29191,1.81908e-38
29192,1.81379e-38
29193,1.80868e-38
29194,1.80374e-38
29195,1.79799e-38
29196,1.79323e-38
29197,1.78807e-38
29198,1.78324e-38
29199,1.77795e-38
29200,1.77313e-38
29201,1.76754e-38
29202,1.7617e-38
29203,1.75615e-38
29204,1.75113e-38
29205,1.74653e-38
29206,1.74156e-38
29207,1.7368e-38
29208,1.73122e-38
29209,1.72622e-38
29210,1.72053e-38
29211,1.71536e-38
29212,1.71058e-38
29213,1.70547e-38
29214,1.70022e-38
29215,1.69462e-38
29216,1.68927e-38
29217,1.68481e-38
29218,1.6804e-38
29219,1.6755e-38
29220,1.67094e-38
29221,1.66596e-38
29222,1.66049e-38
29223,1.65539e-38
29224,1.65001e-38
29225,1.64554e-38
29226,1.64074e-38
29227,1.6354e-38
29228,1.63043e-38
29229,1.62546e-38
29230,1.62064e-38
29231,1.61561e-38
29232,1.61086e-38
29233,1.60619e-38
29234,1.60158e-38
29235,1.59654e-38
29236,1.59186e-38
29237,1.58685e-38
29238,1.58156e-38
29239,1.57697e-38
29240,1.57272e-38
29241,1.56765e-38
29242,1.56251e-38
29243,1.55797e-38
29244,1.55333e-38
29245,1.5487e-38
29246,1.54432e-38
29247,1.54006e-38
29248,1.53546e-38
29249,1.5311e-38
29250,1.52636e-38
29251,1.52154e-38
29252,1.51654e-38
29253,1.5118e-38
29254,1.50748e-38
29255,1.50276e-38
29256,1.49795e-38
29257,1.4931e-38
29258,1.48841e-38
29259,1.48415e-38
29260,1.47984e-38
29261,1.47579e-38
29262,1.47191e-38
29263,1.46726e-38
29264,1.46278e-38
29265,1.45851e-38
29266,1.45404e-38
29267,1.45022e-38
29268,1.44627e-38
29269,1.44191e-38
29270,1.43774e-38
29271,1.43368e-38
29272,1.42937e-38
29273,1.42537e-38
29274,1.421e-38
29275,1.41717e-38
29276,1.41275e-38
29277,1.40907e-38
29278,1.4051e-38
29279,1.40108e-38
29280,1.39712e-38
29281,1.39343e-38
29282,1.38968e-38
29283,1.38587e-38
29284,1.38161e-38
29285,1.37753e-38
29286,1.37298e-38
29287,1.36886e-38
29288,1.36501e-38
29289,1.36083e-38
29290,1.35644e-38
29291,1.35215e-38
29292,1.34775e-38
29293,1.34331e-38
29294,1.33917e-38
29295,1.33523e-38
29296,1.33147e-38
29297,1.32777e-38
29298,1.32388e-38
29299,1.31998e-38
29300,1.31571e-38
29301,1.31138e-38
29302,1.30714e-38
29303,1.30326e-38
29304,1.29972e-38
29305,1.29592e-38
29306,1.29201e-38
29307,1.28775e-38
29308,1.28389e-38
29309,1.2797e-38
29310,1.27602e-38
29311,1.27199e-38
29312,1.26773e-38
29313,1.26396e-38
29314,1.26064e-38
29315,1.25681e-38
29316,1.25268e-38
29317,1.24941e-38
29318,1.246e-38
29319,1.24258e-38
29320,1.23877e-38
29321,1.23551e-38
29322,1.23157e-38
29323,1.22783e-38
29324,1.22382e-38
29325,1.22012e-38
29326,1.21693e-38
29327,1.2136e-38
29328,1.20981e-38
29329,1.2062e-38
29330,1.20246e-38
29331,1.19872e-38
29332,1.19525e-38
29333,1.19173e-38
29334,1.1885e-38
29335,1.18498e-38
29336,1.18107e-38
29337,1.17731e-38
29338,1.17379e-38
29339,1.17033e-38
29340,1.16675e-38
29341,1.16299e-38
29342,1.1597e-38
29343,1.15619e-38
29344,1.15292e-38
29345,1.14967e-38
29346,1.14643e-38
29347,1.14325e-38
29348,1.14003e-38
29349,1.13667e-38
29350,1.13334e-38
29351,1.13038e-38
29352,1.12705e-38
29353,1.12379e-38
29354,1.12043e-38
29355,1.11714e-38
29356,1.1135e-38
29357,1.11009e-38
29358,1.10665e-38
29359,1.10318e-38
29360,1.10024e-38
29361,1.0971e-38
29362,1.09396e-38
29363,1.09075e-38
29364,1.08724e-38
29365,1.08397e-38
29366,1.08113e-38
29367,1.07773e-38
29368,1.07471e-38
29369,1.07154e-38
29370,1.06849e-38
29371,1.06505e-38
29372,1.06197e-38
29373,1.05875e-38
29374,1.05558e-38
29375,1.05232e-38
29376,1.04885e-38
29377,1.04542e-38
29378,1.04194e-38
29379,1.03901e-38
29380,1.03605e-38
29381,1.03308e-38
29382,1.03021e-38
29383,1.0269e-38
29384,1.02361e-38
29385,1.02028e-38
29386,1.01734e-38
29387,1.01419e-38
29388,1.01123e-38
29389,1.00857e-38
29390,1.00567e-38
29391,1.00271e-38
29392,9.99797e-39
29393,9.96632e-39
29394,9.933e-39
29395,9.90476e-39
29396,9.87669e-39
29397,9.84432e-39
29398,9.81747e-39
29399,9.78806e-39
29400,9.75898e-39
29401,9.73015e-39
29402,9.70128e-39
29403,9.66998e-39
29404,9.64397e-39
29405,9.61855e-39
29406,9.59017e-39
29407,9.56491e-39
29408,9.53455e-39
29409,9.50632e-39
29410,9.47956e-39
29411,9.4532e-39
29412,9.42319e-39
29413,9.39462e-39
29414,9.36901e-39
29415,9.34071e-39
29416,9.31371e-39
29417,9.28599e-39
29418,9.25952e-39
29419,9.23027e-39
29420,9.20216e-39
29421,9.17305e-39
29422,9.14699e-39
29423,9.12314e-39
29424,9.09611e-39
29425,9.07058e-39
29426,9.04511e-39
29427,9.016e-39
29428,8.9906e-39
29429,8.96439e-39
29430,8.93784e-39
29431,8.90956e-39
29432,8.87993e-39
29433,8.85662e-39
29434,8.82987e-39
29435,8.80648e-39
29436,8.78312e-39
29437,8.75907e-39
29438,8.73566e-39
29439,8.70742e-39
29440,8.68015e-39
29441,8.65492e-39
29442,8.63092e-39
29443,8.60537e-39
29444,8.57706e-39
29445,8.55193e-39
29446,8.52862e-39
29447,8.5044e-39
29448,8.47675e-39
29449,8.45124e-39
29450,8.42817e-39
29451,8.40329e-39
29452,8.37969e-39
29453,8.35513e-39
29454,8.3302e-39
29455,8.30337e-39
29456,8.27679e-39
29457,8.24987e-39
29458,8.22339e-39
29459,8.20166e-39
29460,8.17872e-39
29461,8.15584e-39
29462,8.13001e-39
29463,8.10726e-39
29464,8.08442e-39
29465,8.06062e-39
29466,8.03782e-39
29467,8.01473e-39
29468,7.98991e-39
29469,7.96658e-39
29470,7.94373e-39
29471,7.92088e-39
29472,7.89573e-39
29473,7.87142e-39
29474,7.84549e-39
29475,7.82013e-39
29476,7.79955e-39
29477,7.7787e-39
29478,7.75766e-39
29479,7.73249e-39
29480,7.70855e-39
29481,7.68658e-39
29482,7.66382e-39
29483,7.63885e-39
29484,7.61406e-39
29485,7.59385e-39
29486,7.57028e-39
29487,7.54722e-39
29488,7.52255e-39
29489,7.49964e-39
29490,7.47657e-39
29491,7.45591e-39
29492,7.43228e-39
29493,7.41017e-39
29494,7.38837e-39
29495,7.36823e-39
29496,7.34427e-39
29497,7.32059e-39
29498,7.2983e-39
29499,7.27551e-39
29500,7.25536e-39
29501,7.23189e-39
29502,7.21245e-39
29503,7.19343e-39
29504,7.17209e-39
29505,7.15318e-39
29506,7.13072e-39
29507,7.10886e-39
29508,7.08953e-39
29509,7.07104e-39
29510,7.04996e-39
29511,7.02762e-39
29512,7.00749e-39
29513,6.98862e-39
29514,6.96721e-39
29515,6.94822e-39
29516,6.92925e-39
29517,6.90893e-39
29518,6.88725e-39
29519,6.86876e-39
29520,6.85058e-39
29521,6.83097e-39
29522,6.81166e-39
29523,6.78966e-39
29524,6.76725e-39
29525,6.74534e-39
29526,6.72726e-39
29527,6.70588e-39
29528,6.68536e-39
29529,6.66466e-39
29530,6.6443e-39
29531,6.62301e-39
29532,6.60258e-39
29533,6.58189e-39
29534,6.56042e-39
29535,6.54231e-39
29536,6.52196e-39
29537,6.50144e-39
29538,6.48051e-39
29539,6.459e-39
29540,6.43839e-39
29541,6.41955e-39
29542,6.3996e-39
29543,6.38254e-39
29544,6.36367e-39
29545,6.34514e-39
29546,6.32751e-39
29547,6.30788e-39
29548,6.28705e-39
29549,6.27061e-39
29550,6.2509e-39
29551,6.23459e-39
29552,6.2167e-39
29553,6.19971e-39
29554,6.17978e-39
29555,6.16212e-39
29556,6.14189e-39
29557,6.12573e-39
29558,6.10892e-39
29559,6.09063e-39
29560,6.07168e-39
29561,6.05209e-39
29562,6.03438e-39
29563,6.01725e-39
29564,5.99931e-39
29565,5.98242e-39
29566,5.96468e-39
29567,5.94777e-39
29568,5.93219e-39
29569,5.91542e-39
29570,5.89901e-39
29571,5.88065e-39
29572,5.8619e-39
29573,5.84228e-39
29574,5.82307e-39
29575,5.80636e-39
29576,5.78961e-39
29577,5.77411e-39
29578,5.75875e-39
29579,5.74246e-39
29580,5.72704e-39
29581,5.70862e-39
29582,5.69215e-39
29583,5.67516e-39
29584,5.6598e-39
29585,5.64397e-39
29586,5.62593e-39
29587,5.61068e-39
29588,5.59485e-39
29589,5.57986e-39
29590,5.5627e-39
29591,5.54802e-39
29592,5.53024e-39
29593,5.51519e-39
29594,5.49944e-39
29595,5.4832e-39
29596,5.46718e-39
29597,5.44938e-39
29598,5.43164e-39
29599,5.41546e-39
29600,5.40024e-39
29601,5.38585e-39
29602,5.37097e-39
29603,5.35673e-39
29604,5.34256e-39
29605,5.32829e-39
29606,5.31301e-39
29607,5.29742e-39
29608,5.28283e-39
29609,5.26731e-39
29610,5.25049e-39
29611,5.23545e-39
29612,5.22016e-39
29613,5.20582e-39
29614,5.18919e-39
29615,5.17326e-39
29616,5.15786e-39
29617,5.14154e-39
29618,5.12522e-39
29619,5.10856e-39
29620,5.09168e-39
29621,5.07645e-39
29622,5.05994e-39
29623,5.0434e-39
29624,5.02772e-39
29625,5.01352e-39
29626,4.99922e-39
29627,4.98587e-39
29628,4.97216e-39
29629,4.95854e-39
29630,4.94373e-39
29631,4.92902e-39
29632,4.91512e-39
29633,4.89955e-39
29634,4.88456e-39
29635,4.8705e-39
29636,4.85465e-39
29637,4.84194e-39
29638,4.82673e-39
29639,4.81357e-39
29640,4.79937e-39
29641,4.7845e-39
29642,4.77024e-39
29643,4.75783e-39
29644,4.74275e-39
29645,4.72893e-39
29646,4.71461e-39
29647,4.70089e-39
29648,4.688e-39
29649,4.67468e-39
29650,4.66163e-39
29651,4.64918e-39
29652,4.63453e-39
29653,4.62182e-39
29654,4.60687e-39
29655,4.59307e-39
29656,4.57952e-39
29657,4.56652e-39
29658,4.55275e-39
29659,4.53853e-39
29660,4.52487e-39
29661,4.51245e-39
29662,4.49998e-39
29663,4.48574e-39
29664,4.47393e-39
29665,4.45989e-39
29666,4.44753e-39
29667,4.43303e-39
29668,4.41846e-39
29669,4.40665e-39
29670,4.39475e-39
29671,4.38215e-39
29672,4.36836e-39
29673,4.35478e-39
29674,4.34212e-39
29675,4.32868e-39
29676,4.31715e-39
29677,4.30585e-39
29678,4.29429e-39
29679,4.28233e-39
29680,4.27006e-39
29681,4.25774e-39
29682,4.2455e-39
29683,4.23372e-39
29684,4.221e-39
29685,4.20893e-39
29686,4.19578e-39
29687,4.18457e-39
29688,4.17183e-39
29689,4.15983e-39
29690,4.14667e-39
29691,4.13512e-39
29692,4.12277e-39
29693,4.11185e-39
29694,4.10092e-39
29695,4.08863e-39
29696,4.07529e-39
29697,4.06366e-39
29698,4.05138e-39
29699,4.0385e-39
29700,4.02672e-39
29701,4.01406e-39
29702,4.00299e-39
29703,3.99201e-39
29704,3.98046e-39
29705,3.96839e-39
29706,3.9554e-39
29707,3.94345e-39
29708,3.93134e-39
29709,3.92094e-39
29710,3.90869e-39
29711,3.89839e-39
29712,3.88708e-39
29713,3.87637e-39
29714,3.86552e-39
29715,3.85524e-39
29716,3.84379e-39
29717,3.83361e-39
29718,3.82319e-39
29719,3.81257e-39
29720,3.80152e-39
29721,3.79162e-39
29722,3.78053e-39
29723,3.77063e-39
29724,3.76066e-39
29725,3.74941e-39
29726,3.73791e-39
29727,3.72545e-39
29728,3.71296e-39
29729,3.70251e-39
29730,3.6909e-39
29731,3.6803e-39
29732,3.67062e-39
29733,3.66106e-39
29734,3.65022e-39
29735,3.63946e-39
29736,3.62837e-39
29737,3.6176e-39
29738,3.60812e-39
29739,3.59809e-39
29740,3.58738e-39
29741,3.57587e-39
29742,3.56565e-39
29743,3.55626e-39
29744,3.54685e-39
29745,3.53619e-39
29746,3.52665e-39
29747,3.51598e-39
29748,3.50503e-39
29749,3.49507e-39
29750,3.48375e-39
29751,3.47427e-39
29752,3.46449e-39
29753,3.45441e-39
29754,3.44499e-39
29755,3.43511e-39
29756,3.426e-39
29757,3.41528e-39
29758,3.40535e-39
29759,3.39645e-39
29760,3.38741e-39
29761,3.37816e-39
29762,3.36853e-39
29763,3.35944e-39
29764,3.35024e-39
29765,3.33941e-39
29766,3.32908e-39
29767,3.31832e-39
29768,3.30849e-39
29769,3.29833e-39
29770,3.28941e-39
29771,3.28078e-39
29772,3.27118e-39
29773,3.26158e-39
29774,3.2529e-39
29775,3.24321e-39
29776,3.23451e-39
29777,3.22563e-39
29778,3.2167e-39
29779,3.20657e-39
29780,3.19689e-39
29781,3.18813e-39
29782,3.17778e-39
29783,3.16732e-39
29784,3.15745e-39
29785,3.14885e-39
29786,3.14004e-39
29787,3.13034e-39
29788,3.12219e-39
29789,3.1127e-39
29790,3.10288e-39
29791,3.09458e-39
29792,3.08471e-39
29793,3.07635e-39
29794,3.06786e-39
29795,3.05961e-39
29796,3.05143e-39
29797,3.04178e-39
29798,3.03158e-39
29799,3.02228e-39
29800,3.01321e-39
29801,3.00508e-39
29802,2.99606e-39
29803,2.98812e-39
29804,2.97918e-39
29805,2.96993e-39
29806,2.96073e-39
29807,2.95141e-39
29808,2.94165e-39
29809,2.93184e-39
29810,2.92289e-39
29811,2.91424e-39
29812,2.9064e-39
29813,2.89782e-39
29814,2.8895e-39
29815,2.88043e-39
29816,2.87138e-39
29817,2.86243e-39
29818,2.85388e-39
29819,2.84498e-39
29820,2.83674e-39
29821,2.82881e-39
29822,2.81989e-39
29823,2.81188e-39
29824,2.80375e-39
29825,2.79632e-39
29826,2.78823e-39
29827,2.77994e-39
29828,2.77081e-39
29829,2.76261e-39
29830,2.75519e-39
29831,2.74712e-39
29832,2.73883e-39
29833,2.73023e-39
29834,2.72194e-39
29835,2.71444e-39
29836,2.70656e-39
29837,2.69906e-39
29838,2.69033e-39
29839,2.6825e-39
29840,2.6752e-39
29841,2.66733e-39
29842,2.65872e-39
29843,2.65117e-39
29844,2.64414e-39
29845,2.6368e-39
29846,2.62979e-39
29847,2.62161e-39
29848,2.6129e-39
29849,2.60484e-39
29850,2.59705e-39
29851,2.58961e-39
29852,2.58129e-39
29853,2.57387e-39
29854,2.56594e-39
29855,2.55866e-39
29856,2.55126e-39
29857,2.54434e-39
29858,2.5363e-39
29859,2.52895e-39
29860,2.52129e-39
29861,2.51291e-39
29862,2.50456e-39
29863,2.49762e-39
29864,2.48989e-39
29865,2.48252e-39
29866,2.4753e-39
29867,2.46851e-39
29868,2.46089e-39
29869,2.45377e-39
29870,2.44637e-39
29871,2.43837e-39
29872,2.43027e-39
29873,2.42299e-39
29874,2.41628e-39
29875,2.41e-39
29876,2.40256e-39
29877,2.39574e-39
29878,2.38819e-39
29879,2.38062e-39
29880,2.37273e-39
29881,2.36593e-39
29882,2.35957e-39
29883,2.35217e-39
29884,2.34482e-39
29885,2.33727e-39
29886,2.3309e-39
29887,2.32465e-39
29888,2.31712e-39
29889,2.31104e-39
29890,2.30426e-39
29891,2.29728e-39
29892,2.29126e-39
29893,2.28467e-39
29894,2.27742e-39
29895,2.27015e-39
29896,2.26264e-39
29897,2.25626e-39
29898,2.2489e-39
29899,2.24186e-39
29900,2.2349e-39
29901,2.22811e-39
29902,2.22134e-39
29903,2.2146e-39
29904,2.20869e-39
29905,2.20177e-39
29906,2.19504e-39
29907,2.18792e-39
29908,2.18195e-39
29909,2.17568e-39
29910,2.16907e-39
29911,2.16326e-39
29912,2.15659e-39
29913,2.14975e-39
29914,2.14261e-39
29915,2.13627e-39
29916,2.12979e-39
29917,2.12408e-39
29918,2.11776e-39
29919,2.11134e-39
29920,2.10563e-39
29921,2.09999e-39
29922,2.09423e-39
29923,2.08854e-39
29924,2.08234e-39
29925,2.07684e-39
29926,2.07018e-39
29927,2.064e-39
29928,2.05814e-39
29929,2.05146e-39
29930,2.04584e-39
29931,2.0405e-39
29932,2.03451e-39
29933,2.0281e-39
29934,2.02188e-39
29935,2.01567e-39
29936,2.0095e-39
29937,2.00394e-39
29938,1.99803e-39
29939,1.99172e-39
29940,1.98556e-39
29941,1.98014e-39
29942,1.97383e-39
29943,1.96807e-39
29944,1.96166e-39
29945,1.95525e-39
29946,1.94883e-39
29947,1.9429e-39
29948,1.93648e-39
29949,1.93073e-39
29950,1.92548e-39
29951,1.92033e-39
29952,1.9146e-39
29953,1.90908e-39
29954,1.90372e-39
29955,1.89856e-39
29956,1.89306e-39
29957,1.88779e-39
29958,1.88204e-39
29959,1.87604e-39
29960,1.87086e-39
29961,1.86493e-39
29962,1.85892e-39
29963,1.85299e-39
29964,1.84726e-39
29965,1.84185e-39
29966,1.83653e-39
29967,1.83141e-39
29968,1.82582e-39
29969,1.81982e-39
29970,1.81499e-39
29971,1.80988e-39
29972,1.80504e-39
29973,1.79922e-39
29974,1.79348e-39
29975,1.78873e-39
29976,1.78314e-39
29977,1.77765e-39
29978,1.7722e-39
29979,1.76655e-39
29980,1.76181e-39
29981,1.75632e-39
29982,1.75054e-39
29983,1.745e-39
29984,1.7402e-39
29985,1.73541e-39
29986,1.72988e-39
29987,1.7245e-39
29988,1.71939e-39
29989,1.71422e-39
29990,1.70918e-39
29991,1.70387e-39
29992,1.6989e-39
29993,1.69412e-39
29994,1.68917e-39
29995,1.68469e-39
29996,1.6795e-39
29997,1.67402e-39
29998,1.6692e-39
29999,1.66436e-39
30000,1.65906e-39
30001,1.6542e-39
30002,1.64898e-39
30003,1.6435e-39
30004,1.63869e-39
30005,1.6338e-39
30006,1.62952e-39
30007,1.62503e-39
30008,1.6206e-39
30009,1.61569e-39
30010,1.61142e-39
30011,1.60692e-39
30012,1.60223e-39
30013,1.59697e-39
30014,1.59277e-39
30015,1.58795e-39
30016,1.58357e-39
30017,1.57849e-39
30018,1.57395e-39
30019,1.56909e-39
30020,1.56442e-39
30021,1.55943e-39
30022,1.55485e-39
30023,1.54978e-39
30024,1.54558e-39
30025,1.54064e-39
30026,1.5366e-39
30027,1.53174e-39
30028,1.5268e-39
30029,1.52237e-39
30030,1.51805e-39
30031,1.51341e-39
30032,1.50856e-39
30033,1.50448e-39
30034,1.49995e-39
30035,1.49579e-39
30036,1.49121e-39
30037,1.4866e-39
30038,1.48219e-39
30039,1.47739e-39
30040,1.47317e-39
30041,1.46877e-39
30042,1.46473e-39
30043,1.46014e-39
30044,1.45574e-39
30045,1.45169e-39
30046,1.44744e-39
30047,1.44289e-39
30048,1.43894e-39
30049,1.43439e-39
30050,1.43012e-39
30051,1.42569e-39
30052,1.42125e-39
30053,1.41656e-39
30054,1.41215e-39
30055,1.4076e-39
30056,1.40299e-39
30057,1.3986e-39
30058,1.39418e-39
30059,1.38982e-39
30060,1.38613e-39
30061,1.38244e-39
30062,1.37852e-39
30063,1.37408e-39
30064,1.37026e-39
30065,1.36668e-39
30066,1.363e-39
30067,1.35863e-39
30068,1.35438e-39
30069,1.35018e-39
30070,1.34583e-39
30071,1.3423e-39
30072,1.33861e-39
30073,1.33509e-39
30074,1.3309e-39
30075,1.32665e-39
30076,1.32288e-39
30077,1.31913e-39
30078,1.31518e-39
30079,1.31129e-39
30080,1.30768e-39
30081,1.30422e-39
30082,1.30066e-39
30083,1.2965e-39
30084,1.2931e-39
30085,1.28905e-39
30086,1.28496e-39
30087,1.28073e-39
30088,1.27687e-39
30089,1.27307e-39
30090,1.26921e-39
30091,1.26535e-39
30092,1.26148e-39
30093,1.25821e-39
30094,1.25453e-39
30095,1.25051e-39
30096,1.24724e-39
30097,1.24346e-39
30098,1.2395e-39
30099,1.2356e-39
30100,1.23205e-39
30101,1.22829e-39
30102,1.22442e-39
30103,1.22068e-39
30104,1.21687e-39
30105,1.21315e-39
30106,1.20964e-39
30107,1.20647e-39
30108,1.2026e-39
30109,1.19856e-39
30110,1.19493e-39
30111,1.19165e-39
30112,1.1885e-39
30113,1.18485e-39
30114,1.18166e-39
30115,1.17851e-39
30116,1.175e-39
30117,1.17119e-39
30118,1.16813e-39
30119,1.165e-39
30120,1.16165e-39
30121,1.15813e-39
30122,1.15448e-39
30123,1.15143e-39
30124,1.14798e-39
30125,1.14476e-39
30126,1.14107e-39
30127,1.13753e-39
30128,1.13374e-39
30129,1.13011e-39
30130,1.12685e-39
30131,1.12364e-39
30132,1.12041e-39
30133,1.1174e-39
30134,1.1138e-39
30135,1.11079e-39
30136,1.10738e-39
30137,1.10418e-39
30138,1.10118e-39
30139,1.09781e-39
30140,1.09464e-39
30141,1.09127e-39
30142,1.08769e-39
30143,1.08446e-39
30144,1.08129e-39
30145,1.07844e-39
30146,1.07524e-39
30147,1.0724e-39
30148,1.06896e-39
30149,1.06569e-39
30150,1.06276e-39
30151,1.05972e-39
30152,1.0568e-39
30153,1.05338e-39
30154,1.05026e-39
30155,1.04689e-39
30156,1.04395e-39
30157,1.04096e-39
30158,1.03788e-39
30159,1.03499e-39
30160,1.03219e-39
30161,1.02891e-39
30162,1.02574e-39
30163,1.02264e-39
30164,1.01996e-39
30165,1.01692e-39
30166,1.01376e-39
30167,1.01054e-39
30168,1.00791e-39
30169,1.00474e-39
30170,1.00175e-39
30171,9.9885e-40
30172,9.95849e-40
30173,9.92954e-40
30174,9.89761e-40
30175,9.87153e-40
30176,9.84283e-40
30177,9.81402e-40
30178,9.78774e-40
30179,9.7594e-40
30180,9.73354e-40
30181,9.70623e-40
30182,9.67532e-40
30183,9.64787e-40
30184,9.62081e-40
30185,9.59359e-40
30186,9.56747e-40
30187,9.53902e-40
30188,9.50911e-40
30189,9.47929e-40
30190,9.44865e-40
30191,9.41736e-40
30192,9.38826e-40
30193,9.36052e-40
30194,9.33289e-40
30195,9.30431e-40
30196,9.27944e-40
30197,9.25406e-40
30198,9.22737e-40
30199,9.2026e-40
30200,9.17812e-40
30201,9.14876e-40
30202,9.12116e-40
30203,9.09292e-40
30204,9.06673e-40
30205,9.04042e-40
30206,9.01227e-40
30207,8.98294e-40
30208,8.95316e-40
30209,8.92374e-40
30210,8.89809e-40
30211,8.87498e-40
30212,8.85083e-40
30213,8.82652e-40
30214,8.80175e-40
30215,8.77586e-40
30216,8.74947e-40
30217,8.72352e-40
30218,8.70027e-40
30219,8.67578e-40
30220,8.65189e-40
30221,8.62401e-40
30222,8.59982e-40
30223,8.57253e-40
30224,8.54742e-40
30225,8.52057e-40
30226,8.4951e-40
30227,8.46972e-40
30228,8.44775e-40
30229,8.42073e-40
30230,8.39449e-40
30231,8.37206e-40
30232,8.3454e-40
30233,8.32226e-40
30234,8.29624e-40
30235,8.2728e-40
30236,8.24752e-40
30237,8.2228e-40
30238,8.20032e-40
30239,8.1758e-40
30240,8.15212e-40
30241,8.12784e-40
30242,8.10321e-40
30243,8.07849e-40
30244,8.05287e-40
30245,8.02624e-40
30246,8.00448e-40
30247,7.98176e-40
30248,7.95859e-40
30249,7.93657e-40
30250,7.91216e-40
30251,7.8876e-40
30252,7.86595e-40
30253,7.84555e-40
30254,7.82248e-40
30255,7.79864e-40
30256,7.77396e-40
30257,7.75329e-40
30258,7.73222e-40
30259,7.70822e-40
30260,7.68789e-40
30261,7.66368e-40
30262,7.63865e-40
30263,7.61296e-40
30264,7.5925e-40
30265,7.56942e-40
30266,7.54817e-40
30267,7.52453e-40
30268,7.50363e-40
30269,7.48172e-40
30270,7.46018e-40
30271,7.43739e-40
30272,7.41785e-40
30273,7.39852e-40
30274,7.37795e-40
30275,7.3547e-40
30276,7.33029e-40
30277,7.30865e-40
30278,7.28858e-40
30279,7.26768e-40
30280,7.24533e-40
30281,7.2215e-40
30282,7.20214e-40
30283,7.17926e-40
30284,7.15547e-40
30285,7.1331e-40
30286,7.11164e-40
30287,7.08946e-40
30288,7.06706e-40
30289,7.0447e-40
30290,7.02369e-40
30291,7.00137e-40
30292,6.97982e-40
30293,6.95964e-40
30294,6.93772e-40
30295,6.91578e-40
30296,6.89733e-40
30297,6.87901e-40
30298,6.85875e-40
30299,6.83929e-40
30300,6.8188e-40
30301,6.7964e-40
30302,6.77869e-40
30303,6.7584e-40
30304,6.7361e-40
30305,6.71693e-40
30306,6.69731e-40
30307,6.67551e-40
30308,6.65419e-40
30309,6.63337e-40
30310,6.61435e-40
30311,6.59505e-40
30312,6.57498e-40
30313,6.55564e-40
30314,6.53688e-40
30315,6.51728e-40
30316,6.49967e-40
30317,6.47887e-40
30318,6.46048e-40
30319,6.43972e-40
30320,6.41959e-40
30321,6.39892e-40
30322,6.37872e-40
30323,6.3606e-40
30324,6.34305e-40
30325,6.32436e-40
30326,6.3076e-40
30327,6.28986e-40
30328,6.27087e-40
30329,6.25171e-40
30330,6.23232e-40
30331,6.21511e-40
30332,6.19651e-40
30333,6.17728e-40
30334,6.15726e-40
30335,6.13848e-40
30336,6.12242e-40
30337,6.10519e-40
30338,6.08716e-40
30339,6.06791e-40
30340,6.05193e-40
30341,6.03279e-40
30342,6.01587e-40
30343,5.99745e-40
30344,5.98021e-40
30345,5.96198e-40
30346,5.94525e-40
30347,5.92769e-40
30348,5.9098e-40
30349,5.89184e-40
30350,5.87465e-40
30351,5.8582e-40
30352,5.84123e-40
30353,5.82536e-40
30354,5.80789e-40
30355,5.78991e-40
30356,5.77182e-40
30357,5.75379e-40
30358,5.73867e-40
30359,5.72253e-40
30360,5.70634e-40
30361,5.68868e-40
30362,5.67148e-40
30363,5.65285e-40
30364,5.63616e-40
30365,5.61974e-40
30366,5.60304e-40
30367,5.58656e-40
30368,5.56889e-40
30369,5.55411e-40
30370,5.53867e-40
30371,5.52111e-40
30372,5.50266e-40
30373,5.48586e-40
30374,5.46935e-40
30375,5.45371e-40
30376,5.43868e-40
30377,5.42148e-40
30378,5.40369e-40
30379,5.3861e-40
30380,5.37012e-40
30381,5.35483e-40
30382,5.34044e-40
30383,5.32338e-40
30384,5.30737e-40
30385,5.29069e-40
30386,5.27443e-40
30387,5.25976e-40
30388,5.24446e-40
30389,5.22834e-40
30390,5.21244e-40
30391,5.19579e-40
30392,5.18059e-40
30393,5.16647e-40
30394,5.15044e-40
30395,5.13367e-40
30396,5.11777e-40
30397,5.10326e-40
30398,5.0887e-40
30399,5.07392e-40
30400,5.05931e-40
30401,5.04382e-40
30402,5.02954e-40
30403,5.01514e-40
30404,5.00125e-40
30405,4.98532e-40
30406,4.96945e-40
30407,4.95468e-40
30408,4.93915e-40
30409,4.92382e-40
30410,4.9098e-40
30411,4.89626e-40
30412,4.88343e-40
30413,4.86929e-40
30414,4.85607e-40
30415,4.84163e-40
30416,4.82822e-40
30417,4.81308e-40
30418,4.79754e-40
30419,4.78241e-40
30420,4.76817e-40
30421,4.75425e-40
30422,4.74009e-40
30423,4.7246e-40
30424,4.70995e-40
30425,4.69655e-40
30426,4.68169e-40
30427,4.6685e-40
30428,4.65429e-40
30429,4.64146e-40
30430,4.62711e-40
30431,4.61484e-40
30432,4.60022e-40
30433,4.588e-40
30434,4.5747e-40
30435,4.56231e-40
30436,4.54757e-40
30437,4.53489e-40
30438,4.5211e-40
30439,4.50693e-40
30440,4.49207e-40
30441,4.48037e-40
30442,4.466e-40
30443,4.45104e-40
30444,4.43771e-40
30445,4.42568e-40
30446,4.41256e-40
30447,4.39877e-40
30448,4.38411e-40
30449,4.37127e-40
30450,4.35847e-40
30451,4.34564e-40
30452,4.33168e-40
30453,4.32034e-40
30454,4.30793e-40
30455,4.29518e-40
30456,4.28291e-40
30457,4.27096e-40
30458,4.25751e-40
30459,4.24634e-40
30460,4.23395e-40
30461,4.22123e-40
30462,4.2099e-40
30463,4.19783e-40
30464,4.185e-40
30465,4.17228e-40
30466,4.15964e-40
30467,4.14686e-40
30468,4.13347e-40
30469,4.12187e-40
30470,4.11007e-40
30471,4.09714e-40
30472,4.08562e-40
30473,4.07394e-40
30474,4.06117e-40
30475,4.04821e-40
30476,4.03598e-40
30477,4.02444e-40
30478,4.0125e-40
30479,4.00052e-40
30480,3.98789e-40
30481,3.97745e-40
30482,3.96701e-40
30483,3.95505e-40
30484,3.9446e-40
30485,3.93312e-40
30486,3.92236e-40
30487,3.91104e-40
30488,3.89875e-40
30489,3.88853e-40
30490,3.87724e-40
30491,3.86635e-40
30492,3.85467e-40
30493,3.84294e-40
30494,3.83089e-40
30495,3.82006e-40
30496,3.80955e-40
30497,3.7988e-40
30498,3.78645e-40
30499,3.77633e-40
30500,3.76503e-40
30501,3.75423e-40
30502,3.74215e-40
30503,3.72979e-40
30504,3.71782e-40
30505,3.70616e-40
30506,3.69454e-40
30507,3.68401e-40
30508,3.67427e-40
30509,3.66411e-40
30510,3.65243e-40
30511,3.64053e-40
30512,3.63022e-40
30513,3.61846e-40
30514,3.60754e-40
30515,3.59719e-40
30516,3.58674e-40
30517,3.57554e-40
30518,3.56405e-40
30519,3.55411e-40
30520,3.54299e-40
30521,3.53293e-40
30522,3.5224e-40
30523,3.51217e-40
30524,3.50072e-40
30525,3.49078e-40
30526,3.47993e-40
30527,3.47041e-40
30528,3.45989e-40
30529,3.44907e-40
30530,3.43936e-40
30531,3.42975e-40
30532,3.42058e-40
30533,3.41125e-40
30534,3.40191e-40
30535,3.39108e-40
30536,3.37989e-40
30537,3.3686e-40
30538,3.35919e-40
30539,3.35047e-40
30540,3.34132e-40
30541,3.33234e-40
30542,3.32181e-40
30543,3.31185e-40
30544,3.30302e-40
30545,3.29355e-40
30546,3.28293e-40
30547,3.27298e-40
30548,3.26403e-40
30549,3.25396e-40
30550,3.24354e-40
30551,3.23514e-40
30552,3.22658e-40
30553,3.2174e-40
30554,3.20809e-40
30555,3.19967e-40
30556,3.18993e-40
30557,3.18119e-40
30558,3.17244e-40
30559,3.1634e-40
30560,3.15316e-40
30561,3.14365e-40
30562,3.13392e-40
30563,3.12565e-40
30564,3.11604e-40
30565,3.10584e-40
30566,3.09542e-40
30567,3.08567e-40
30568,3.07564e-40
30569,3.06713e-40
30570,3.05775e-40
30571,3.0496e-40
30572,3.04096e-40
30573,3.03187e-40
30574,3.02263e-40
30575,3.01372e-40
30576,3.00586e-40
30577,2.99702e-40
30578,2.98913e-40
30579,2.98098e-40
30580,2.97263e-40
30581,2.96316e-40
30582,2.95498e-40
30583,2.94652e-40
30584,2.9383e-40
30585,2.92937e-40
30586,2.9208e-40
30587,2.91321e-40
30588,2.90407e-40
30589,2.89501e-40
30590,2.88662e-40
30591,2.8775e-40
30592,2.86948e-40
30593,2.86184e-40
30594,2.8528e-40
30595,2.84535e-40
30596,2.83792e-40
30597,2.82904e-40
30598,2.82017e-40
30599,2.81094e-40
30600,2.80345e-40
30601,2.79542e-40
30602,2.78816e-40
30603,2.78011e-40
30604,2.77288e-40
30605,2.76456e-40
30606,2.75548e-40
30607,2.74825e-40
30608,2.74075e-40
30609,2.73361e-40
30610,2.72608e-40
30611,2.71804e-40
30612,2.70925e-40
30613,2.70119e-40
30614,2.69236e-40
30615,2.68496e-40
30616,2.67771e-40
30617,2.67005e-40
30618,2.66274e-40
30619,2.65576e-40
30620,2.64868e-40
30621,2.64075e-40
30622,2.63227e-40
30623,2.62467e-40
30624,2.61652e-40
30625,2.60827e-40
30626,2.6007e-40
30627,2.59256e-40
30628,2.58463e-40
30629,2.57767e-40
30630,2.56985e-40
30631,2.56185e-40
30632,2.55412e-40
30633,2.54621e-40
30634,2.53925e-40
30635,2.53169e-40
30636,2.52448e-40
30637,2.51767e-40
30638,2.51011e-40
30639,2.50256e-40
30640,2.49574e-40
30641,2.4878e-40
30642,2.48112e-40
30643,2.47454e-40
30644,2.4675e-40
30645,2.46097e-40
30646,2.45412e-40
30647,2.44683e-40
30648,2.43963e-40
30649,2.43241e-40
30650,2.42504e-40
30651,2.41766e-40
30652,2.41112e-40
30653,2.40412e-40
30654,2.39787e-40
30655,2.39032e-40
30656,2.38369e-40
30657,2.37684e-40
30658,2.36957e-40
30659,2.36193e-40
30660,2.35477e-40
30661,2.34804e-40
30662,2.34102e-40
30663,2.33471e-40
30664,2.32856e-40
30665,2.32138e-40
30666,2.31409e-40
30667,2.30736e-40
30668,2.29986e-40
30669,2.29321e-40
30670,2.28726e-40
30671,2.28115e-40
30672,2.27481e-40
30673,2.26873e-40
30674,2.26251e-40
30675,2.25561e-40
30676,2.24942e-40
30677,2.24279e-40
30678,2.23655e-40
30679,2.2297e-40
30680,2.22381e-40
30681,2.2168e-40
30682,2.21049e-40
30683,2.20442e-40
30684,2.19817e-40
30685,2.19194e-40
30686,2.18608e-40
30687,2.17955e-40
30688,2.17267e-40
30689,2.16572e-40
30690,2.1593e-40
30691,2.15315e-40
30692,2.14732e-40
30693,2.14166e-40
30694,2.13541e-40
30695,2.12952e-40
30696,2.1228e-40
30697,2.11688e-40
30698,2.11045e-40
30699,2.10374e-40
30700,2.09725e-40
30701,2.09077e-40
30702,2.0839e-40
30703,2.07695e-40
30704,2.07023e-40
30705,2.06457e-40
30706,2.05835e-40
30707,2.05299e-40
30708,2.04674e-40
30709,2.04007e-40
30710,2.03361e-40
30711,2.0271e-40
30712,2.0206e-40
30713,2.01525e-40
30714,2.00999e-40
30715,2.00455e-40
30716,1.99879e-40
30717,1.9934e-40
30718,1.98719e-40
30719,1.98171e-40
30720,1.97531e-40
30721,1.96974e-40
30722,1.96385e-40
30723,1.95857e-40
30724,1.95302e-40
30725,1.94781e-40
30726,1.94229e-40
30727,1.93695e-40
30728,1.93145e-40
30729,1.92638e-40
30730,1.92134e-40
30731,1.91633e-40
30732,1.91049e-40
30733,1.90416e-40
30734,1.89775e-40
30735,1.89201e-40
30736,1.88687e-40
30737,1.88121e-40
30738,1.87558e-40
30739,1.8695e-40
30740,1.86386e-40
30741,1.85864e-40
30742,1.85293e-40
30743,1.84765e-40
30744,1.84239e-40
30745,1.83667e-40
30746,1.83117e-40
30747,1.82537e-40
30748,1.81936e-40
30749,1.81415e-40
30750,1.8094e-40
30751,1.80371e-40
30752,1.79816e-40
30753,1.79266e-40
30754,1.78797e-40
30755,1.78332e-40
30756,1.77786e-40
30757,1.77271e-40
30758,1.7678e-40
30759,1.76306e-40
30760,1.75797e-40
30761,1.75304e-40
30762,1.7483e-40
30763,1.74354e-40
30764,1.73868e-40
30765,1.73401e-40
30766,1.72869e-40
30767,1.7236e-40
30768,1.71819e-40
30769,1.71334e-40
30770,1.70845e-40
30771,1.70364e-40
30772,1.69854e-40
30773,1.694e-40
30774,1.68887e-40
30775,1.68329e-40
30776,1.67777e-40
30777,1.67312e-40
30778,1.66791e-40
30779,1.6626e-40
30780,1.65756e-40
30781,1.65226e-40
30782,1.64711e-40
30783,1.64256e-40
30784,1.6378e-40
30785,1.63274e-40
30786,1.6282e-40
30787,1.62373e-40
30788,1.61938e-40
30789,1.61464e-40
30790,1.61005e-40
30791,1.60521e-40
30792,1.60009e-40
30793,1.59529e-40
30794,1.59022e-40
30795,1.58593e-40
30796,1.58112e-40
30797,1.57638e-40
30798,1.57158e-40
30799,1.56698e-40
30800,1.56197e-40
30801,1.55788e-40
30802,1.55307e-40
30803,1.54851e-40
30804,1.54433e-40
30805,1.53985e-40
30806,1.53538e-40
30807,1.53138e-40
30808,1.52673e-40
30809,1.5225e-40
30810,1.51772e-40
30811,1.51345e-40
30812,1.50945e-40
30813,1.50505e-40
30814,1.50059e-40
30815,1.49611e-40
30816,1.49199e-40
30817,1.48734e-40
30818,1.48262e-40
30819,1.47835e-40
30820,1.4742e-40
30821,1.47023e-40
30822,1.46548e-40
30823,1.4615e-40
30824,1.45706e-40
30825,1.45243e-40
30826,1.44833e-40
30827,1.44421e-40
30828,1.4401e-40
30829,1.43545e-40
30830,1.43079e-40
30831,1.42682e-40
30832,1.4222e-40
30833,1.41779e-40
30834,1.41337e-40
30835,1.40958e-40
30836,1.4058e-40
30837,1.40201e-40
30838,1.39824e-40
30839,1.39385e-40
30840,1.3898e-40
30841,1.38524e-40
30842,1.38149e-40
30843,1.37745e-40
30844,1.37341e-40
30845,1.36918e-40
30846,1.36557e-40
30847,1.3614e-40
30848,1.35738e-40
30849,1.35304e-40
30850,1.34942e-40
30851,1.34522e-40
30852,1.34173e-40
30853,1.33816e-40
30854,1.33386e-40
30855,1.32968e-40
30856,1.32532e-40
30857,1.32159e-40
30858,1.31809e-40
30859,1.31443e-40
30860,1.31082e-40
30861,1.30661e-40
30862,1.30269e-40
30863,1.29912e-40
30864,1.29525e-40
30865,1.29166e-40
30866,1.28803e-40
30867,1.28405e-40
30868,1.28032e-40
30869,1.27656e-40
30870,1.27272e-40
30871,1.26864e-40
30872,1.26488e-40
30873,1.26093e-40
30874,1.25733e-40
30875,1.25322e-40
30876,1.24953e-40
30877,1.24591e-40
30878,1.24206e-40
30879,1.23797e-40
30880,1.23448e-40
30881,1.23058e-40
30882,1.22668e-40
30883,1.22322e-40
30884,1.21927e-40
30885,1.2154e-40
30886,1.21224e-40
30887,1.20844e-40
30888,1.20527e-40
30889,1.20207e-40
30890,1.19883e-40
30891,1.19551e-40
30892,1.19237e-40
30893,1.18875e-40
30894,1.18525e-40
30895,1.18162e-40
30896,1.17774e-40
30897,1.17391e-40
30898,1.1705e-40
30899,1.16716e-40
30900,1.16386e-40
30901,1.16085e-40
30902,1.15767e-40
30903,1.15404e-40
30904,1.15039e-40
30905,1.14689e-40
30906,1.14323e-40
30907,1.14008e-40
30908,1.13711e-40
30909,1.13377e-40
30910,1.13069e-40
30911,1.12754e-40
30912,1.12431e-40
30913,1.12067e-40
30914,1.11723e-40
30915,1.11404e-40
30916,1.11062e-40
30917,1.10722e-40
30918,1.10417e-40
30919,1.10076e-40
30920,1.0973e-40
30921,1.09412e-40
30922,1.09126e-40
30923,1.08788e-40
30924,1.08497e-40
30925,1.08179e-40
30926,1.07863e-40
30927,1.07579e-40
30928,1.07274e-40
30929,1.06933e-40
30930,1.06618e-40
30931,1.06288e-40
30932,1.05943e-40
30933,1.05611e-40
30934,1.05293e-40
30935,1.04971e-40
30936,1.04677e-40
30937,1.04378e-40
30938,1.04045e-40
30939,1.03751e-40
30940,1.03414e-40
30941,1.03143e-40
30942,1.02835e-40
30943,1.02541e-40
30944,1.02276e-40
30945,1.01995e-40
30946,1.01681e-40
30947,1.01365e-40
30948,1.01035e-40
30949,1.00697e-40
30950,1.00398e-40
30951,1.00092e-40
30952,9.98052e-41
30953,9.95117e-41
30954,9.92223e-41
30955,9.8931e-41
30956,9.86711e-41
30957,9.83584e-41
30958,9.80608e-41
30959,9.77756e-41
30960,9.74681e-41
30961,9.72129e-41
30962,9.69508e-41
30963,9.66574e-41
30964,9.63552e-41
30965,9.60519e-41
30966,9.57799e-41
30967,9.55294e-41
30968,9.52733e-41
30969,9.50149e-41
30970,9.47465e-41
30971,9.44939e-41
30972,9.42349e-41
30973,9.39908e-41
30974,9.3719e-41
30975,9.34607e-41
30976,9.32025e-41
30977,9.29473e-41
30978,9.26486e-41
30979,9.23973e-41
30980,9.21459e-41
30981,9.1882e-41
30982,9.15932e-41
30983,9.13154e-41
30984,9.10168e-41
30985,9.07623e-41
30986,9.0522e-41
30987,9.02305e-41
30988,8.99836e-41
30989,8.97114e-41
30990,8.94505e-41
30991,8.91572e-41
30992,8.88766e-41
30993,8.86053e-41
30994,8.83324e-41
30995,8.80741e-41
30996,8.78237e-41
30997,8.75368e-41
30998,8.7276e-41
30999,8.70181e-41
31000,8.6781e-41
31001,8.65074e-41
31002,8.62421e-41
31003,8.59913e-41
31004,8.57165e-41
31005,8.54865e-41
31006,8.52278e-41
31007,8.49988e-41
31008,8.47594e-41
31009,8.45036e-41
31010,8.42665e-41
31011,8.40166e-41
31012,8.37955e-41
31013,8.35727e-41
31014,8.33482e-41
31015,8.31324e-41
31016,8.28978e-41
31017,8.26694e-41
31018,8.24554e-41
31019,8.22127e-41
31020,8.19468e-41
31021,8.17064e-41
31022,8.14624e-41
31023,8.12149e-41
31024,8.1001e-41
31025,8.07791e-41
31026,8.05654e-41
31027,8.03351e-41
31028,8.01139e-41
31029,7.98756e-41
31030,7.96149e-41
31031,7.93818e-41
31032,7.91509e-41
31033,7.8914e-41
31034,7.86604e-41
31035,7.84367e-41
31036,7.81959e-41
31037,7.79615e-41
31038,7.77334e-41
31039,7.75286e-41
31040,7.73185e-41
31041,7.70795e-41
31042,7.6844e-41
31043,7.66306e-41
31044,7.63869e-41
31045,7.61433e-41
31046,7.59309e-41
31047,7.57206e-41
31048,7.55228e-41
31049,7.53148e-41
31050,7.50777e-41
31051,7.48292e-41
31052,7.45931e-41
31053,7.43766e-41
31054,7.41536e-41
31055,7.39202e-41
31056,7.3692e-41
31057,7.34643e-41
31058,7.32627e-41
31059,7.30296e-41
31060,7.28256e-41
31061,7.26294e-41
31062,7.24255e-41
31063,7.22026e-41
31064,7.19762e-41
31065,7.17781e-41
31066,7.15896e-41
31067,7.13839e-41
31068,7.1161e-41
31069,7.09484e-41
31070,7.07382e-41
31071,7.05063e-41
31072,7.03066e-41
31073,7.01172e-41
31074,6.99252e-41
31075,6.97349e-41
31076,6.95114e-41
31077,6.93048e-41
31078,6.91018e-41
31079,6.88752e-41
31080,6.86552e-41
31081,6.84602e-41
31082,6.8239e-41
31083,6.80366e-41
31084,6.78243e-41
31085,6.76217e-41
31086,6.74336e-41
31087,6.72406e-41
31088,6.70567e-41
31089,6.68619e-41
31090,6.66741e-41
31091,6.64797e-41
31092,6.62777e-41
31093,6.60741e-41
31094,6.58926e-41
31095,6.57052e-41
31096,6.54956e-41
31097,6.53121e-41
31098,6.51059e-41
31099,6.49048e-41
31100,6.46976e-41
31101,6.45118e-41
31102,6.43165e-41
31103,6.41439e-41
31104,6.39561e-41
31105,6.37513e-41
31106,6.35698e-41
31107,6.33846e-41
31108,6.32038e-41
31109,6.30048e-41
31110,6.28196e-41
31111,6.26504e-41
31112,6.24821e-41
31113,6.23039e-41
31114,6.21153e-41
31115,6.19138e-41
31116,6.17079e-41
31117,6.15031e-41
31118,6.13283e-41
31119,6.11627e-41
31120,6.09886e-41
31121,6.0804e-41
31122,6.06177e-41
31123,6.04588e-41
31124,6.02906e-41
31125,6.00994e-41
31126,5.99238e-41
31127,5.97605e-41
31128,5.95997e-41
31129,5.94344e-41
31130,5.92465e-41
31131,5.90493e-41
31132,5.88653e-41
31133,5.86907e-41
31134,5.85343e-41
31135,5.83756e-41
31136,5.821e-41
31137,5.80415e-41
31138,5.78641e-41
31139,5.7682e-41
31140,5.75208e-41
31141,5.73664e-41
31142,5.71841e-41
31143,5.70174e-41
31144,5.68476e-41
31145,5.66777e-41
31146,5.65173e-41
31147,5.63516e-41
31148,5.61867e-41
31149,5.60153e-41
31150,5.58425e-41
31151,5.56616e-41
31152,5.55042e-41
31153,5.53479e-41
31154,5.51699e-41
31155,5.50007e-41
31156,5.48497e-41
31157,5.46942e-41
31158,5.45223e-41
31159,5.43657e-41
31160,5.42001e-41
31161,5.40327e-41
31162,5.38786e-41
31163,5.3727e-41
31164,5.3581e-41
31165,5.3426e-41
31166,5.32681e-41
31167,5.31085e-41
31168,5.29358e-41
31169,5.27902e-41
31170,5.26417e-41
31171,5.24983e-41
31172,5.23503e-41
31173,5.22055e-41
31174,5.20485e-41
31175,5.18794e-41
31176,5.17116e-41
31177,5.15387e-41
31178,5.13875e-41
31179,5.12432e-41
31180,5.10886e-41
31181,5.09523e-41
31182,5.0814e-41
31183,5.06512e-41
31184,5.05025e-41
31185,5.0367e-41
31186,5.02183e-41
31187,5.00645e-41
31188,4.9916e-41
31189,4.9773e-41
31190,4.96425e-41
31191,4.95083e-41
31192,4.93776e-41
31193,4.92371e-41
31194,4.90923e-41
31195,4.89557e-41
31196,4.88003e-41
31197,4.8672e-41
31198,4.85199e-41
31199,4.83649e-41
31200,4.823e-41
31201,4.80986e-41
31202,4.79739e-41
31203,4.78311e-41
31204,4.76913e-41
31205,4.75462e-41
31206,4.74043e-41
31207,4.72713e-41
31208,4.71292e-41
31209,4.6974e-41
31210,4.68294e-41
31211,4.6699e-41
31212,4.65754e-41
31213,4.64305e-41
31214,4.63028e-41
31215,4.61664e-41
31216,4.60155e-41
31217,4.58679e-41
31218,4.57415e-41
31219,4.56086e-41
31220,4.54847e-41
31221,4.5359e-41
31222,4.52215e-41
31223,4.50957e-41
31224,4.49584e-41
31225,4.48358e-41
31226,4.47038e-41
31227,4.45702e-41
31228,4.44469e-41
31229,4.432e-41
31230,4.41938e-41
31231,4.40638e-41
31232,4.39308e-41
31233,4.38046e-41
31234,4.36869e-41
31235,4.35715e-41
31236,4.34576e-41
31237,4.33263e-41
31238,4.32018e-41
31239,4.307e-41
31240,4.29374e-41
31241,4.28257e-41
31242,4.26898e-41
31243,4.25544e-41
31244,4.24168e-41
31245,4.23018e-41
31246,4.21837e-41
31247,4.20515e-41
31248,4.19126e-41
31249,4.17862e-41
31250,4.1669e-41
31251,4.15573e-41
31252,4.1428e-41
31253,4.12907e-41
31254,4.11704e-41
31255,4.10494e-41
31256,4.09383e-41
31257,4.08069e-41
31258,4.0699e-41
31259,4.05827e-41
31260,4.04675e-41
31261,4.03503e-41
31262,4.02194e-41
31263,4.00846e-41
31264,3.99534e-41
31265,3.98471e-41
31266,3.97422e-41
31267,3.96168e-41
31268,3.94906e-41
31269,3.93743e-41
31270,3.92564e-41
31271,3.91417e-41
31272,3.9027e-41
31273,3.89118e-41
31274,3.88046e-41
31275,3.86954e-41
31276,3.85775e-41
31277,3.8462e-41
31278,3.8358e-41
31279,3.8243e-41
31280,3.81413e-41
31281,3.80313e-41
31282,3.79124e-41
31283,3.77883e-41
31284,3.76772e-41
31285,3.75747e-41
31286,3.74671e-41
31287,3.73542e-41
31288,3.72534e-41
31289,3.7145e-41
31290,3.70477e-41
31291,3.69396e-41
31292,3.68193e-41
31293,3.66953e-41
31294,3.65853e-41
31295,3.64691e-41
31296,3.63722e-41
31297,3.62646e-41
31298,3.61522e-41
31299,3.60349e-41
31300,3.59401e-41
31301,3.58404e-41
31302,3.57392e-41
31303,3.56334e-41
31304,3.55205e-41
31305,3.54126e-41
31306,3.52977e-41
31307,3.51926e-41
31308,3.50977e-41
31309,3.50054e-41
31310,3.49117e-41
31311,3.48157e-41
31312,3.47133e-41
31313,3.46008e-41
31314,3.45066e-41
31315,3.43951e-41
31316,3.43029e-41
31317,3.4201e-41
31318,3.40976e-41
31319,3.40025e-41
31320,3.39123e-41
31321,3.38102e-41
31322,3.37031e-41
31323,3.36143e-41
31324,3.35132e-41
31325,3.34188e-41
31326,3.33124e-41
31327,3.3207e-41
31328,3.30981e-41
31329,3.29968e-41
31330,3.28957e-41
31331,3.27872e-41
31332,3.26789e-41
31333,3.25943e-41
31334,3.24993e-41
31335,3.23987e-41
31336,3.23005e-41
31337,3.22067e-41
31338,3.21182e-41
31339,3.20192e-41
31340,3.19244e-41
31341,3.18333e-41
31342,3.17507e-41
31343,3.16676e-41
31344,3.15797e-41
31345,3.1494e-41
31346,3.14118e-41
31347,3.13221e-41
31348,3.12242e-41
31349,3.11281e-41
31350,3.10313e-41
31351,3.09303e-41
31352,3.08425e-41
31353,3.07519e-41
31354,3.06514e-41
31355,3.05485e-41
31356,3.04487e-41
31357,3.03497e-41
31358,3.02535e-41
31359,3.01579e-41
31360,3.00695e-41
31361,2.99833e-41
31362,2.98908e-41
31363,2.98054e-41
31364,2.97201e-41
31365,2.96379e-41
31366,2.95594e-41
31367,2.94829e-41
31368,2.93939e-41
31369,2.93108e-41
31370,2.92199e-41
31371,2.91399e-41
31372,2.9051e-41
31373,2.89593e-41
31374,2.88789e-41
31375,2.88038e-41
31376,2.87119e-41
31377,2.86312e-41
31378,2.85485e-41
31379,2.84596e-41
31380,2.83658e-41
31381,2.82888e-41
31382,2.82035e-41
31383,2.81249e-41
31384,2.80394e-41
31385,2.7954e-41
31386,2.78764e-41
31387,2.77945e-41
31388,2.77132e-41
31389,2.76413e-41
31390,2.7565e-41
31391,2.74766e-41
31392,2.73968e-41
31393,2.73257e-41
31394,2.72498e-41
31395,2.71645e-41
31396,2.70887e-41
31397,2.70112e-41
31398,2.69261e-41
31399,2.68367e-41
31400,2.67515e-41
31401,2.66703e-41
31402,2.65979e-41
31403,2.65212e-41
31404,2.6446e-41
31405,2.63698e-41
31406,2.62929e-41
31407,2.62187e-41
31408,2.6138e-41
31409,2.60525e-41
31410,2.5983e-41
31411,2.59045e-41
31412,2.58358e-41
31413,2.57564e-41
31414,2.56716e-41
31415,2.55894e-41
31416,2.55154e-41
31417,2.54455e-41
31418,2.53747e-41
31419,2.52941e-41
31420,2.52241e-41
31421,2.51491e-41
31422,2.50692e-41
31423,2.49919e-41
31424,2.49162e-41
31425,2.48493e-41
31426,2.47775e-41
31427,2.46984e-41
31428,2.46241e-41
31429,2.45552e-41
31430,2.44777e-41
31431,2.4409e-41
31432,2.43313e-41
31433,2.42679e-41
31434,2.41937e-41
31435,2.41267e-41
31436,2.40569e-41
31437,2.39908e-41
31438,2.39195e-41
31439,2.38543e-41
31440,2.379e-41
31441,2.37179e-41
31442,2.36414e-41
31443,2.35755e-41
31444,2.35073e-41
31445,2.34328e-41
31446,2.33715e-41
31447,2.32984e-41
31448,2.32372e-41
31449,2.3172e-41
31450,2.31004e-41
31451,2.30356e-41
31452,2.29615e-41
31453,2.2892e-41
31454,2.28169e-41
31455,2.27483e-41
31456,2.26777e-41
31457,2.26118e-41
31458,2.25469e-41
31459,2.24844e-41
31460,2.24154e-41
31461,2.23531e-41
31462,2.22869e-41
31463,2.22196e-41
31464,2.21574e-41
31465,2.20954e-41
31466,2.20254e-41
31467,2.19558e-41
31468,2.18898e-41
31469,2.18259e-41
31470,2.1755e-41
31471,2.16865e-41
31472,2.16279e-41
31473,2.15603e-41
31474,2.14886e-41
31475,2.14224e-41
31476,2.13565e-41
31477,2.13008e-41
31478,2.12393e-41
31479,2.11737e-41
31480,2.1113e-41
31481,2.1055e-41
31482,2.10002e-41
31483,2.09418e-41
31484,2.08763e-41
31485,2.08068e-41
31486,2.07389e-41
31487,2.06767e-41
31488,2.0617e-41
31489,2.05599e-41
31490,2.04958e-41
31491,2.04405e-41
31492,2.03808e-41
31493,2.03228e-41
31494,2.02597e-41
31495,2.01949e-41
31496,2.0132e-41
31497,2.00704e-41
31498,2.001e-41
31499,1.99548e-41
31500,1.99019e-41
31501,1.98437e-41
31502,1.9779e-41
31503,1.97239e-41
31504,1.96681e-41
31505,1.96045e-41
31506,1.95405e-41
31507,1.94896e-41
31508,1.94271e-41
31509,1.93715e-41
31510,1.93113e-41
31511,1.92561e-41
31512,1.91984e-41
31513,1.91379e-41
31514,1.90785e-41
31515,1.90233e-41
31516,1.89638e-41
31517,1.89072e-41
31518,1.88455e-41
31519,1.87938e-41
31520,1.87353e-41
31521,1.86764e-41
31522,1.86231e-41
31523,1.85709e-41
31524,1.85214e-41
31525,1.84721e-41
31526,1.84226e-41
31527,1.83654e-41
31528,1.83075e-41
31529,1.82502e-41
31530,1.82023e-41
31531,1.81454e-41
31532,1.8095e-41
31533,1.80479e-41
31534,1.8e-41
31535,1.79463e-41
31536,1.78873e-41
31537,1.78272e-41
31538,1.77716e-41
31539,1.77128e-41
31540,1.7662e-41
31541,1.76113e-41
31542,1.75617e-41
31543,1.7505e-41
31544,1.74569e-41
31545,1.74114e-41
31546,1.73625e-41
31547,1.73059e-41
31548,1.72536e-41
31549,1.72051e-41
31550,1.71583e-41
31551,1.71099e-41
31552,1.7065e-41
31553,1.70149e-41
31554,1.69627e-41
31555,1.69166e-41
31556,1.68654e-41
31557,1.68115e-41
31558,1.67553e-41
31559,1.67061e-41
31560,1.66563e-41
31561,1.66127e-41
31562,1.65667e-41
31563,1.65148e-41
31564,1.64713e-41
31565,1.64244e-41
31566,1.63769e-41
31567,1.6334e-41
31568,1.62877e-41
31569,1.62444e-41
31570,1.62022e-41
31571,1.61527e-41
31572,1.61047e-41
31573,1.60589e-41
31574,1.60096e-41
31575,1.59596e-41
31576,1.59136e-41
31577,1.58717e-41
31578,1.58233e-41
31579,1.57713e-41
31580,1.57258e-41
31581,1.5675e-41
31582,1.56306e-41
31583,1.55854e-41
31584,1.55398e-41
31585,1.54996e-41
31586,1.54534e-41
31587,1.54116e-41
31588,1.53633e-41
31589,1.53164e-41
31590,1.527e-41
31591,1.52259e-41
31592,1.51796e-41
31593,1.51303e-41
31594,1.50883e-41
31595,1.5042e-41
31596,1.49996e-41
31597,1.49537e-41
31598,1.49066e-41
31599,1.48598e-41
31600,1.48124e-41
31601,1.47651e-41
31602,1.47215e-41
31603,1.468e-41
31604,1.46404e-41
31605,1.46008e-41
31606,1.45624e-41
31607,1.45196e-41
31608,1.44794e-41
31609,1.44342e-41
31610,1.43914e-41
31611,1.43475e-41
31612,1.43026e-41
31613,1.42567e-41
31614,1.42187e-41
31615,1.41799e-41
31616,1.41354e-41
31617,1.40911e-41
31618,1.40504e-41
31619,1.40074e-41
31620,1.39675e-41
31621,1.39313e-41
31622,1.38944e-41
31623,1.38583e-41
31624,1.38146e-41
31625,1.37751e-41
31626,1.37325e-41
31627,1.36945e-41
31628,1.36587e-41
31629,1.36188e-41
31630,1.35744e-41
31631,1.35303e-41
31632,1.34918e-41
31633,1.34528e-41
31634,1.34163e-41
31635,1.33773e-41
31636,1.33368e-41
31637,1.32998e-41
31638,1.3265e-41
31639,1.32231e-41
31640,1.31883e-41
31641,1.31495e-41
31642,1.31103e-41
31643,1.30689e-41
31644,1.30312e-41
31645,1.29915e-41
31646,1.29576e-41
31647,1.29221e-41
31648,1.28853e-41
31649,1.28482e-41
31650,1.28066e-41
31651,1.2766e-41
31652,1.27288e-41
31653,1.26954e-41
31654,1.26563e-41
31655,1.26203e-41
31656,1.25842e-41
31657,1.25471e-41
31658,1.25094e-41
31659,1.24729e-41
31660,1.24401e-41
31661,1.24036e-41
31662,1.23687e-41
31663,1.23335e-41
31664,1.23015e-41
31665,1.22658e-41
31666,1.22266e-41
31667,1.21889e-41
31668,1.21504e-41
31669,1.21104e-41
31670,1.20738e-41
31671,1.20353e-41
31672,1.19995e-41
31673,1.19675e-41
31674,1.19316e-41
31675,1.18931e-41
31676,1.18551e-41
31677,1.18183e-41
31678,1.17865e-41
31679,1.17546e-41
31680,1.17234e-41
31681,1.16924e-41
31682,1.16552e-41
31683,1.16202e-41
31684,1.15889e-41
31685,1.15535e-41
31686,1.15161e-41
31687,1.14813e-41
31688,1.14495e-41
31689,1.14161e-41
31690,1.13864e-41
31691,1.13547e-41
31692,1.1325e-41
31693,1.12933e-41
31694,1.12587e-41
31695,1.12291e-41
31696,1.1194e-41
31697,1.11601e-41
31698,1.11254e-41
31699,1.10915e-41
31700,1.10585e-41
31701,1.10278e-41
31702,1.09958e-41
31703,1.09672e-41
31704,1.09361e-41
31705,1.09071e-41
31706,1.08724e-41
31707,1.08428e-41
31708,1.08092e-41
31709,1.07806e-41
31710,1.07502e-41
31711,1.07159e-41
31712,1.06868e-41
31713,1.0657e-41
31714,1.06263e-41
31715,1.05964e-41
31716,1.05687e-41
31717,1.05391e-41
31718,1.05057e-41
31719,1.04761e-41
31720,1.04431e-41
31721,1.0409e-41
31722,1.0377e-41
31723,1.03433e-41
31724,1.03146e-41
31725,1.02857e-41
31726,1.02524e-41
31727,1.02251e-41
31728,1.01926e-41
31729,1.0161e-41
31730,1.01293e-41
31731,1.00996e-41
31732,1.00667e-41
31733,1.00392e-41
31734,1.00099e-41
31735,9.98163e-42
31736,9.95383e-42
31737,9.92519e-42
31738,9.89592e-42
31739,9.86977e-42
31740,9.84099e-42
31741,9.80938e-42
31742,9.77664e-42
31743,9.74589e-42
31744,9.71912e-42
31745,9.69132e-42
31746,9.66614e-42
31747,9.63958e-42
31748,9.60982e-42
31749,9.57858e-42
31750,9.54958e-42
31751,9.52072e-42
31752,9.49059e-42
31753,9.46467e-42
31754,9.43709e-42
31755,9.41242e-42
31756,9.38496e-42
31757,9.35764e-42
31758,9.33255e-42
31759,9.30564e-42
31760,9.28063e-42
31761,9.2515e-42
31762,9.2211e-42
31763,9.19651e-42
31764,9.17245e-42
31765,9.14626e-42
31766,9.11977e-42
31767,9.09402e-42
31768,9.06514e-42
31769,9.03492e-42
31770,9.00848e-42
31771,8.98269e-42
31772,8.95403e-42
31773,8.92811e-42
31774,8.90445e-42
31775,8.88087e-42
31776,8.85327e-42
31777,8.82962e-42
31778,8.80475e-42
31779,8.7785e-42
31780,8.7557e-42
31781,8.72799e-42
31782,8.70417e-42
31783,8.677e-42
31784,8.65377e-42
31785,8.62754e-42
31786,8.59983e-42
31787,8.57326e-42
31788,8.55007e-42
31789,8.52796e-42
31790,8.50528e-42
31791,8.4816e-42
31792,8.45479e-42
31793,8.4326e-42
31794,8.40859e-42
31795,8.38161e-42
31796,8.35681e-42
31797,8.33003e-42
31798,8.30684e-42
31799,8.28338e-42
31800,8.25716e-42
31801,8.2315e-42
31802,8.2056e-42
31803,8.1798e-42
31804,8.15807e-42
31805,8.13256e-42
31806,8.10641e-42
31807,8.07971e-42
31808,8.05263e-42
31809,8.0305e-42
31810,8.00705e-42
31811,7.98082e-42
31812,7.95934e-42
31813,7.93517e-42
31814,7.90999e-42
31815,7.88797e-42
31816,7.86551e-42
31817,7.84157e-42
31818,7.81605e-42
31819,7.79243e-42
31820,7.76848e-42
31821,7.74818e-42
31822,7.72392e-42
31823,7.70082e-42
31824,7.68041e-42
31825,7.65914e-42
31826,7.63702e-42
31827,7.61423e-42
31828,7.59365e-42
31829,7.57049e-42
31830,7.54574e-42
31831,7.5261e-42
31832,7.50473e-42
31833,7.4818e-42
31834,7.45827e-42
31835,7.43616e-42
31836,7.41406e-42
31837,7.39169e-42
31838,7.37032e-42
31839,7.34864e-42
31840,7.32544e-42
31841,7.30133e-42
31842,7.27955e-42
31843,7.2558e-42
31844,7.23345e-42
31845,7.21308e-42
31846,7.19341e-42
31847,7.17468e-42
31848,7.15172e-42
31849,7.13253e-42
31850,7.11139e-42
31851,7.08967e-42
31852,7.07047e-42
31853,7.05007e-42
31854,7.03086e-42
31855,7.01149e-42
31856,6.98987e-42
31857,6.9684e-42
31858,6.94607e-42
31859,6.9232e-42
31860,6.90324e-42
31861,6.88168e-42
31862,6.85903e-42
31863,6.83704e-42
31864,6.81689e-42
31865,6.79586e-42
31866,6.77683e-42
31867,6.75924e-42
31868,6.74044e-42
31869,6.7198e-42
31870,6.69981e-42
31871,6.68187e-42
31872,6.66182e-42
31873,6.64443e-42
31874,6.62693e-42
31875,6.60862e-42
31876,6.59e-42
31877,6.57168e-42
31878,6.55332e-42
31879,6.53491e-42
31880,6.51617e-42
31881,6.49528e-42
31882,6.4735e-42
31883,6.45371e-42
31884,6.43529e-42
31885,6.41776e-42
31886,6.39761e-42
31887,6.38049e-42
31888,6.36046e-42
31889,6.34071e-42
31890,6.32412e-42
31891,6.30681e-42
31892,6.28856e-42
31893,6.268e-42
31894,6.25165e-42
31895,6.23181e-42
31896,6.2124e-42
31897,6.19484e-42
31898,6.1748e-42
31899,6.15877e-42
31900,6.14271e-42
31901,6.12494e-42
31902,6.1085e-42
31903,6.09001e-42
31904,6.07192e-42
31905,6.05526e-42
31906,6.03574e-42
31907,6.01602e-42
31908,5.99805e-42
31909,5.98132e-42
31910,5.96499e-42
31911,5.94592e-42
31912,5.92969e-42
31913,5.91351e-42
31914,5.8962e-42
31915,5.87866e-42
31916,5.86169e-42
31917,5.84502e-42
31918,5.82721e-42
31919,5.81092e-42
31920,5.79565e-42
31921,5.77803e-42
31922,5.76085e-42
31923,5.74376e-42
31924,5.72601e-42
31925,5.70882e-42
31926,5.69209e-42
31927,5.67574e-42
31928,5.65761e-42
31929,5.64107e-42
31930,5.62482e-42
31931,5.60669e-42
31932,5.58815e-42
31933,5.57118e-42
31934,5.55429e-42
31935,5.53806e-42
31936,5.52066e-42
31937,5.50396e-42
31938,5.48835e-42
31939,5.47301e-42
31940,5.45567e-42
31941,5.43923e-42
31942,5.4242e-42
31943,5.40997e-42
31944,5.39331e-42
31945,5.3763e-42
31946,5.3599e-42
31947,5.34523e-42
31948,5.3309e-42
31949,5.31611e-42
31950,5.30061e-42
31951,5.28612e-42
31952,5.27239e-42
31953,5.25867e-42
31954,5.24261e-42
31955,5.22625e-42
31956,5.21043e-42
31957,5.19608e-42
31958,5.18217e-42
31959,5.16718e-42
31960,5.15141e-42
31961,5.13597e-42
31962,5.1212e-42
31963,5.10582e-42
31964,5.09212e-42
31965,5.07891e-42
31966,5.06555e-42
31967,5.04948e-42
31968,5.03412e-42
31969,5.01956e-42
31970,5.00574e-42
31971,4.99125e-42
31972,4.97493e-42
31973,4.96016e-42
31974,4.94547e-42
31975,4.92996e-42
31976,4.91625e-42
31977,4.90307e-42
31978,4.88729e-42
31979,4.87312e-42
31980,4.85902e-42
31981,4.84484e-42
31982,4.83021e-42
31983,4.8161e-42
31984,4.80193e-42
31985,4.78825e-42
31986,4.77524e-42
31987,4.76257e-42
31988,4.74843e-42
31989,4.73501e-42
31990,4.72091e-42
31991,4.70775e-42
31992,4.69275e-42
31993,4.67708e-42
31994,4.66165e-42
31995,4.64946e-42
31996,4.63743e-42
31997,4.62266e-42
31998,4.60729e-42
31999,4.59316e-42
32000,4.57998e-42
32001,4.56747e-42
32002,4.55543e-42
32003,4.54258e-42
32004,4.52867e-42
32005,4.51495e-42
32006,4.50279e-42
32007,4.48834e-42
32008,4.47413e-42
32009,4.46212e-42
32010,4.44951e-42
32011,4.43741e-42
32012,4.42416e-42
32013,4.40956e-42
32014,4.39585e-42
32015,4.38408e-42
32016,4.3717e-42
32017,4.35785e-42
32018,4.34583e-42
32019,4.33178e-42
32020,4.31992e-42
32021,4.30645e-42
32022,4.29448e-42
32023,4.28308e-42
32024,4.26984e-42
32025,4.25831e-42
32026,4.24692e-42
32027,4.23376e-42
32028,4.22243e-42
32029,4.21122e-42
32030,4.19924e-42
32031,4.18693e-42
32032,4.17515e-42
32033,4.16299e-42
32034,4.14965e-42
32035,4.13883e-42
32036,4.1279e-42
32037,4.11714e-42
32038,4.10393e-42
32039,4.09065e-42
32040,4.07953e-42
32041,4.068e-42
32042,4.05736e-42
32043,4.04488e-42
32044,4.03332e-42
32045,4.02093e-42
32046,4.00784e-42
32047,3.99515e-42
32048,3.9831e-42
32049,3.9724e-42
32050,3.96028e-42
32051,3.94781e-42
32052,3.93477e-42
32053,3.92152e-42
32054,3.90862e-42
32055,3.89621e-42
32056,3.88571e-42
32057,3.87563e-42
32058,3.86429e-42
32059,3.85358e-42
32060,3.8433e-42
32061,3.83101e-42
32062,3.81882e-42
32063,3.80764e-42
32064,3.79661e-42
32065,3.78505e-42
32066,3.77394e-42
32067,3.76275e-42
32068,3.75116e-42
32069,3.74014e-42
32070,3.72946e-42
32071,3.7176e-42
32072,3.70558e-42
32073,3.69476e-42
32074,3.68352e-42
32075,3.6734e-42
32076,3.66357e-42
32077,3.65277e-42
32078,3.64083e-42
32079,3.6294e-42
32080,3.61808e-42
32081,3.60686e-42
32082,3.59625e-42
32083,3.58528e-42
32084,3.57424e-42
32085,3.56407e-42
32086,3.55386e-42
32087,3.54267e-42
32088,3.53254e-42
32089,3.52108e-42
32090,3.51174e-42
32091,3.50156e-42
32092,3.49027e-42
32093,3.47892e-42
32094,3.46736e-42
32095,3.45739e-42
32096,3.4472e-42
32097,3.43725e-42
32098,3.42622e-42
32099,3.41677e-42
32100,3.4059e-42
32101,3.39635e-42
32102,3.38735e-42
32103,3.37698e-42
32104,3.36646e-42
32105,3.35587e-42
32106,3.34473e-42
32107,3.3338e-42
32108,3.32434e-42
32109,3.31363e-42
32110,3.30361e-42
32111,3.295e-42
32112,3.28519e-42
32113,3.27658e-42
32114,3.2667e-42
32115,3.25753e-42
32116,3.24823e-42
32117,3.23962e-42
32118,3.23098e-42
32119,3.22104e-42
32120,3.21258e-42
32121,3.20384e-42
32122,3.19501e-42
32123,3.18469e-42
32124,3.17626e-42
32125,3.16763e-42
32126,3.15874e-42
32127,3.14928e-42
32128,3.13972e-42
32129,3.13104e-42
32130,3.12122e-42
32131,3.1119e-42
32132,3.10266e-42
32133,3.09259e-42
32134,3.0839e-42
32135,3.0754e-42
32136,3.06608e-42
32137,3.05756e-42
32138,3.04943e-42
32139,3.03961e-42
32140,3.03128e-42
32141,3.02208e-42
32142,3.01421e-42
32143,3.00485e-42
32144,2.99545e-42
32145,2.9861e-42
32146,2.97807e-42
32147,2.97012e-42
32148,2.9609e-42
32149,2.95265e-42
32150,2.94324e-42
32151,2.93368e-42
32152,2.92499e-42
32153,2.91709e-42
32154,2.90794e-42
32155,2.8992e-42
32156,2.89092e-42
32157,2.88308e-42
32158,2.87531e-42
32159,2.86787e-42
32160,2.85968e-42
32161,2.85228e-42
32162,2.84396e-42
32163,2.83467e-42
32164,2.82529e-42
32165,2.81613e-42
32166,2.80835e-42
32167,2.79996e-42
32168,2.79255e-42
32169,2.78472e-42
32170,2.77639e-42
32171,2.76863e-42
32172,2.76143e-42
32173,2.75321e-42
32174,2.74585e-42
32175,2.73742e-42
32176,2.72964e-42
32177,2.72211e-42
32178,2.71346e-42
32179,2.70612e-42
32180,2.6982e-42
32181,2.68972e-42
32182,2.68271e-42
32183,2.67576e-42
32184,2.66724e-42
32185,2.65857e-42
32186,2.65051e-42
32187,2.64301e-42
32188,2.63606e-42
32189,2.62801e-42
32190,2.62057e-42
32191,2.6129e-42
32192,2.60479e-42
32193,2.59635e-42
32194,2.58868e-42
32195,2.58076e-42
32196,2.57276e-42
32197,2.56476e-42
32198,2.5576e-42
32199,2.54964e-42
32200,2.54295e-42
32201,2.53497e-42
32202,2.52826e-42
32203,2.52161e-42
32204,2.51428e-42
32205,2.50742e-42
32206,2.49957e-42
32207,2.4915e-42
32208,2.48417e-42
32209,2.47648e-42
32210,2.47004e-42
32211,2.46213e-42
32212,2.45479e-42
32213,2.44836e-42
32214,2.44049e-42
32215,2.43328e-42
32216,2.4254e-42
32217,2.41805e-42
32218,2.41037e-42
32219,2.40232e-42
32220,2.39551e-42
32221,2.38907e-42
32222,2.38213e-42
32223,2.37588e-42
32224,2.3697e-42
32225,2.36214e-42
32226,2.35472e-42
32227,2.34734e-42
32228,2.34008e-42
32229,2.33402e-42
32230,2.32724e-42
32231,2.32004e-42
32232,2.31253e-42
32233,2.30547e-42
32234,2.29816e-42
32235,2.29153e-42
32236,2.28433e-42
32237,2.27733e-42
32238,2.27103e-42
32239,2.26475e-42
32240,2.25836e-42
32241,2.25211e-42
32242,2.2459e-42
32243,2.23879e-42
32244,2.23247e-42
32245,2.22631e-42
32246,2.22002e-42
32247,2.21392e-42
32248,2.20699e-42
32249,2.201e-42
32250,2.19498e-42
32251,2.1891e-42
32252,2.18299e-42
32253,2.17629e-42
32254,2.17034e-42
32255,2.16424e-42
32256,2.15763e-42
32257,2.15058e-42
32258,2.14489e-42
32259,2.13884e-42
32260,2.13197e-42
32261,2.12548e-42
32262,2.11983e-42
32263,2.11325e-42
32264,2.10748e-42
32265,2.10079e-42
32266,2.09503e-42
32267,2.08824e-42
32268,2.08197e-42
32269,2.07591e-42
32270,2.07015e-42
32271,2.06357e-42
32272,2.05709e-42
32273,2.05096e-42
32274,2.04452e-42
32275,2.03917e-42
32276,2.0329e-42
32277,2.02744e-42
32278,2.02183e-42
32279,2.01579e-42
32280,2.01013e-42
32281,2.00424e-42
32282,1.99801e-42
32283,1.9919e-42
32284,1.9864e-42
32285,1.98002e-42
32286,1.9734e-42
32287,1.96682e-42
32288,1.96037e-42
32289,1.95521e-42
32290,1.94978e-42
32291,1.94369e-42
32292,1.93772e-42
32293,1.93213e-42
32294,1.92631e-42
32295,1.92015e-42
32296,1.91473e-42
32297,1.90872e-42
32298,1.90257e-42
32299,1.8964e-42
32300,1.8911e-42
32301,1.88607e-42
32302,1.88029e-42
32303,1.87406e-42
32304,1.86826e-42
32305,1.86271e-42
32306,1.85784e-42
32307,1.85255e-42
32308,1.84693e-42
32309,1.84172e-42
32310,1.83694e-42
32311,1.83108e-42
32312,1.82517e-42
32313,1.81937e-42
32314,1.81383e-42
32315,1.80904e-42
32316,1.80355e-42
32317,1.79812e-42
32318,1.79346e-42
32319,1.78816e-42
32320,1.78273e-42
32321,1.77771e-42
32322,1.77265e-42
32323,1.76771e-42
32324,1.76228e-42
32325,1.75772e-42
32326,1.75303e-42
32327,1.74846e-42
32328,1.74304e-42
32329,1.73725e-42
32330,1.73154e-42
32331,1.72694e-42
32332,1.72236e-42
32333,1.71722e-42
32334,1.71267e-42
32335,1.70744e-42
32336,1.70284e-42
32337,1.6983e-42
32338,1.69374e-42
32339,1.68848e-42
32340,1.68355e-42
32341,1.67899e-42
32342,1.6738e-42
32343,1.66912e-42
32344,1.66374e-42
32345,1.65896e-42
32346,1.65425e-42
32347,1.64924e-42
32348,1.64382e-42
32349,1.63909e-42
32350,1.63457e-42
32351,1.6297e-42
32352,1.62468e-42
32353,1.61972e-42
32354,1.61447e-42
32355,1.60978e-42
32356,1.6049e-42
32357,1.60071e-42
32358,1.59613e-42
32359,1.59149e-42
32360,1.58736e-42
32361,1.58293e-42
32362,1.57825e-42
32363,1.57403e-42
32364,1.569e-42
32365,1.56417e-42
32366,1.55914e-42
32367,1.55497e-42
32368,1.55019e-42
32369,1.54616e-42
32370,1.54128e-42
32371,1.53704e-42
32372,1.53288e-42
32373,1.52822e-42
32374,1.52371e-42
32375,1.51963e-42
32376,1.51562e-42
32377,1.51088e-42
32378,1.50608e-42
32379,1.50214e-42
32380,1.49804e-42
32381,1.49413e-42
32382,1.48967e-42
32383,1.48484e-42
32384,1.48021e-42
32385,1.4758e-42
32386,1.47164e-42
32387,1.46752e-42
32388,1.46317e-42
32389,1.45858e-42
32390,1.45395e-42
32391,1.44955e-42
32392,1.44569e-42
32393,1.44164e-42
32394,1.43724e-42
32395,1.43345e-42
32396,1.42887e-42
32397,1.42456e-42
32398,1.42069e-42
32399,1.41634e-42
32400,1.41209e-42
32401,1.40832e-42
32402,1.40383e-42
32403,1.39939e-42
32404,1.39491e-42
32405,1.39083e-42
32406,1.38637e-42
32407,1.38183e-42
32408,1.37793e-42
32409,1.37374e-42
32410,1.36925e-42
32411,1.36514e-42
32412,1.36091e-42
32413,1.35681e-42
32414,1.35286e-42
32415,1.34899e-42
32416,1.34542e-42
32417,1.34127e-42
32418,1.3371e-42
32419,1.33299e-42
32420,1.32899e-42
32421,1.32508e-42
32422,1.32145e-42
32423,1.31744e-42
32424,1.31325e-42
32425,1.30893e-42
32426,1.30477e-42
32427,1.30061e-42
32428,1.29677e-42
32429,1.29257e-42
32430,1.28869e-42
32431,1.28532e-42
32432,1.28197e-42
32433,1.27827e-42
32434,1.27426e-42
32435,1.27016e-42
32436,1.26596e-42
32437,1.26201e-42
32438,1.25805e-42
32439,1.25458e-42
32440,1.25105e-42
32441,1.24725e-42
32442,1.24332e-42
32443,1.24005e-42
32444,1.23666e-42
32445,1.23328e-42
32446,1.22973e-42
32447,1.22627e-42
32448,1.22309e-42
32449,1.21981e-42
32450,1.21589e-42
32451,1.21221e-42
32452,1.2085e-42
32453,1.20519e-42
32454,1.20188e-42
32455,1.1984e-42
32456,1.1952e-42
32457,1.19135e-42
32458,1.18801e-42
32459,1.18447e-42
32460,1.18063e-42
32461,1.17683e-42
32462,1.17321e-42
32463,1.16935e-42
32464,1.16606e-42
32465,1.16271e-42
32466,1.15907e-42
32467,1.15588e-42
32468,1.15281e-42
32469,1.14944e-42
32470,1.1461e-42
32471,1.14278e-42
32472,1.13967e-42
32473,1.13655e-42
32474,1.13324e-42
32475,1.12996e-42
32476,1.12669e-42
32477,1.12303e-42
32478,1.11946e-42
32479,1.11617e-42
32480,1.1132e-42
32481,1.10979e-42
32482,1.10689e-42
32483,1.10351e-42
32484,1.09989e-42
32485,1.0968e-42
32486,1.0938e-42
32487,1.09091e-42
32488,1.08791e-42
32489,1.08473e-42
32490,1.08142e-42
32491,1.07848e-42
32492,1.07547e-42
32493,1.07247e-42
32494,1.0696e-42
32495,1.06642e-42
32496,1.06311e-42
32497,1.05962e-42
32498,1.05619e-42
32499,1.05279e-42
32500,1.04968e-42
32501,1.04675e-42
32502,1.04387e-42
32503,1.0407e-42
32504,1.03762e-42
32505,1.03438e-42
32506,1.03162e-42
32507,1.02831e-42
32508,1.0251e-42
32509,1.02177e-42
32510,1.01879e-42
32511,1.01559e-42
32512,1.01247e-42
32513,1.00952e-42
32514,1.00651e-42
32515,1.00349e-42
32516,1.00037e-42
32517,9.97195e-43
32518,9.94119e-43
32519,9.90814e-43
32520,9.8802e-43
32521,9.8525e-43
32522,9.8258e-43
32523,9.79654e-43
32524,9.76684e-43
32525,9.73929e-43
32526,9.71275e-43
32527,9.68542e-43
32528,9.65868e-43
32529,9.63351e-43
32530,9.6076e-43
32531,9.5782e-43
32532,9.55126e-43
32533,9.52382e-43
32534,9.49647e-43
32535,9.46659e-43
32536,9.44081e-43
32537,9.4131e-43
32538,9.38366e-43
32539,9.35317e-43
32540,9.32591e-43
32541,9.30059e-43
32542,9.27236e-43
32543,9.24801e-43
32544,9.22041e-43
32545,9.19492e-43
32546,9.16724e-43
32547,9.14116e-43
32548,9.11728e-43
32549,9.09202e-43
32550,9.06636e-43
32551,9.04088e-43
32552,9.01375e-43
32553,8.98694e-43
32554,8.95771e-43
32555,8.93288e-43
32556,8.90467e-43
32557,8.88068e-43
32558,8.85436e-43
32559,8.83071e-43
32560,8.80691e-43
32561,8.77986e-43
32562,8.75163e-43
32563,8.72576e-43
32564,8.70211e-43
32565,8.6781e-43
32566,8.65397e-43
32567,8.62954e-43
32568,8.60254e-43
32569,8.57989e-43
32570,8.55641e-43
32571,8.53304e-43
32572,8.5096e-43
32573,8.48238e-43
32574,8.45864e-43
32575,8.43179e-43
32576,8.40884e-43
32577,8.38207e-43
32578,8.3589e-43
32579,8.33607e-43
32580,8.31338e-43
32581,8.28868e-43
32582,8.26401e-43
32583,8.23778e-43
32584,8.21568e-43
32585,8.19188e-43
32586,8.17035e-43
32587,8.14414e-43
32588,8.11917e-43
32589,8.09432e-43
32590,8.07277e-43
32591,8.0478e-43
32592,8.02462e-43
32593,7.99856e-43
32594,7.97618e-43
32595,7.9525e-43
32596,7.93067e-43
32597,7.9072e-43
32598,7.88156e-43
32599,7.86104e-43
32600,7.83763e-43
32601,7.81645e-43
32602,7.795e-43
32603,7.77036e-43
32604,7.74973e-43
32605,7.72712e-43
32606,7.70309e-43
32607,7.68163e-43
32608,7.65953e-43
32609,7.63454e-43
32610,7.6119e-43
32611,7.58873e-43
32612,7.56595e-43
32613,7.54621e-43
32614,7.5245e-43
32615,7.50143e-43
32616,7.47919e-43
32617,7.45707e-43
32618,7.43418e-43
32619,7.4142e-43
32620,7.39422e-43
32621,7.37135e-43
32622,7.3472e-43
32623,7.32495e-43
32624,7.30206e-43
32625,7.28206e-43
32626,7.2626e-43
32627,7.23933e-43
32628,7.21634e-43
32629,7.19738e-43
32630,7.17429e-43
32631,7.15356e-43
32632,7.13399e-43
32633,7.11446e-43
32634,7.09482e-43
32635,7.07503e-43
32636,7.05319e-43
32637,7.03488e-43
32638,7.01418e-43
32639,6.99513e-43
32640,6.97252e-43
32641,6.95418e-43
32642,6.93258e-43
32643,6.91175e-43
32644,6.89343e-43
32645,6.87435e-43
32646,6.85541e-43
32647,6.83494e-43
32648,6.81331e-43
32649,6.79085e-43
32650,6.76932e-43
32651,6.74679e-43
32652,6.72546e-43
32653,6.70466e-43
32654,6.68465e-43
32655,6.66516e-43
32656,6.64387e-43
32657,6.62329e-43
32658,6.60408e-43
32659,6.58408e-43
32660,6.56361e-43
32661,6.54463e-43
32662,6.52757e-43
32663,6.50687e-43
32664,6.48689e-43
32665,6.46871e-43
32666,6.45094e-43
32667,6.43262e-43
32668,6.41465e-43
32669,6.39456e-43
32670,6.3753e-43
32671,6.35745e-43
32672,6.3373e-43
32673,6.31904e-43
32674,6.29896e-43
32675,6.27807e-43
32676,6.25847e-43
32677,6.24176e-43
32678,6.22339e-43
32679,6.20518e-43
32680,6.18894e-43
32681,6.17178e-43
32682,6.15395e-43
32683,6.13478e-43
32684,6.1145e-43
32685,6.09388e-43
32686,6.07703e-43
32687,6.05796e-43
32688,6.0393e-43
32689,6.02081e-43
32690,6.00318e-43
32691,5.98607e-43
32692,5.97038e-43
32693,5.95309e-43
32694,5.93641e-43
32695,5.91832e-43
32696,5.89962e-43
32697,5.8819e-43
32698,5.8664e-43
32699,5.8509e-43
32700,5.83442e-43
32701,5.81684e-43
32702,5.80019e-43
32703,5.78427e-43
32704,5.76923e-43
32705,5.75346e-43
32706,5.73787e-43
32707,5.72046e-43
32708,5.70422e-43
32709,5.68658e-43
32710,5.67115e-43
32711,5.65505e-43
32712,5.64027e-43
32713,5.62347e-43
32714,5.60833e-43
32715,5.59382e-43
32716,5.57722e-43
32717,5.56134e-43
32718,5.54379e-43
32719,5.52832e-43
32720,5.51399e-43
32721,5.49871e-43
32722,5.48213e-43
32723,5.46774e-43
32724,5.45087e-43
32725,5.43293e-43
32726,5.41571e-43
32727,5.39934e-43
32728,5.38341e-43
32729,5.36642e-43
32730,5.34986e-43
32731,5.33261e-43
32732,5.31702e-43
32733,5.30311e-43
32734,5.28909e-43
32735,5.27389e-43
32736,5.25924e-43
32737,5.24467e-43
32738,5.2306e-43
32739,5.21499e-43
32740,5.20143e-43
32741,5.18696e-43
32742,5.17352e-43
32743,5.15995e-43
32744,5.14357e-43
32745,5.12966e-43
32746,5.11621e-43
32747,5.10121e-43
32748,5.08615e-43
32749,5.06979e-43
32750,5.05349e-43
32751,5.03837e-43
32752,5.02467e-43
32753,5.01018e-43
32754,4.99521e-43
32755,4.9788e-43
32756,4.96432e-43
32757,4.95039e-43
32758,4.93577e-43
32759,4.91982e-43
32760,4.90664e-43
32761,4.89331e-43
32762,4.8782e-43
32763,4.86358e-43
32764,4.85015e-43
32765,4.83485e-43
32766,4.82232e-43
32767,4.80829e-43
32768,4.79541e-43
32769,4.78256e-43
32770,4.76975e-43
32771,4.75697e-43
32772,4.74326e-43
32773,4.73051e-43
32774,4.71766e-43
32775,4.70425e-43
32776,4.69113e-43
32777,4.67819e-43
32778,4.66319e-43
32779,4.64819e-43
32780,4.63565e-43
32781,4.62141e-43
32782,4.60829e-43
32783,4.59535e-43
32784,4.58283e-43
32785,4.56821e-43
32786,4.55536e-43
32787,4.54169e-43
32788,4.52918e-43
32789,4.51495e-43
32790,4.5015e-43
32791,4.48872e-43
32792,4.47698e-43
32793,4.4646e-43
32794,4.45038e-43
32795,4.43789e-43
32796,4.42599e-43
32797,4.41196e-43
32798,4.39785e-43
32799,4.38557e-43
32800,4.37407e-43
32801,4.36016e-43
32802,4.34751e-43
32803,4.33472e-43
32804,4.32324e-43
32805,4.31037e-43
32806,4.29646e-43
32807,4.28407e-43
32808,4.27041e-43
32809,4.25664e-43
32810,4.24497e-43
32811,4.23396e-43
32812,4.22148e-43
32813,4.20894e-43
32814,4.19706e-43
32815,4.18397e-43
32816,4.1717e-43
32817,4.15907e-43
32818,4.14712e-43
32819,4.1344e-43
32820,4.1223e-43
32821,4.10899e-43
32822,4.09822e-43
32823,4.08631e-43
32824,4.07519e-43
32825,4.06212e-43
32826,4.04915e-43
32827,4.03764e-43
32828,4.02485e-43
32829,4.01263e-43
32830,4.00049e-43
32831,3.98752e-43
32832,3.97556e-43
32833,3.96524e-43
32834,3.95397e-43
32835,3.94208e-43
32836,3.9301e-43
32837,3.91906e-43
32838,3.90628e-43
32839,3.89468e-43
32840,3.88422e-43
32841,3.87368e-43
32842,3.8624e-43
32843,3.85048e-43
32844,3.83841e-43
32845,3.8261e-43
32846,3.81473e-43
32847,3.80432e-43
32848,3.79335e-43
32849,3.7812e-43
32850,3.76883e-43
32851,3.75637e-43
32852,3.74426e-43
32853,3.73187e-43
32854,3.72098e-43
32855,3.70876e-43
32856,3.69659e-43
32857,3.68643e-43
32858,3.6761e-43
32859,3.66479e-43
32860,3.65316e-43
32861,3.64113e-43
32862,3.6299e-43
32863,3.61964e-43
32864,3.60797e-43
32865,3.59853e-43
32866,3.5871e-43
32867,3.57629e-43
32868,3.56616e-43
32869,3.55467e-43
32870,3.54534e-43
32871,3.5351e-43
32872,3.52564e-43
32873,3.51528e-43
32874,3.50571e-43
32875,3.49466e-43
32876,3.48465e-43
32877,3.47398e-43
32878,3.46484e-43
32879,3.45408e-43
32880,3.44365e-43
32881,3.43238e-43
32882,3.42153e-43
32883,3.41168e-43
32884,3.40079e-43
32885,3.3916e-43
32886,3.382e-43
32887,3.37152e-43
32888,3.36191e-43
32889,3.3516e-43
32890,3.34174e-43
32891,3.33276e-43
32892,3.32279e-43
32893,3.31393e-43
32894,3.30437e-43
32895,3.29454e-43
32896,3.28567e-43
32897,3.27632e-43
32898,3.26757e-43
32899,3.2581e-43
32900,3.24892e-43
32901,3.24015e-43
32902,3.22975e-43
32903,3.22025e-43
32904,3.21032e-43
32905,3.20165e-43
32906,3.1927e-43
32907,3.18428e-43
32908,3.17434e-43
32909,3.16523e-43
32910,3.1551e-43
32911,3.14592e-43
32912,3.13707e-43
32913,3.12764e-43
32914,3.11774e-43
32915,3.10921e-43
32916,3.0996e-43
32917,3.09118e-43
32918,3.08127e-43
32919,3.07302e-43
32920,3.06334e-43
32921,3.05442e-43
32922,3.04596e-43
32923,3.03707e-43
32924,3.02808e-43
32925,3.01869e-43
32926,3.01075e-43
32927,3.00166e-43
32928,2.99363e-43
32929,2.98555e-43
32930,2.97751e-43
32931,2.96894e-43
32932,2.96056e-43
32933,2.95266e-43
32934,2.9433e-43
32935,2.93559e-43
32936,2.92749e-43
32937,2.91947e-43
32938,2.9117e-43
32939,2.90396e-43
32940,2.89533e-43
32941,2.88577e-43
32942,2.87709e-43
32943,2.86773e-43
32944,2.85892e-43
32945,2.85083e-43
32946,2.84322e-43
32947,2.83516e-43
32948,2.82686e-43
32949,2.81942e-43
32950,2.81123e-43
32951,2.80322e-43
32952,2.79503e-43
32953,2.78631e-43
32954,2.77728e-43
32955,2.77005e-43
32956,2.76205e-43
32957,2.75313e-43
32958,2.74451e-43
32959,2.73618e-43
32960,2.7289e-43
32961,2.72034e-43
32962,2.7132e-43
32963,2.70544e-43
32964,2.69662e-43
32965,2.68763e-43
32966,2.67966e-43
32967,2.67224e-43
32968,2.665e-43
32969,2.6571e-43
32970,2.64954e-43
32971,2.64126e-43
32972,2.63329e-43
32973,2.62477e-43
32974,2.61654e-43
32975,2.60939e-43
32976,2.60226e-43
32977,2.59413e-43
32978,2.58629e-43
32979,2.57825e-43
32980,2.56988e-43
32981,2.56308e-43
32982,2.55629e-43
32983,2.54908e-43
32984,2.54105e-43
32985,2.53262e-43
32986,2.52528e-43
32987,2.51821e-43
32988,2.51019e-43
32989,2.50353e-43
32990,2.49562e-43
32991,2.48729e-43
32992,2.47897e-43
32993,2.47068e-43
32994,2.46345e-43
32995,2.45548e-43
32996,2.44741e-43
32997,2.43937e-43
32998,2.43272e-43
32999,2.4263e-43
33000,2.4193e-43
33001,2.41215e-43
33002,2.40443e-43
33003,2.39814e-43
33004,2.39129e-43
33005,2.38418e-43
33006,2.37762e-43
33007,2.37045e-43
33008,2.36367e-43
33009,2.35624e-43
33010,2.3495e-43
33011,2.343e-43
33012,2.33557e-43
33013,2.32872e-43
33014,2.32167e-43
33015,2.31447e-43
33016,2.30776e-43
33017,2.30177e-43
33018,2.2958e-43
33019,2.28942e-43
33020,2.28336e-43
33021,2.27613e-43
33022,2.26973e-43
33023,2.26381e-43
33024,2.25675e-43
33025,2.2497e-43
33026,2.24227e-43
33027,2.23515e-43
33028,2.22835e-43
33029,2.22238e-43
33030,2.21545e-43
33031,2.20962e-43
33032,2.20298e-43
33033,2.1962e-43
33034,2.19036e-43
33035,2.18458e-43
33036,2.1786e-43
33037,2.17249e-43
33038,2.16581e-43
33039,2.15923e-43
33040,2.15343e-43
33041,2.14774e-43
33042,2.141e-43
33043,2.13545e-43
33044,2.1292e-43
33045,2.12297e-43
33046,2.11642e-43
33047,2.10943e-43
33048,2.10316e-43
33049,2.09664e-43
33050,2.09079e-43
33051,2.08458e-43
33052,2.07826e-43
33053,2.07203e-43
33054,2.06577e-43
33055,2.05972e-43
33056,2.054e-43
33057,2.04792e-43
33058,2.04232e-43
33059,2.03588e-43
33060,2.02956e-43
33061,2.02427e-43
33062,2.01786e-43
33063,2.01212e-43
33064,2.00595e-43
33065,2.00074e-43
33066,1.99504e-43
33067,1.9886e-43
33068,1.98294e-43
33069,1.97761e-43
33070,1.9718e-43
33071,1.96605e-43
33072,1.96065e-43
33073,1.95505e-43
33074,1.94937e-43
33075,1.94328e-43
33076,1.93696e-43
33077,1.93168e-43
33078,1.92576e-43
33079,1.92026e-43
33080,1.91412e-43
33081,1.9077e-43
33082,1.90132e-43
33083,1.89563e-43
33084,1.88996e-43
33085,1.88434e-43
33086,1.87816e-43
33087,1.87208e-43
33088,1.8671e-43
33089,1.86205e-43
33090,1.8564e-43
33091,1.85056e-43
33092,1.84549e-43
33093,1.83998e-43
33094,1.83509e-43
33095,1.82928e-43
33096,1.82369e-43
33097,1.81829e-43
33098,1.8125e-43
33099,1.80649e-43
33100,1.80088e-43
33101,1.79572e-43
33102,1.79056e-43
33103,1.78485e-43
33104,1.77916e-43
33105,1.77337e-43
33106,1.76789e-43
33107,1.76245e-43
33108,1.75782e-43
33109,1.75287e-43
33110,1.7483e-43
33111,1.74275e-43
33112,1.73776e-43
33113,1.73212e-43
33114,1.72705e-43
33115,1.72146e-43
33116,1.71635e-43
33117,1.71141e-43
33118,1.70611e-43
33119,1.70095e-43
33120,1.69583e-43
33121,1.69093e-43
33122,1.68615e-43
33123,1.68088e-43
33124,1.6765e-43
33125,1.6717e-43
33126,1.66659e-43
33127,1.6615e-43
33128,1.65604e-43
33129,1.65108e-43
33130,1.64612e-43
33131,1.64115e-43
33132,1.63584e-43
33133,1.63035e-43
33134,1.62552e-43
33135,1.62053e-43
33136,1.61531e-43
33137,1.611e-43
33138,1.60649e-43
33139,1.60136e-43
33140,1.59664e-43
33141,1.59211e-43
33142,1.58708e-43
33143,1.58198e-43
33144,1.57752e-43
33145,1.57314e-43
33146,1.56829e-43
33147,1.56331e-43
33148,1.55846e-43
33149,1.55387e-43
33150,1.54945e-43
33151,1.54516e-43
33152,1.54024e-43
33153,1.53542e-43
33154,1.53139e-43
33155,1.52655e-43
33156,1.52243e-43
33157,1.51778e-43
33158,1.51324e-43
33159,1.50923e-43
33160,1.50509e-43
33161,1.50107e-43
33162,1.49653e-43
33163,1.49251e-43
33164,1.48855e-43
33165,1.48455e-43
33166,1.47995e-43
33167,1.47505e-43
33168,1.47095e-43
33169,1.46702e-43
33170,1.4624e-43
33171,1.45783e-43
33172,1.45355e-43
33173,1.44906e-43
33174,1.44474e-43
33175,1.44021e-43
33176,1.43542e-43
33177,1.4314e-43
33178,1.42716e-43
33179,1.42279e-43
33180,1.41834e-43
33181,1.41369e-43
33182,1.40901e-43
33183,1.40466e-43
33184,1.40038e-43
33185,1.39576e-43
33186,1.39157e-43
33187,1.38719e-43
33188,1.38289e-43
33189,1.37924e-43
33190,1.37492e-43
33191,1.3704e-43
33192,1.36666e-43
33193,1.36264e-43
33194,1.35906e-43
33195,1.3553e-43
33196,1.35117e-43
33197,1.34685e-43
33198,1.34309e-43
33199,1.33879e-43
33200,1.33434e-43
33201,1.33075e-43
33202,1.32676e-43
33203,1.32293e-43
33204,1.31874e-43
33205,1.31517e-43
33206,1.31161e-43
33207,1.30753e-43
33208,1.30372e-43
33209,1.29969e-43
33210,1.29587e-43
33211,1.29237e-43
33212,1.28849e-43
33213,1.2848e-43
33214,1.28079e-43
33215,1.27721e-43
33216,1.27361e-43
33217,1.27006e-43
33218,1.26674e-43
33219,1.26344e-43
33220,1.25988e-43
33221,1.25587e-43
33222,1.25171e-43
33223,1.24793e-43
33224,1.24431e-43
33225,1.24024e-43
33226,1.23622e-43
33227,1.23292e-43
33228,1.22908e-43
33229,1.22582e-43
33230,1.22263e-43
33231,1.21887e-43
33232,1.21553e-43
33233,1.21186e-43
33234,1.20856e-43
33235,1.2054e-43
33236,1.20167e-43
33237,1.19823e-43
33238,1.19444e-43
33239,1.19114e-43
33240,1.18799e-43
33241,1.18468e-43
33242,1.18131e-43
33243,1.17767e-43
33244,1.17402e-43
33245,1.17085e-43
33246,1.16706e-43
33247,1.16402e-43
33248,1.16068e-43
33249,1.15765e-43
33250,1.15463e-43
33251,1.15105e-43
33252,1.14729e-43
33253,1.14344e-43
33254,1.14016e-43
33255,1.13695e-43
33256,1.13326e-43
33257,1.13017e-43
33258,1.12693e-43
33259,1.12341e-43
33260,1.12028e-43
33261,1.11705e-43
33262,1.11372e-43
33263,1.11048e-43
33264,1.10753e-43
33265,1.10413e-43
33266,1.10088e-43
33267,1.09733e-43
33268,1.0944e-43
33269,1.09134e-43
33270,1.08842e-43
33271,1.08547e-43
33272,1.08222e-43
33273,1.07903e-43
33274,1.07554e-43
33275,1.0725e-43
33276,1.06925e-43
33277,1.06578e-43
33278,1.06276e-43
33279,1.05993e-43
33280,1.05656e-43
33281,1.05354e-43
33282,1.05016e-43
33283,1.04677e-43
33284,1.04379e-43
33285,1.0409e-43
33286,1.0381e-43
33287,1.03522e-43
33288,1.03224e-43
33289,1.02916e-43
33290,1.02644e-43
33291,1.02334e-43
33292,1.02068e-43
33293,1.01764e-43
33294,1.01491e-43
33295,1.01221e-43
33296,1.00935e-43
33297,1.00631e-43
33298,1.00298e-43
33299,1.00001e-43
33300,9.96757e-44
33301,9.9408e-44
33302,9.91086e-44
33303,9.88126e-44
33304,9.85126e-44
33305,9.82169e-44
33306,9.79029e-44
33307,9.76286e-44
33308,9.73454e-44
33309,9.70826e-44
33310,9.68075e-44
33311,9.65318e-44
33312,9.62483e-44
33313,9.598e-44
33314,9.57183e-44
33315,9.54183e-44
33316,9.51329e-44
33317,9.48624e-44
33318,9.4609e-44
33319,9.43059e-44
33320,9.39947e-44
33321,9.37374e-44
33322,9.34556e-44
33323,9.31503e-44
33324,9.285e-44
33325,9.25548e-44
33326,9.2312e-44
33327,9.20629e-44
33328,9.18022e-44
33329,9.15618e-44
33330,9.12879e-44
33331,9.10318e-44
33332,9.0786e-44
33333,9.05338e-44
33334,9.02483e-44
33335,8.99611e-44
33336,8.96697e-44
33337,8.93896e-44
33338,8.91544e-44
33339,8.8906e-44
33340,8.86259e-44
33341,8.83677e-44
33342,8.80964e-44
33343,8.7846e-44
33344,8.75762e-44
33345,8.72922e-44
33346,8.70543e-44
33347,8.68155e-44
33348,8.65772e-44
33349,8.63365e-44
33350,8.61019e-44
33351,8.58702e-44
33352,8.56217e-44
33353,8.53511e-44
33354,8.51242e-44
33355,8.48888e-44
33356,8.46363e-44
33357,8.44091e-44
33358,8.41664e-44
33359,8.38933e-44
33360,8.36649e-44
33361,8.34439e-44
33362,8.32148e-44
33363,8.29812e-44
33364,8.27459e-44
33365,8.25267e-44
33366,8.23072e-44
33367,8.20829e-44
33368,8.1829e-44
33369,8.16073e-44
33370,8.13685e-44
33371,8.11231e-44
33372,8.08787e-44
33373,8.06576e-44
33374,8.03986e-44
33375,8.01727e-44
33376,7.99606e-44
33377,7.97476e-44
33378,7.95147e-44
33379,7.92913e-44
33380,7.90646e-44
33381,7.88216e-44
33382,7.85905e-44
33383,7.8339e-44
33384,7.81049e-44
33385,7.78716e-44
33386,7.76623e-44
33387,7.74564e-44
33388,7.72222e-44
33389,7.699e-44
33390,7.67884e-44
33391,7.65486e-44
33392,7.63132e-44
33393,7.60997e-44
33394,7.58937e-44
33395,7.56967e-44
33396,7.54835e-44
33397,7.52737e-44
33398,7.5068e-44
33399,7.48671e-44
33400,7.46522e-44
33401,7.44215e-44
33402,7.41884e-44
33403,7.39952e-44
33404,7.3761e-44
33405,7.35322e-44
33406,7.33254e-44
33407,7.3086e-44
33408,7.28518e-44
33409,7.26176e-44
33410,7.24123e-44
33411,7.22159e-44
33412,7.20048e-44
33413,7.17794e-44
33414,7.15913e-44
33415,7.14046e-44
33416,7.12055e-44
33417,7.10128e-44
33418,7.08234e-44
33419,7.05949e-44
33420,7.03714e-44
33421,7.0181e-44
33422,6.9961e-44
33423,6.97595e-44
33424,6.9558e-44
33425,6.93774e-44
33426,6.91809e-44
33427,6.89646e-44
33428,6.87712e-44
33429,6.85654e-44
33430,6.83428e-44
33431,6.81276e-44
33432,6.79346e-44
33433,6.7729e-44
33434,6.75177e-44
33435,6.73308e-44
33436,6.71425e-44
33437,6.69674e-44
33438,6.67841e-44
33439,6.66072e-44
33440,6.63993e-44
33441,6.62007e-44
33442,6.60166e-44
33443,6.58305e-44
33444,6.56466e-44
33445,6.54634e-44
33446,6.52777e-44
33447,6.50814e-44
33448,6.48908e-44
33449,6.47009e-44
33450,6.45058e-44
33451,6.43292e-44
33452,6.41359e-44
33453,6.39496e-44
33454,6.37578e-44
33455,6.35901e-44
33456,6.34076e-44
33457,6.3201e-44
33458,6.29958e-44
33459,6.27972e-44
33460,6.26078e-44
33461,6.24115e-44
33462,6.22296e-44
33463,6.203e-44
33464,6.18508e-44
33465,6.16838e-44
33466,6.15195e-44
33467,6.13327e-44
33468,6.11659e-44
33469,6.09938e-44
33470,6.08036e-44
33471,6.06457e-44
33472,6.04556e-44
33473,6.02972e-44
33474,6.01278e-44
33475,5.99652e-44
33476,5.97969e-44
33477,5.96134e-44
33478,5.94248e-44
33479,5.9235e-44
33480,5.90732e-44
33481,5.89055e-44
33482,5.87129e-44
33483,5.85236e-44
33484,5.83353e-44
33485,5.81581e-44
33486,5.79711e-44
33487,5.78099e-44
33488,5.76391e-44
33489,5.74614e-44
33490,5.72717e-44
33491,5.71185e-44
33492,5.69544e-44
33493,5.67915e-44
33494,5.66062e-44
33495,5.6423e-44
33496,5.6253e-44
33497,5.61037e-44
33498,5.59399e-44
33499,5.57668e-44
33500,5.56048e-44
33501,5.54494e-44
33502,5.52789e-44
33503,5.51238e-44
33504,5.49688e-44
33505,5.4824e-44
33506,5.46661e-44
33507,5.44997e-44
33508,5.4328e-44
33509,5.41778e-44
33510,5.40213e-44
33511,5.38459e-44
33512,5.36811e-44
33513,5.35247e-44
33514,5.33579e-44
33515,5.32035e-44
33516,5.30651e-44
33517,5.29075e-44
33518,5.27461e-44
33519,5.25879e-44
33520,5.24406e-44
33521,5.22834e-44
33522,5.21232e-44
33523,5.19603e-44
33524,5.1787e-44
33525,5.16267e-44
33526,5.14719e-44
33527,5.13189e-44
33528,5.11597e-44
33529,5.10249e-44
33530,5.08849e-44
33531,5.07485e-44
33532,5.06057e-44
33533,5.04419e-44
33534,5.02944e-44
33535,5.01406e-44
33536,5.00101e-44
33537,4.98531e-44
33538,4.9712e-44
33539,4.95569e-44
33540,4.94246e-44
33541,4.92725e-44
33542,4.91186e-44
33543,4.89655e-44
33544,4.88314e-44
33545,4.86899e-44
33546,4.85603e-44
33547,4.8428e-44
33548,4.83004e-44
33549,4.81525e-44
33550,4.80009e-44
33551,4.78637e-44
33552,4.77283e-44
33553,4.75914e-44
33554,4.74654e-44
33555,4.73324e-44
33556,4.72086e-44
33557,4.70678e-44
33558,4.69171e-44
33559,4.67685e-44
33560,4.66233e-44
33561,4.64993e-44
33562,4.63526e-44
33563,4.62319e-44
33564,4.61109e-44
33565,4.59826e-44
33566,4.58425e-44
33567,4.5722e-44
33568,4.55983e-44
33569,4.54508e-44
33570,4.53039e-44
33571,4.51767e-44
33572,4.50369e-44
33573,4.49021e-44
33574,4.47543e-44
33575,4.46052e-44
33576,4.44538e-44
33577,4.43359e-44
33578,4.42171e-44
33579,4.41006e-44
33580,4.39636e-44
33581,4.38205e-44
33582,4.36927e-44
33583,4.35747e-44
33584,4.34535e-44
33585,4.33266e-44
33586,4.31997e-44
33587,4.30779e-44
33588,4.29631e-44
33589,4.28425e-44
33590,4.27295e-44
33591,4.25977e-44
33592,4.24741e-44
33593,4.2336e-44
33594,4.22002e-44
33595,4.20759e-44
33596,4.19596e-44
33597,4.18379e-44
33598,4.17147e-44
33599,4.15943e-44
33600,4.14735e-44
33601,4.13565e-44
33602,4.123e-44
33603,4.11172e-44
33604,4.09873e-44
33605,4.08606e-44
33606,4.07508e-44
33607,4.06224e-44
33608,4.04949e-44
33609,4.03819e-44
33610,4.02522e-44
33611,4.01312e-44
33612,4.00229e-44
33613,3.99104e-44
33614,3.97885e-44
33615,3.96726e-44
33616,3.9547e-44
33617,3.94395e-44
33618,3.93177e-44
33619,3.91889e-44
33620,3.90721e-44
33621,3.89479e-44
33622,3.88262e-44
33623,3.8699e-44
33624,3.85756e-44
33625,3.84613e-44
33626,3.83516e-44
33627,3.8226e-44
33628,3.80984e-44
33629,3.79733e-44
33630,3.78625e-44
33631,3.7754e-44
33632,3.76512e-44
33633,3.75512e-44
33634,3.74398e-44
33635,3.73415e-44
33636,3.7227e-44
33637,3.71111e-44
33638,3.69897e-44
33639,3.68801e-44
33640,3.67591e-44
33641,3.66398e-44
33642,3.65163e-44
33643,3.64182e-44
33644,3.632e-44
33645,3.62098e-44
33646,3.61015e-44
33647,3.59825e-44
33648,3.58652e-44
33649,3.57638e-44
33650,3.56493e-44
33651,3.55477e-44
33652,3.54527e-44
33653,3.53474e-44
33654,3.52496e-44
33655,3.51378e-44
33656,3.50448e-44
33657,3.49406e-44
33658,3.48283e-44
33659,3.47377e-44
33660,3.46376e-44
33661,3.45412e-44
33662,3.44424e-44
33663,3.43377e-44
33664,3.42395e-44
33665,3.41277e-44
33666,3.40207e-44
33667,3.39296e-44
33668,3.38267e-44
33669,3.37243e-44
33670,3.36227e-44
33671,3.35197e-44
33672,3.34223e-44
33673,3.33224e-44
33674,3.32177e-44
33675,3.31171e-44
33676,3.30252e-44
33677,3.29328e-44
33678,3.28352e-44
33679,3.27479e-44
33680,3.26504e-44
33681,3.25553e-44
33682,3.24613e-44
33683,3.23611e-44
33684,3.22764e-44
33685,3.21793e-44
33686,3.20823e-44
33687,3.19968e-44
33688,3.19086e-44
33689,3.18164e-44
33690,3.17316e-44
33691,3.16348e-44
33692,3.1536e-44
33693,3.14424e-44
33694,3.13529e-44
33695,3.12697e-44
33696,3.11791e-44
33697,3.10973e-44
33698,3.10129e-44
33699,3.09292e-44
33700,3.08362e-44
33701,3.07392e-44
33702,3.06408e-44
33703,3.056e-44
33704,3.04743e-44
33705,3.03837e-44
33706,3.02911e-44
33707,3.01998e-44
33708,3.01025e-44
33709,3.00202e-44
33710,2.99293e-44
33711,2.98415e-44
33712,2.97509e-44
33713,2.96721e-44
33714,2.95918e-44
33715,2.95024e-44
33716,2.94103e-44
33717,2.93172e-44
33718,2.92246e-44
33719,2.9127e-44
33720,2.90466e-44
33721,2.89549e-44
33722,2.88647e-44
33723,2.87698e-44
33724,2.86874e-44
33725,2.86121e-44
33726,2.85377e-44
33727,2.84492e-44
33728,2.83735e-44
33729,2.82964e-44
33730,2.82051e-44
33731,2.81161e-44
33732,2.80229e-44
33733,2.7933e-44
33734,2.78438e-44
33735,2.77655e-44
33736,2.76872e-44
33737,2.76078e-44
33738,2.75199e-44
33739,2.74444e-44
33740,2.73625e-44
33741,2.72816e-44
33742,2.7198e-44
33743,2.71231e-44
33744,2.70424e-44
33745,2.6956e-44
33746,2.68683e-44
33747,2.67921e-44
33748,2.67118e-44
33749,2.66308e-44
33750,2.65562e-44
33751,2.6473e-44
33752,2.63953e-44
33753,2.63088e-44
33754,2.62255e-44
33755,2.61418e-44
33756,2.60737e-44
33757,2.59942e-44
33758,2.59153e-44
33759,2.58462e-44
33760,2.57639e-44
33761,2.56859e-44
33762,2.5604e-44
33763,2.55205e-44
33764,2.54476e-44
33765,2.53713e-44
33766,2.53027e-44
33767,2.52261e-44
33768,2.51424e-44
33769,2.50572e-44
33770,2.49746e-44
33771,2.48982e-44
33772,2.48245e-44
33773,2.47509e-44
33774,2.46727e-44
33775,2.46072e-44
33776,2.45377e-44
33777,2.44632e-44
33778,2.43929e-44
33779,2.43136e-44
33780,2.42457e-44
33781,2.41719e-44
33782,2.40961e-44
33783,2.40208e-44
33784,2.3947e-44
33785,2.38767e-44
33786,2.38065e-44
33787,2.37338e-44
33788,2.36689e-44
33789,2.36062e-44
33790,2.35338e-44
33791,2.34708e-44
33792,2.34002e-44
33793,2.333e-44
33794,2.32531e-44
33795,2.31747e-44
33796,2.31119e-44
33797,2.30501e-44
33798,2.29807e-44
33799,2.29187e-44
33800,2.28575e-44
33801,2.27908e-44
33802,2.27202e-44
33803,2.26509e-44
33804,2.25917e-44
33805,2.25258e-44
33806,2.24565e-44
33807,2.2392e-44
33808,2.23314e-44
33809,2.22724e-44
33810,2.22101e-44
33811,2.21463e-44
33812,2.20776e-44
33813,2.20193e-44
33814,2.19605e-44
33815,2.18984e-44
33816,2.18338e-44
33817,2.17678e-44
33818,2.17112e-44
33819,2.16452e-44
33820,2.15782e-44
33821,2.15102e-44
33822,2.14412e-44
33823,2.13801e-44
33824,2.13202e-44
33825,2.12536e-44
33826,2.11935e-44
33827,2.11321e-44
33828,2.1064e-44
33829,2.09939e-44
33830,2.09297e-44
33831,2.0875e-44
33832,2.0815e-44
33833,2.07567e-44
33834,2.0694e-44
33835,2.06333e-44
33836,2.0568e-44
33837,2.05097e-44
33838,2.04448e-44
33839,2.03767e-44
33840,2.03176e-44
33841,2.02626e-44
33842,2.02051e-44
33843,2.0151e-44
33844,2.0096e-44
33845,2.00374e-44
33846,1.99787e-44
33847,1.99166e-44
33848,1.98635e-44
33849,1.98058e-44
33850,1.97484e-44
33851,1.96865e-44
33852,1.9632e-44
33853,1.95779e-44
33854,1.95257e-44
33855,1.94685e-44
33856,1.94176e-44
33857,1.93622e-44
33858,1.92992e-44
33859,1.92351e-44
33860,1.91797e-44
33861,1.91228e-44
33862,1.90602e-44
33863,1.89988e-44
33864,1.89372e-44
33865,1.88796e-44
33866,1.8827e-44
33867,1.87701e-44
33868,1.87093e-44
33869,1.86592e-44
33870,1.86036e-44
33871,1.85518e-44
33872,1.85005e-44
33873,1.84405e-44
33874,1.83872e-44
33875,1.83336e-44
33876,1.828e-44
33877,1.82217e-44
33878,1.81718e-44
33879,1.8118e-44
33880,1.80667e-44
33881,1.80122e-44
33882,1.79612e-44
33883,1.79078e-44
33884,1.78504e-44
33885,1.77982e-44
33886,1.7751e-44
33887,1.7695e-44
33888,1.76379e-44
33889,1.75916e-44
33890,1.75369e-44
33891,1.74891e-44
33892,1.74371e-44
33893,1.73824e-44
33894,1.73245e-44
33895,1.72739e-44
33896,1.72252e-44
33897,1.71777e-44
33898,1.71326e-44
33899,1.70859e-44
33900,1.70378e-44
33901,1.69861e-44
33902,1.69363e-44
33903,1.68853e-44
33904,1.6834e-44
33905,1.678e-44
33906,1.67359e-44
33907,1.66916e-44
33908,1.6641e-44
33909,1.6595e-44
33910,1.6545e-44
33911,1.65019e-44
33912,1.64504e-44
33913,1.6396e-44
33914,1.6346e-44
33915,1.62953e-44
33916,1.62484e-44
33917,1.61991e-44
33918,1.61503e-44
33919,1.61059e-44
33920,1.6057e-44
33921,1.60109e-44
33922,1.59651e-44
33923,1.59209e-44
33924,1.58782e-44
33925,1.58334e-44
33926,1.57853e-44
33927,1.57392e-44
33928,1.56918e-44
33929,1.56432e-44
33930,1.55951e-44
33931,1.5544e-44
33932,1.54995e-44
33933,1.54581e-44
33934,1.5413e-44
33935,1.53628e-44
33936,1.53115e-44
33937,1.52651e-44
33938,1.52253e-44
33939,1.51797e-44
33940,1.5132e-44
33941,1.50853e-44
33942,1.5039e-44
33943,1.49933e-44
33944,1.49479e-44
33945,1.49068e-44
33946,1.48652e-44
33947,1.4817e-44
33948,1.47688e-44
33949,1.47206e-44
33950,1.46805e-44
33951,1.46374e-44
33952,1.4597e-44
33953,1.45538e-44
33954,1.45082e-44
33955,1.44666e-44
33956,1.44201e-44
33957,1.43782e-44
33958,1.43328e-44
33959,1.42904e-44
33960,1.42523e-44
33961,1.42112e-44
33962,1.41704e-44
33963,1.41295e-44
33964,1.40874e-44
33965,1.40417e-44
33966,1.40013e-44
33967,1.39601e-44
33968,1.39195e-44
33969,1.38797e-44
33970,1.38425e-44
33971,1.38047e-44
33972,1.37687e-44
33973,1.37264e-44
33974,1.36826e-44
33975,1.36407e-44
33976,1.35957e-44
33977,1.35594e-44
33978,1.35192e-44
33979,1.34764e-44
33980,1.34317e-44
33981,1.3389e-44
33982,1.3351e-44
33983,1.33147e-44
33984,1.32778e-44
33985,1.32427e-44
33986,1.32038e-44
33987,1.3168e-44
33988,1.31298e-44
33989,1.30927e-44
33990,1.3053e-44
33991,1.30137e-44
33992,1.29727e-44
33993,1.29386e-44
33994,1.2897e-44
33995,1.28603e-44
33996,1.28187e-44
33997,1.2782e-44
33998,1.27417e-44
33999,1.2705e-44
34000,1.26657e-44
34001,1.26241e-44
34002,1.25856e-44
34003,1.25461e-44
34004,1.25071e-44
34005,1.24711e-44
34006,1.24358e-44
34007,1.2398e-44
34008,1.23617e-44
34009,1.23217e-44
34010,1.22854e-44
34011,1.225e-44
34012,1.22128e-44
34013,1.21744e-44
34014,1.21374e-44
34015,1.20979e-44
34016,1.20588e-44
34017,1.20264e-44
34018,1.19947e-44
34019,1.19614e-44
34020,1.19268e-44
34021,1.18901e-44
34022,1.18518e-44
34023,1.18191e-44
34024,1.17826e-44
34025,1.17449e-44
34026,1.17097e-44
34027,1.16736e-44
34028,1.16419e-44
34029,1.16092e-44
34030,1.15787e-44
34031,1.15422e-44
34032,1.15101e-44
34033,1.14755e-44
34034,1.14406e-44
34035,1.14031e-44
34036,1.13647e-44
34037,1.13265e-44
34038,1.12918e-44
34039,1.12589e-44
34040,1.1223e-44
34041,1.11936e-44
34042,1.11586e-44
34043,1.11257e-44
34044,1.10907e-44
34045,1.10584e-44
34046,1.10269e-44
34047,1.09937e-44
34048,1.0961e-44
34049,1.09292e-44
34050,1.08941e-44
34051,1.08579e-44
34052,1.08286e-44
34053,1.07954e-44
34054,1.07662e-44
34055,1.07322e-44
34056,1.06999e-44
34057,1.0667e-44
34058,1.06351e-44
34059,1.06022e-44
34060,1.05669e-44
34061,1.05347e-44
34062,1.05029e-44
34063,1.04738e-44
34064,1.04454e-44
34065,1.04171e-44
34066,1.03889e-44
34067,1.03609e-44
34068,1.03333e-44
34069,1.03015e-44
34070,1.02703e-44
34071,1.02366e-44
34072,1.02037e-44
34073,1.0174e-44
34074,1.01447e-44
34075,1.01144e-44
34076,1.00822e-44
34077,1.00501e-44
34078,1.00228e-44
34079,9.99458e-45
34080,9.96731e-45
34081,9.94123e-45
34082,9.91365e-45
34083,9.88582e-45
34084,9.85517e-45
34085,9.82644e-45
34086,9.79974e-45
34087,9.77249e-45
34088,9.7465e-45
34089,9.71689e-45
34090,9.68476e-45
34091,9.65897e-45
34092,9.63236e-45
34093,9.60391e-45
34094,9.57678e-45
34095,9.54926e-45
34096,9.5198e-45
34097,9.49161e-45
34098,9.46326e-45
34099,9.43319e-45
34100,9.40694e-45
34101,9.38175e-45
34102,9.35286e-45
34103,9.32844e-45
34104,9.30113e-45
34105,9.27596e-45
34106,9.24844e-45
34107,9.22215e-45
34108,9.1924e-45
34109,9.16343e-45
34110,9.13496e-45
34111,9.11048e-45
34112,9.08246e-45
34113,9.05251e-45
34114,9.02598e-45
34115,8.99945e-45
34116,8.97371e-45
34117,8.94679e-45
34118,8.91864e-45
34119,8.89238e-45
34120,8.86756e-45
34121,8.84019e-45
34122,8.81371e-45
34123,8.78756e-45
34124,8.76308e-45
34125,8.73531e-45
34126,8.70653e-45
34127,8.67726e-45
34128,8.65232e-45
34129,8.62711e-45
34130,8.60004e-45
34131,8.57394e-45
34132,8.54808e-45
34133,8.52267e-45
34134,8.49692e-45
34135,8.47426e-45
34136,8.44862e-45
34137,8.4257e-45
34138,8.40143e-45
34139,8.37621e-45
34140,8.3492e-45
34141,8.32684e-45
34142,8.30152e-45
34143,8.27627e-45
34144,8.25448e-45
34145,8.23248e-45
34146,8.21062e-45
34147,8.18711e-45
34148,8.16197e-45
34149,8.13568e-45
34150,8.10907e-45
34151,8.08192e-45
34152,8.05722e-45
34153,8.03389e-45
34154,8.01043e-45
34155,7.98495e-45
34156,7.96266e-45
34157,7.93996e-45
34158,7.91503e-45
34159,7.89093e-45
34160,7.86564e-45
34161,7.84183e-45
34162,7.82049e-45
34163,7.79813e-45
34164,7.77748e-45
34165,7.75353e-45
34166,7.73057e-45
34167,7.70645e-45
34168,7.68117e-45
34169,7.65565e-45
34170,7.63384e-45
34171,7.60995e-45
34172,7.59007e-45
34173,7.56559e-45
34174,7.5437e-45
34175,7.52378e-45
34176,7.50375e-45
34177,7.48201e-45
34178,7.46012e-45
34179,7.43663e-45
34180,7.41558e-45
34181,7.39461e-45
34182,7.37171e-45
34183,7.34777e-45
34184,7.32445e-45
34185,7.30434e-45
34186,7.28199e-45
34187,7.25779e-45
34188,7.23565e-45
34189,7.21427e-45
34190,7.19258e-45
34191,7.17185e-45
34192,7.15301e-45
34193,7.13109e-45
34194,7.10843e-45
34195,7.08937e-45
34196,7.0687e-45
34197,7.04898e-45
34198,7.02671e-45
34199,7.00631e-45
34200,6.98719e-45
34201,6.96835e-45
34202,6.94946e-45
34203,6.93048e-45
34204,6.91183e-45
34205,6.89141e-45
34206,6.87223e-45
34207,6.85328e-45
34208,6.83541e-45
34209,6.81455e-45
34210,6.79675e-45
34211,6.77775e-45
34212,6.75987e-45
34213,6.7391e-45
34214,6.72068e-45
34215,6.69972e-45
34216,6.67761e-45
34217,6.65562e-45
34218,6.63425e-45
34219,6.61445e-45
34220,6.59556e-45
34221,6.57686e-45
34222,6.55579e-45
34223,6.53676e-45
34224,6.5194e-45
34225,6.49968e-45
34226,6.48043e-45
34227,6.46097e-45
34228,6.43981e-45
34229,6.42139e-45
34230,6.40045e-45
34231,6.3832e-45
34232,6.36465e-45
34233,6.34751e-45
34234,6.3297e-45
34235,6.31064e-45
34236,6.29114e-45
34237,6.27211e-45
34238,6.25196e-45
34239,6.2324e-45
34240,6.21482e-45
34241,6.19506e-45
34242,6.17425e-45
34243,6.15647e-45
34244,6.13791e-45
34245,6.12118e-45
34246,6.10472e-45
34247,6.08676e-45
34248,6.07073e-45
34249,6.05147e-45
34250,6.03562e-45
34251,6.0184e-45
34252,6.00174e-45
34253,5.98251e-45
34254,5.96331e-45
34255,5.94633e-45
34256,5.92853e-45
34257,5.91189e-45
34258,5.89299e-45
34259,5.87537e-45
34260,5.8575e-45
34261,5.83865e-45
34262,5.82065e-45
34263,5.80515e-45
34264,5.78643e-45
34265,5.76717e-45
34266,5.74899e-45
34267,5.73121e-45
34268,5.71413e-45
34269,5.6971e-45
34270,5.68092e-45
34271,5.66305e-45
34272,5.64668e-45
34273,5.63072e-45
34274,5.61552e-45
34275,5.59735e-45
34276,5.58064e-45
34277,5.56502e-45
34278,5.54865e-45
34279,5.53211e-45
34280,5.51702e-45
34281,5.50075e-45
34282,5.4828e-45
34283,5.46673e-45
34284,5.45084e-45
34285,5.4339e-45
34286,5.41677e-45
34287,5.40265e-45
34288,5.38856e-45
34289,5.37246e-45
34290,5.35651e-45
34291,5.3402e-45
34292,5.32451e-45
34293,5.31015e-45
34294,5.29392e-45
34295,5.27847e-45
34296,5.26446e-45
34297,5.24945e-45
34298,5.2355e-45
34299,5.21994e-45
34300,5.20294e-45
34301,5.18773e-45
34302,5.17285e-45
34303,5.15832e-45
34304,5.14235e-45
34305,5.12698e-45
34306,5.11262e-45
34307,5.09854e-45
34308,5.0826e-45
34309,5.06639e-45
34310,5.05025e-45
34311,5.03337e-45
34312,5.01902e-45
34313,5.00357e-45
34314,4.98912e-45
34315,4.97357e-45
34316,4.95907e-45
34317,4.94574e-45
34318,4.93048e-45
34319,4.9161e-45
34320,4.90076e-45
34321,4.88705e-45
34322,4.87419e-45
34323,4.8609e-45
34324,4.847e-45
34325,4.83191e-45
34326,4.81706e-45
34327,4.80287e-45
34328,4.78993e-45
34329,4.77527e-45
34330,4.76268e-45
34331,4.75014e-45
34332,4.73743e-45
34333,4.72381e-45
34334,4.71038e-45
34335,4.6954e-45
34336,4.6798e-45
34337,4.6653e-45
34338,4.65291e-45
34339,4.63862e-45
34340,4.62516e-45
34341,4.61045e-45
34342,4.59597e-45
34343,4.58155e-45
34344,4.56781e-45
34345,4.55563e-45
34346,4.54245e-45
34347,4.52765e-45
34348,4.51513e-45
34349,4.50277e-45
34350,4.48997e-45
34351,4.47538e-45
34352,4.46213e-45
34353,4.44922e-45
34354,4.4372e-45
34355,4.4232e-45
34356,4.41118e-45
34357,4.39748e-45
34358,4.385e-45
34359,4.37275e-45
34360,4.35997e-45
34361,4.34752e-45
34362,4.33523e-45
34363,4.3222e-45
34364,4.30852e-45
34365,4.2951e-45
34366,4.28251e-45
34367,4.26919e-45
34368,4.25713e-45
34369,4.24458e-45
34370,4.23216e-45
34371,4.21907e-45
34372,4.20703e-45
34373,4.19562e-45
34374,4.18358e-45
34375,4.17021e-45
34376,4.15856e-45
34377,4.14534e-45
34378,4.13201e-45
34379,4.1198e-45
34380,4.10889e-45
34381,4.09776e-45
34382,4.08603e-45
34383,4.07393e-45
34384,4.06167e-45
34385,4.0495e-45
34386,4.03788e-45
34387,4.02536e-45
34388,4.01395e-45
34389,4.00163e-45
34390,3.98827e-45
34391,3.97536e-45
34392,3.96488e-45
34393,3.95374e-45
34394,3.94243e-45
34395,3.92995e-45
34396,3.91673e-45
34397,3.90395e-45
34398,3.89213e-45
34399,3.88116e-45
34400,3.87021e-45
34401,3.85752e-45
34402,3.84447e-45
34403,3.8324e-45
34404,3.82197e-45
34405,3.81102e-45
34406,3.79974e-45
34407,3.78877e-45
34408,3.77821e-45
34409,3.76757e-45
34410,3.75558e-45
34411,3.74488e-45
34412,3.7339e-45
34413,3.7235e-45
34414,3.71172e-45
34415,3.7019e-45
34416,3.69039e-45
34417,3.68021e-45
34418,3.66873e-45
34419,3.65888e-45
34420,3.64726e-45
34421,3.63561e-45
34422,3.62363e-45
34423,3.61154e-45
34424,3.60185e-45
34425,3.59182e-45
34426,3.58068e-45
34427,3.57109e-45
34428,3.56157e-45
34429,3.55165e-45
34430,3.54146e-45
34431,3.53122e-45
34432,3.52134e-45
34433,3.51126e-45
34434,3.50193e-45
34435,3.49184e-45
34436,3.48085e-45
34437,3.47023e-45
34438,3.45908e-45
34439,3.44994e-45
34440,3.43897e-45
34441,3.42821e-45
34442,3.41834e-45
34443,3.40851e-45
34444,3.39742e-45
34445,3.38803e-45
34446,3.3782e-45
34447,3.36767e-45
34448,3.35786e-45
34449,3.3486e-45
34450,3.338e-45
34451,3.32855e-45
34452,3.31764e-45
34453,3.30705e-45
34454,3.29786e-45
34455,3.28907e-45
34456,3.28046e-45
34457,3.26991e-45
34458,3.26091e-45
34459,3.25217e-45
34460,3.24316e-45
34461,3.23346e-45
34462,3.2238e-45
34463,3.21416e-45
34464,3.20356e-45
34465,3.19368e-45
34466,3.18307e-45
34467,3.17287e-45
34468,3.16412e-45
34469,3.1542e-45
34470,3.14409e-45
34471,3.13564e-45
34472,3.12649e-45
34473,3.11798e-45
34474,3.10885e-45
34475,3.09982e-45
34476,3.09094e-45
34477,3.08089e-45
34478,3.07247e-45
34479,3.06289e-45
34480,3.05455e-45
34481,3.04656e-45
34482,3.03847e-45
34483,3.03027e-45
34484,3.02089e-45
34485,3.01233e-45
34486,3.00399e-45
34487,2.99461e-45
34488,2.98619e-45
34489,2.97754e-45
34490,2.96793e-45
34491,2.95898e-45
34492,2.95124e-45
34493,2.94276e-45
34494,2.93496e-45
34495,2.92548e-45
34496,2.91779e-45
34497,2.91012e-45
34498,2.90119e-45
34499,2.89315e-45
34500,2.884e-45
34501,2.87532e-45
34502,2.86714e-45
34503,2.85904e-45
34504,2.85023e-45
34505,2.84106e-45
34506,2.83202e-45
34507,2.82449e-45
34508,2.81575e-45
34509,2.8065e-45
34510,2.79731e-45
34511,2.78798e-45
34512,2.77865e-45
34513,2.76934e-45
34514,2.76195e-45
34515,2.75355e-45
34516,2.74591e-45
34517,2.73817e-45
34518,2.73018e-45
34519,2.7221e-45
34520,2.71355e-45
34521,2.70576e-45
34522,2.69863e-45
34523,2.6903e-45
34524,2.68174e-45
34525,2.67453e-45
34526,2.66627e-45
34527,2.65773e-45
34528,2.65052e-45
34529,2.64278e-45
34530,2.63583e-45
34531,2.62734e-45
34532,2.62046e-45
34533,2.61304e-45
34534,2.60569e-45
34535,2.59764e-45
34536,2.59051e-45
34537,2.58367e-45
34538,2.57566e-45
34539,2.56711e-45
34540,2.55845e-45
34541,2.55048e-45
34542,2.54215e-45
34543,2.53374e-45
34544,2.52602e-45
34545,2.51766e-45
34546,2.50994e-45
34547,2.50195e-45
34548,2.4949e-45
34549,2.48832e-45
34550,2.48138e-45
34551,2.47487e-45
34552,2.4678e-45
34553,2.46081e-45
34554,2.45308e-45
34555,2.44635e-45
34556,2.43928e-45
34557,2.43201e-45
34558,2.42397e-45
34559,2.41653e-45
34560,2.41021e-45
34561,2.4039e-45
34562,2.3968e-45
34563,2.3905e-45
34564,2.3837e-45
34565,2.37609e-45
34566,2.36854e-45
34567,2.36134e-45
34568,2.35362e-45
34569,2.34651e-45
34570,2.33951e-45
34571,2.33194e-45
34572,2.32558e-45
34573,2.3189e-45
34574,2.31162e-45
34575,2.30436e-45
34576,2.29773e-45
34577,2.29117e-45
34578,2.28443e-45
34579,2.27744e-45
34580,2.27083e-45
34581,2.26367e-45
34582,2.25664e-45
34583,2.24941e-45
34584,2.24335e-45
34585,2.23685e-45
34586,2.22949e-45
34587,2.22271e-45
34588,2.21533e-45
34589,2.20785e-45
34590,2.20186e-45
34591,2.19469e-45
34592,2.18729e-45
34593,2.18037e-45
34594,2.17464e-45
34595,2.16848e-45
34596,2.16202e-45
34597,2.15519e-45
34598,2.14807e-45
34599,2.14169e-45
34600,2.13565e-45
34601,2.12944e-45
34602,2.12339e-45
34603,2.11719e-45
34604,2.11042e-45
34605,2.10474e-45
34606,2.09903e-45
34607,2.09327e-45
34608,2.08717e-45
34609,2.08077e-45
34610,2.07405e-45
34611,2.06725e-45
34612,2.06113e-45
34613,2.05502e-45
34614,2.04868e-45
34615,2.04249e-45
34616,2.03575e-45
34617,2.0294e-45
34618,2.02394e-45
34619,2.01744e-45
34620,2.01122e-45
34621,2.00563e-45
34622,1.99914e-45
34623,1.99301e-45
34624,1.98646e-45
34625,1.97976e-45
34626,1.97308e-45
34627,1.96718e-45
34628,1.96101e-45
34629,1.95461e-45
34630,1.94809e-45
34631,1.94295e-45
34632,1.93749e-45
34633,1.9321e-45
34634,1.92642e-45
34635,1.92117e-45
34636,1.9157e-45
34637,1.90984e-45
34638,1.90433e-45
34639,1.89827e-45
34640,1.89285e-45
34641,1.88763e-45
34642,1.88184e-45
34643,1.87586e-45
34644,1.86993e-45
34645,1.86454e-45
34646,1.85925e-45
34647,1.85354e-45
34648,1.84868e-45
34649,1.84335e-45
34650,1.83775e-45
34651,1.83212e-45
34652,1.82642e-45
34653,1.8209e-45
34654,1.81586e-45
34655,1.8104e-45
34656,1.80499e-45
34657,1.80006e-45
34658,1.79528e-45
34659,1.79029e-45
34660,1.78557e-45
34661,1.77978e-45
34662,1.77472e-45
34663,1.76964e-45
34664,1.76472e-45
34665,1.75917e-45
34666,1.75387e-45
34667,1.74852e-45
34668,1.74335e-45
34669,1.73768e-45
34670,1.73254e-45
34671,1.72704e-45
34672,1.72237e-45
34673,1.71772e-45
34674,1.71259e-45
34675,1.70709e-45
34676,1.70196e-45
34677,1.69641e-45
34678,1.69128e-45
34679,1.68623e-45
34680,1.6814e-45
34681,1.67685e-45
34682,1.6723e-45
34683,1.66791e-45
34684,1.66282e-45
34685,1.65802e-45
34686,1.65297e-45
34687,1.64838e-45
34688,1.64347e-45
34689,1.63836e-45
34690,1.63348e-45
34691,1.62852e-45
34692,1.62343e-45
34693,1.61823e-45
34694,1.6128e-45
34695,1.60735e-45
34696,1.60236e-45
34697,1.59758e-45
34698,1.59276e-45
34699,1.58851e-45
34700,1.58395e-45
34701,1.57979e-45
34702,1.57479e-45
34703,1.57005e-45
34704,1.56576e-45
34705,1.5612e-45
34706,1.55671e-45
34707,1.55193e-45
34708,1.54745e-45
34709,1.54244e-45
34710,1.53817e-45
34711,1.53341e-45
34712,1.52935e-45
34713,1.52501e-45
34714,1.52025e-45
34715,1.51541e-45
34716,1.51061e-45
34717,1.50621e-45
34718,1.50124e-45
34719,1.49698e-45
34720,1.49297e-45
34721,1.48861e-45
34722,1.4838e-45
34723,1.479e-45
34724,1.47482e-45
34725,1.4701e-45
34726,1.46541e-45
34727,1.46059e-45
34728,1.45635e-45
34729,1.45221e-45
34730,1.44746e-45
34731,1.4428e-45
34732,1.43864e-45
34733,1.43403e-45
34734,1.42994e-45
34735,1.4257e-45
34736,1.42165e-45
34737,1.41727e-45
34738,1.41336e-45
34739,1.40901e-45
34740,1.40472e-45
34741,1.40063e-45
34742,1.39655e-45
34743,1.39227e-45
34744,1.38786e-45
34745,1.38403e-45
34746,1.38004e-45
34747,1.37596e-45
34748,1.37179e-45
34749,1.36781e-45
34750,1.36349e-45
34751,1.35921e-45
34752,1.35476e-45
34753,1.35049e-45
34754,1.34646e-45
34755,1.34279e-45
34756,1.33879e-45
34757,1.33505e-45
34758,1.33152e-45
34759,1.32726e-45
34760,1.32319e-45
34761,1.31971e-45
34762,1.31568e-45
34763,1.31132e-45
34764,1.30698e-45
34765,1.30355e-45
34766,1.29975e-45
34767,1.29617e-45
34768,1.29218e-45
34769,1.28815e-45
34770,1.28391e-45
34771,1.28025e-45
34772,1.27682e-45
34773,1.27321e-45
34774,1.26905e-45
34775,1.26488e-45
34776,1.26104e-45
34777,1.25741e-45
34778,1.2538e-45
34779,1.25042e-45
34780,1.24653e-45
34781,1.24312e-45
34782,1.23921e-45
34783,1.23535e-45
34784,1.23134e-45
34785,1.22782e-45
34786,1.22392e-45
34787,1.22033e-45
34788,1.21666e-45
34789,1.2127e-45
34790,1.20921e-45
34791,1.20591e-45
34792,1.20205e-45
34793,1.19885e-45
34794,1.19563e-45
34795,1.1919e-45
34796,1.18871e-45
34797,1.18515e-45
34798,1.18205e-45
34799,1.17837e-45
34800,1.17504e-45
34801,1.17125e-45
34802,1.16809e-45
34803,1.16475e-45
34804,1.1615e-45
34805,1.15842e-45
34806,1.1552e-45
34807,1.15158e-45
34808,1.14818e-45
34809,1.14468e-45
34810,1.14091e-45
34811,1.13773e-45
34812,1.13416e-45
34813,1.13056e-45
34814,1.12684e-45
34815,1.12332e-45
34816,1.12034e-45
34817,1.1169e-45
34818,1.11393e-45
34819,1.11057e-45
34820,1.10718e-45
34821,1.10395e-45
34822,1.10045e-45
34823,1.09714e-45
34824,1.09389e-45
34825,1.09032e-45
34826,1.0872e-45
34827,1.08394e-45
34828,1.0807e-45
34829,1.07763e-45
34830,1.07455e-45
34831,1.07114e-45
34832,1.06815e-45
34833,1.06502e-45
34834,1.06208e-45
34835,1.05896e-45
34836,1.05579e-45
34837,1.05268e-45
34838,1.04971e-45
34839,1.04626e-45
34840,1.04346e-45
34841,1.04058e-45
34842,1.03771e-45
34843,1.0344e-45
34844,1.03093e-45
34845,1.02814e-45
34846,1.0251e-45
34847,1.02241e-45
34848,1.01919e-45
34849,1.01607e-45
34850,1.01292e-45
34851,1.00993e-45
34852,1.00729e-45
34853,1.00436e-45
34854,1.00105e-45
34855,9.98044e-46
34856,9.95159e-46
34857,9.92349e-46
34858,9.89715e-46
34859,9.86554e-46
34860,9.83502e-46
34861,9.80619e-46
34862,9.77552e-46
34863,9.7436e-46
34864,9.71126e-46
34865,9.67858e-46
34866,9.65039e-46
34867,9.62218e-46
34868,9.59426e-46
34869,9.5647e-46
34870,9.53665e-46
34871,9.50834e-46
34872,9.47741e-46
34873,9.44783e-46
34874,9.42038e-46
34875,9.39005e-46
34876,9.35997e-46
34877,9.32885e-46
34878,9.29778e-46
34879,9.26896e-46
34880,9.24111e-46
34881,9.21322e-46
34882,9.18869e-46
34883,9.16149e-46
34884,9.13738e-46
34885,9.11319e-46
34886,9.08913e-46
34887,9.063e-46
34888,9.03705e-46
34889,9.01277e-46
34890,8.9873e-46
34891,8.95776e-46
34892,8.93055e-46
34893,8.90677e-46
34894,8.87857e-46
34895,8.85238e-46
34896,8.82915e-46
34897,8.80474e-46
34898,8.77654e-46
34899,8.7507e-46
34900,8.72217e-46
34901,8.69715e-46
34902,8.6688e-46
34903,8.64059e-46
34904,8.6114e-46
34905,8.58656e-46
34906,8.56001e-46
34907,8.5329e-46
34908,8.50888e-46
34909,8.48324e-46
34910,8.45887e-46
34911,8.43213e-46
34912,8.40908e-46
34913,8.38473e-46
34914,8.36082e-46
34915,8.3379e-46
34916,8.31343e-46
34917,8.28943e-46
34918,8.26429e-46
34919,8.23756e-46
34920,8.21284e-46
34921,8.18581e-46
34922,8.15892e-46
34923,8.13733e-46
34924,8.116e-46
34925,8.09112e-46
34926,8.06708e-46
34927,8.04582e-46
34928,8.01988e-46
34929,7.99657e-46
34930,7.97308e-46
34931,7.94727e-46
34932,7.92212e-46
34933,7.89896e-46
34934,7.8744e-46
34935,7.84976e-46
34936,7.82485e-46
34937,7.802e-46
34938,7.7792e-46
34939,7.75879e-46
34940,7.73852e-46
34941,7.7144e-46
34942,7.68956e-46
34943,7.6685e-46
34944,7.64726e-46
34945,7.62648e-46
34946,7.6048e-46
34947,7.58114e-46
34948,7.55822e-46
34949,7.5332e-46
34950,7.50999e-46
34951,7.49008e-46
34952,7.46619e-46
34953,7.44415e-46
34954,7.4242e-46
34955,7.40041e-46
34956,7.38012e-46
34957,7.358e-46
34958,7.33371e-46
34959,7.31376e-46
34960,7.29004e-46
34961,7.26858e-46
34962,7.24947e-46
34963,7.22743e-46
34964,7.20414e-46
34965,7.18123e-46
34966,7.16042e-46
34967,7.1388e-46
34968,7.11943e-46
34969,7.09704e-46
34970,7.07528e-46
34971,7.05605e-46
34972,7.03474e-46
34973,7.01424e-46
34974,6.99441e-46
34975,6.97204e-46
34976,6.95074e-46
34977,6.92921e-46
34978,6.90802e-46
34979,6.88933e-46
34980,6.86853e-46
34981,6.84965e-46
34982,6.83093e-46
34983,6.8107e-46
34984,6.78983e-46
34985,6.7707e-46
34986,6.75093e-46
34987,6.72949e-46
34988,6.70747e-46
34989,6.68777e-46
34990,6.66586e-46
34991,6.64407e-46
34992,6.62234e-46
34993,6.60001e-46
34994,6.58002e-46
34995,6.5596e-46
34996,6.53903e-46
34997,6.51757e-46
34998,6.49919e-46
34999,6.47851e-46
35000,6.45807e-46
35001,6.43697e-46
35002,6.41517e-46
35003,6.39667e-46
35004,6.37871e-46
35005,6.36078e-46
35006,6.34329e-46
35007,6.32313e-46
35008,6.30199e-46
35009,6.28148e-46
35010,6.26022e-46
35011,6.2409e-46
35012,6.22001e-46
35013,6.20291e-46
35014,6.18622e-46
35015,6.16755e-46
35016,6.14943e-46
35017,6.13088e-46
35018,6.11293e-46
35019,6.09561e-46
35020,6.07559e-46
35021,6.05792e-46
35022,6.04146e-46
35023,6.02241e-46
35024,6.00511e-46
35025,5.98667e-46
35026,5.96879e-46
35027,5.953e-46
35028,5.93535e-46
35029,5.91659e-46
35030,5.89714e-46
35031,5.8805e-46
35032,5.86261e-46
35033,5.84353e-46
35034,5.82553e-46
35035,5.80635e-46
35036,5.79039e-46
35037,5.77219e-46
35038,5.75374e-46
35039,5.73812e-46
35040,5.72087e-46
35041,5.70277e-46
35042,5.68476e-46
35043,5.66734e-46
35044,5.64865e-46
35045,5.63015e-46
35046,5.61444e-46
35047,5.59834e-46
35048,5.58212e-46
35049,5.56498e-46
35050,5.54759e-46
35051,5.53142e-46
35052,5.51683e-46
35053,5.49946e-46
35054,5.48413e-46
35055,5.46841e-46
35056,5.4522e-46
35057,5.43509e-46
35058,5.41915e-46
35059,5.40474e-46
35060,5.38886e-46
35061,5.37358e-46
35062,5.35833e-46
35063,5.3438e-46
35064,5.32916e-46
35065,5.31197e-46
35066,5.29783e-46
35067,5.28275e-46
35068,5.26629e-46
35069,5.24923e-46
35070,5.23347e-46
35071,5.21852e-46
35072,5.20273e-46
35073,5.18831e-46
35074,5.17152e-46
35075,5.15586e-46
35076,5.14219e-46
35077,5.12822e-46
35078,5.11175e-46
35079,5.09656e-46
35080,5.08026e-46
35081,5.06459e-46
35082,5.04811e-46
35083,5.03154e-46
35084,5.01656e-46
35085,5.0031e-46
35086,4.98927e-46
35087,4.97301e-46
35088,4.95676e-46
35089,4.94124e-46
35090,4.92819e-46
35091,4.91422e-46
35092,4.89812e-46
35093,4.8839e-46
35094,4.86946e-46
35095,4.85615e-46
35096,4.84249e-46
35097,4.82802e-46
35098,4.81355e-46
35099,4.80084e-46
35100,4.7871e-46
35101,4.77447e-46
35102,4.76085e-46
35103,4.74516e-46
35104,4.73181e-46
35105,4.71844e-46
35106,4.70441e-46
35107,4.69109e-46
35108,4.67731e-46
35109,4.6636e-46
35110,4.64888e-46
35111,4.63569e-46
35112,4.62337e-46
35113,4.6094e-46
35114,4.59684e-46
35115,4.58325e-46
35116,4.56887e-46
35117,4.55559e-46
35118,4.54211e-46
35119,4.52838e-46
35120,4.51639e-46
35121,4.50305e-46
35122,4.48833e-46
35123,4.47651e-46
35124,4.46226e-46
35125,4.44918e-46
35126,4.43694e-46
35127,4.42474e-46
35128,4.41034e-46
35129,4.3963e-46
35130,4.38398e-46
35131,4.37145e-46
35132,4.35773e-46
35133,4.3443e-46
35134,4.33177e-46
35135,4.3204e-46
35136,4.30656e-46
35137,4.29234e-46
35138,4.28002e-46
35139,4.26762e-46
35140,4.25543e-46
35141,4.24403e-46
35142,4.23101e-46
35143,4.21867e-46
35144,4.20547e-46
35145,4.19176e-46
35146,4.17773e-46
35147,4.16523e-46
35148,4.15359e-46
35149,4.14153e-46
35150,4.13056e-46
35151,4.11898e-46
35152,4.10553e-46
35153,4.09168e-46
35154,4.0799e-46
35155,4.06678e-46
35156,4.05494e-46
35157,4.04287e-46
35158,4.03207e-46
35159,4.02061e-46
35160,4.00942e-46
35161,3.99807e-46
35162,3.98566e-46
35163,3.9752e-46
35164,3.96244e-46
35165,3.95182e-46
35166,3.94142e-46
35167,3.92891e-46
35168,3.9157e-46
35169,3.90436e-46
35170,3.89334e-46
35171,3.8823e-46
35172,3.87098e-46
35173,3.86083e-46
35174,3.84895e-46
35175,3.83838e-46
35176,3.82614e-46
35177,3.81416e-46
35178,3.80233e-46
35179,3.79204e-46
35180,3.78186e-46
35181,3.77028e-46
35182,3.75924e-46
35183,3.74923e-46
35184,3.73783e-46
35185,3.726e-46
35186,3.71359e-46
35187,3.70373e-46
35188,3.69341e-46
35189,3.68369e-46
35190,3.67312e-46
35191,3.6622e-46
35192,3.65171e-46
35193,3.64184e-46
35194,3.63106e-46
35195,3.6208e-46
35196,3.61081e-46
35197,3.60003e-46
35198,3.59014e-46
35199,3.5803e-46
35200,3.56879e-46
35201,3.55813e-46
35202,3.5475e-46
35203,3.53732e-46
35204,3.52687e-46
35205,3.517e-46
35206,3.50655e-46
35207,3.49647e-46
35208,3.48507e-46
35209,3.47546e-46
35210,3.46525e-46
35211,3.45609e-46
35212,3.44513e-46
35213,3.43372e-46
35214,3.42444e-46
35215,3.41428e-46
35216,3.40373e-46
35217,3.39469e-46
35218,3.38452e-46
35219,3.37339e-46
35220,3.36436e-46
35221,3.35555e-46
35222,3.34581e-46
35223,3.33607e-46
35224,3.32704e-46
35225,3.31619e-46
35226,3.30564e-46
35227,3.29613e-46
35228,3.28625e-46
35229,3.27551e-46
35230,3.26556e-46
35231,3.25592e-46
35232,3.2465e-46
35233,3.23788e-46
35234,3.22772e-46
35235,3.21713e-46
35236,3.20791e-46
35237,3.19875e-46
35238,3.18983e-46
35239,3.18095e-46
35240,3.1715e-46
35241,3.16153e-46
35242,3.15258e-46
35243,3.14344e-46
35244,3.13379e-46
35245,3.12467e-46
35246,3.1144e-46
35247,3.10547e-46
35248,3.09638e-46
35249,3.08707e-46
35250,3.07841e-46
35251,3.06926e-46
35252,3.06e-46
35253,3.05041e-46
35254,3.04023e-46
35255,3.03059e-46
35256,3.02102e-46
35257,3.01155e-46
35258,3.00359e-46
35259,2.99523e-46
35260,2.98621e-46
35261,2.97716e-46
35262,2.9678e-46
35263,2.95782e-46
35264,2.94858e-46
35265,2.93966e-46
35266,2.9301e-46
35267,2.92027e-46
35268,2.91052e-46
35269,2.90261e-46
35270,2.89464e-46
35271,2.88624e-46
35272,2.87695e-46
35273,2.86834e-46
35274,2.85909e-46
35275,2.85046e-46
35276,2.84117e-46
35277,2.83194e-46
35278,2.82267e-46
35279,2.81453e-46
35280,2.80645e-46
35281,2.79891e-46
35282,2.79002e-46
35283,2.78074e-46
35284,2.77164e-46
35285,2.76258e-46
35286,2.75399e-46
35287,2.7457e-46
35288,2.73749e-46
35289,2.72902e-46
35290,2.72028e-46
35291,2.71292e-46
35292,2.7054e-46
35293,2.69739e-46
35294,2.69014e-46
35295,2.68159e-46
35296,2.67444e-46
35297,2.66576e-46
35298,2.65709e-46
35299,2.64814e-46
35300,2.64098e-46
35301,2.63404e-46
35302,2.62649e-46
35303,2.61786e-46
35304,2.60996e-46
35305,2.60267e-46
35306,2.59499e-46
35307,2.58748e-46
35308,2.58061e-46
35309,2.5733e-46
35310,2.56528e-46
35311,2.55776e-46
35312,2.55027e-46
35313,2.5425e-46
35314,2.5352e-46
35315,2.52811e-46
35316,2.52073e-46
35317,2.51241e-46
35318,2.50426e-46
35319,2.49582e-46
35320,2.488e-46
35321,2.48039e-46
35322,2.47375e-46
35323,2.46588e-46
35324,2.45922e-46
35325,2.4525e-46
35326,2.44487e-46
35327,2.43815e-46
35328,2.43151e-46
35329,2.42423e-46
35330,2.41765e-46
35331,2.4109e-46
35332,2.40363e-46
35333,2.39641e-46
35334,2.38971e-46
35335,2.3833e-46
35336,2.37587e-46
35337,2.36832e-46
35338,2.36123e-46
35339,2.35364e-46
35340,2.34732e-46
35341,2.34082e-46
35342,2.33431e-46
35343,2.32737e-46
35344,2.31987e-46
35345,2.31272e-46
35346,2.30531e-46
35347,2.29875e-46
35348,2.29182e-46
35349,2.28485e-46
35350,2.27843e-46
35351,2.27212e-46
35352,2.26592e-46
35353,2.25947e-46
35354,2.2534e-46
35355,2.24709e-46
35356,2.24041e-46
35357,2.23317e-46
35358,2.22654e-46
35359,2.2196e-46
35360,2.21307e-46
35361,2.20636e-46
35362,2.19902e-46
35363,2.19322e-46
35364,2.18731e-46
35365,2.18127e-46
35366,2.17537e-46
35367,2.16841e-46
35368,2.16112e-46
35369,2.15436e-46
35370,2.14755e-46
35371,2.14183e-46
35372,2.13503e-46
35373,2.12786e-46
35374,2.12128e-46
35375,2.11459e-46
35376,2.10813e-46
35377,2.10202e-46
35378,2.09648e-46
35379,2.09079e-46
35380,2.084e-46
35381,2.07806e-46
35382,2.07209e-46
35383,2.06646e-46
35384,2.06019e-46
35385,2.05407e-46
35386,2.04807e-46
35387,2.04246e-46
35388,2.03665e-46
35389,2.03009e-46
35390,2.02341e-46
35391,2.01687e-46
35392,2.01085e-46
35393,2.00437e-46
35394,1.99787e-46
35395,1.99171e-46
35396,1.9864e-46
35397,1.98001e-46
35398,1.97406e-46
35399,1.96884e-46
35400,1.96297e-46
35401,1.95751e-46
35402,1.95226e-46
35403,1.9466e-46
35404,1.94123e-46
35405,1.93526e-46
35406,1.92996e-46
35407,1.92392e-46
35408,1.91878e-46
35409,1.91352e-46
35410,1.90733e-46
35411,1.90228e-46
35412,1.89671e-46
35413,1.89133e-46
35414,1.88614e-46
35415,1.88103e-46
35416,1.87514e-46
35417,1.86937e-46
35418,1.86405e-46
35419,1.85899e-46
35420,1.85352e-46
35421,1.84843e-46
35422,1.84248e-46
35423,1.83627e-46
35424,1.83142e-46
35425,1.82579e-46
35426,1.82023e-46
35427,1.81535e-46
35428,1.80982e-46
35429,1.80498e-46
35430,1.8001e-46
35431,1.79511e-46
35432,1.79005e-46
35433,1.78509e-46
35434,1.77961e-46
35435,1.77429e-46
35436,1.76848e-46
35437,1.76267e-46
35438,1.75765e-46
35439,1.75187e-46
35440,1.74723e-46
35441,1.7424e-46
35442,1.73781e-46
35443,1.73268e-46
35444,1.72748e-46
35445,1.72269e-46
35446,1.71742e-46
35447,1.7125e-46
35448,1.70704e-46
35449,1.70131e-46
35450,1.6962e-46
35451,1.69136e-46
35452,1.68676e-46
35453,1.68191e-46
35454,1.67716e-46
35455,1.67257e-46
35456,1.66805e-46
35457,1.66274e-46
35458,1.65805e-46
35459,1.65282e-46
35460,1.64731e-46
35461,1.64247e-46
35462,1.63814e-46
35463,1.63359e-46
35464,1.62862e-46
35465,1.62353e-46
35466,1.61834e-46
35467,1.61343e-46
35468,1.60856e-46
35469,1.60429e-46
35470,1.59955e-46
35471,1.59469e-46
35472,1.59019e-46
35473,1.58542e-46
35474,1.58114e-46
35475,1.57615e-46
35476,1.57111e-46
35477,1.56605e-46
35478,1.56176e-46
35479,1.55705e-46
35480,1.55213e-46
35481,1.54732e-46
35482,1.5422e-46
35483,1.53706e-46
35484,1.533e-46
35485,1.52876e-46
35486,1.52468e-46
35487,1.52054e-46
35488,1.51646e-46
35489,1.51215e-46
35490,1.50722e-46
35491,1.50321e-46
35492,1.49856e-46
35493,1.49356e-46
35494,1.48928e-46
35495,1.48499e-46
35496,1.48042e-46
35497,1.47646e-46
35498,1.47173e-46
35499,1.46763e-46
35500,1.46366e-46
35501,1.4594e-46
35502,1.45476e-46
35503,1.45049e-46
35504,1.44668e-46
35505,1.44205e-46
35506,1.43802e-46
35507,1.4335e-46
35508,1.42898e-46
35509,1.42482e-46
35510,1.42071e-46
35511,1.41654e-46
35512,1.4128e-46
35513,1.40882e-46
35514,1.4048e-46
35515,1.40106e-46
35516,1.39691e-46
35517,1.39283e-46
35518,1.38897e-46
35519,1.38474e-46
35520,1.38033e-46
35521,1.37655e-46
35522,1.37232e-46
35523,1.36819e-46
35524,1.36449e-46
35525,1.36091e-46
35526,1.35657e-46
35527,1.3522e-46
35528,1.34859e-46
35529,1.34434e-46
35530,1.34081e-46
35531,1.33713e-46
35532,1.33338e-46
35533,1.32917e-46
35534,1.32506e-46
35535,1.32131e-46
35536,1.31719e-46
35537,1.3129e-46
35538,1.3094e-46
35539,1.3056e-46
35540,1.30196e-46
35541,1.29816e-46
35542,1.29395e-46
35543,1.29029e-46
35544,1.28625e-46
35545,1.28264e-46
35546,1.27899e-46
35547,1.27538e-46
35548,1.27146e-46
35549,1.26761e-46
35550,1.26343e-46
35551,1.25967e-46
35552,1.25573e-46
35553,1.25185e-46
35554,1.24766e-46
35555,1.24356e-46
35556,1.23969e-46
35557,1.23562e-46
35558,1.23178e-46
35559,1.22791e-46
35560,1.22403e-46
35561,1.22025e-46
35562,1.21624e-46
35563,1.21209e-46
35564,1.20849e-46
35565,1.20488e-46
35566,1.20147e-46
35567,1.1982e-46
35568,1.19476e-46
35569,1.19135e-46
35570,1.18774e-46
35571,1.18409e-46
35572,1.1803e-46
35573,1.17676e-46
35574,1.17292e-46
35575,1.16934e-46
35576,1.16565e-46
35577,1.16239e-46
35578,1.15869e-46
35579,1.15529e-46
35580,1.15162e-46
35581,1.14792e-46
35582,1.14415e-46
35583,1.1407e-46
35584,1.13738e-46
35585,1.13373e-46
35586,1.13048e-46
35587,1.12749e-46
35588,1.12401e-46
35589,1.12028e-46
35590,1.11669e-46
35591,1.11337e-46
35592,1.11001e-46
35593,1.10659e-46
35594,1.10332e-46
35595,1.09966e-46
35596,1.09663e-46
35597,1.09322e-46
35598,1.09024e-46
35599,1.08699e-46
35600,1.08408e-46
35601,1.08072e-46
35602,1.07775e-46
35603,1.0743e-46
35604,1.0713e-46
35605,1.06844e-46
35606,1.06535e-46
35607,1.06185e-46
35608,1.05881e-46
35609,1.05583e-46
35610,1.05281e-46
35611,1.04997e-46
35612,1.04719e-46
35613,1.04429e-46
35614,1.04114e-46
35615,1.03807e-46
35616,1.03529e-46
35617,1.03196e-46
35618,1.02887e-46
35619,1.02557e-46
35620,1.0222e-46
35621,1.01934e-46
35622,1.01649e-46
35623,1.01353e-46
35624,1.01026e-46
35625,1.00705e-46
35626,1.0041e-46
35627,1.00144e-46
35628,9.98514e-47
35629,9.95517e-47
35630,9.92489e-47
35631,9.8948e-47
35632,9.86686e-47
35633,9.83595e-47
35634,9.80685e-47
35635,9.77765e-47
35636,9.74624e-47
35637,9.71406e-47
35638,9.68507e-47
35639,9.65872e-47
35640,9.6324e-47
35641,9.60197e-47
35642,9.57503e-47
35643,9.54858e-47
35644,9.52323e-47
35645,9.49313e-47
35646,9.46347e-47
35647,9.43776e-47
35648,9.40825e-47
35649,9.38251e-47
35650,9.35213e-47
35651,9.32293e-47
35652,9.29586e-47
35653,9.27011e-47
35654,9.24539e-47
35655,9.2197e-47
35656,9.18974e-47
35657,9.16225e-47
35658,9.13636e-47
35659,9.10983e-47
35660,9.08584e-47
35661,9.05702e-47
35662,9.02652e-47
35663,9.00068e-47
35664,8.97321e-47
35665,8.94685e-47
35666,8.91834e-47
35667,8.89185e-47
35668,8.86654e-47
35669,8.84171e-47
35670,8.81498e-47
35671,8.78884e-47
35672,8.76525e-47
35673,8.73751e-47
35674,8.71007e-47
35675,8.6863e-47
35676,8.6596e-47
35677,8.63467e-47
35678,8.61042e-47
35679,8.58513e-47
35680,8.55957e-47
35681,8.53583e-47
35682,8.51281e-47
35683,8.48563e-47
35684,8.46061e-47
35685,8.43733e-47
35686,8.41448e-47
35687,8.39039e-47
35688,8.3646e-47
35689,8.34009e-47
35690,8.3136e-47
35691,8.28751e-47
35692,8.26397e-47
35693,8.23796e-47
35694,8.21028e-47
35695,8.18266e-47
35696,8.15986e-47
35697,8.13421e-47
35698,8.11056e-47
35699,8.08636e-47
35700,8.06489e-47
35701,8.03873e-47
35702,8.01143e-47
35703,7.98953e-47
35704,7.96428e-47
35705,7.93929e-47
35706,7.9168e-47
35707,7.89328e-47
35708,7.8724e-47
35709,7.84901e-47
35710,7.82293e-47
35711,7.79906e-47
35712,7.77424e-47
35713,7.75328e-47
35714,7.73083e-47
35715,7.70952e-47
35716,7.68786e-47
35717,7.66483e-47
35718,7.6416e-47
35719,7.61633e-47
35720,7.59048e-47
35721,7.56835e-47
35722,7.54522e-47
35723,7.52397e-47
35724,7.50356e-47
35725,7.48096e-47
35726,7.46034e-47
35727,7.4391e-47
35728,7.41765e-47
35729,7.3953e-47
35730,7.37131e-47
35731,7.34951e-47
35732,7.32741e-47
35733,7.30367e-47
35734,7.28129e-47
35735,7.26023e-47
35736,7.23848e-47
35737,7.21509e-47
35738,7.19123e-47
35739,7.16911e-47
35740,7.14819e-47
35741,7.12511e-47
35742,7.1058e-47
35743,7.0864e-47
35744,7.06333e-47
35745,7.04185e-47
35746,7.02152e-47
35747,7.00189e-47
35748,6.9831e-47
35749,6.96059e-47
35750,6.9413e-47
35751,6.92279e-47
35752,6.90332e-47
35753,6.88143e-47
35754,6.86164e-47
35755,6.8416e-47
35756,6.82167e-47
35757,6.8013e-47
35758,6.77971e-47
35759,6.7578e-47
35760,6.73962e-47
35761,6.71919e-47
35762,6.70044e-47
35763,6.68004e-47
35764,6.66012e-47
35765,6.63885e-47
35766,6.62144e-47
35767,6.60394e-47
35768,6.5839e-47
35769,6.56241e-47
35770,6.54209e-47
35771,6.52467e-47
35772,6.50443e-47
35773,6.4839e-47
35774,6.4658e-47
35775,6.44573e-47
35776,6.42761e-47
35777,6.4082e-47
35778,6.3869e-47
35779,6.36838e-47
35780,6.34936e-47
35781,6.33196e-47
35782,6.31363e-47
35783,6.29347e-47
35784,6.27224e-47
35785,6.25199e-47
35786,6.23436e-47
35787,6.21634e-47
35788,6.19888e-47
35789,6.1825e-47
35790,6.16552e-47
35791,6.1479e-47
35792,6.12898e-47
35793,6.11097e-47
35794,6.09067e-47
35795,6.07394e-47
35796,6.05709e-47
35797,6.03721e-47
35798,6.02048e-47
35799,6.00117e-47
35800,5.98138e-47
35801,5.96194e-47
35802,5.94194e-47
35803,5.92336e-47
35804,5.90555e-47
35805,5.88937e-47
35806,5.87259e-47
35807,5.8541e-47
35808,5.83543e-47
35809,5.81871e-47
35810,5.80299e-47
35811,5.78672e-47
35812,5.76968e-47
35813,5.75238e-47
35814,5.73688e-47
35815,5.72012e-47
35816,5.704e-47
35817,5.68767e-47
35818,5.66939e-47
35819,5.65212e-47
35820,5.6357e-47
35821,5.6207e-47
35822,5.6027e-47
35823,5.58779e-47
35824,5.57141e-47
35825,5.55326e-47
35826,5.5378e-47
35827,5.52064e-47
35828,5.50248e-47
35829,5.48633e-47
35830,5.46964e-47
35831,5.45221e-47
35832,5.43712e-47
35833,5.42092e-47
35834,5.40516e-47
35835,5.38833e-47
35836,5.37139e-47
35837,5.35427e-47
35838,5.3383e-47
35839,5.32258e-47
35840,5.30838e-47
35841,5.29246e-47
35842,5.2758e-47
35843,5.25979e-47
35844,5.24554e-47
35845,5.22895e-47
35846,5.2152e-47
35847,5.20021e-47
35848,5.1859e-47
35849,5.16933e-47
35850,5.15201e-47
35851,5.13612e-47
35852,5.11914e-47
35853,5.10221e-47
35854,5.08631e-47
35855,5.07142e-47
35856,5.05539e-47
35857,5.03895e-47
35858,5.02525e-47
35859,5.0099e-47
35860,4.99594e-47
35861,4.98042e-47
35862,4.96575e-47
35863,4.95127e-47
35864,4.93739e-47
35865,4.92166e-47
35866,4.90832e-47
35867,4.89239e-47
35868,4.87734e-47
35869,4.86243e-47
35870,4.84821e-47
35871,4.8333e-47
35872,4.82e-47
35873,4.80691e-47
35874,4.7937e-47
35875,4.78019e-47
35876,4.76452e-47
35877,4.75127e-47
35878,4.73661e-47
35879,4.72363e-47
35880,4.71103e-47
35881,4.69672e-47
35882,4.68191e-47
35883,4.66611e-47
35884,4.65195e-47
35885,4.63855e-47
35886,4.6251e-47
35887,4.61208e-47
35888,4.59942e-47
35889,4.58576e-47
35890,4.57068e-47
35891,4.55723e-47
35892,4.54447e-47
35893,4.53142e-47
35894,4.51699e-47
35895,4.50338e-47
35896,4.4909e-47
35897,4.47634e-47
35898,4.46296e-47
35899,4.44873e-47
35900,4.4353e-47
35901,4.42083e-47
35902,4.40773e-47
35903,4.394e-47
35904,4.38241e-47
35905,4.36917e-47
35906,4.35458e-47
35907,4.33971e-47
35908,4.32537e-47
35909,4.31168e-47
35910,4.29989e-47
35911,4.28608e-47
35912,4.27374e-47
35913,4.25995e-47
35914,4.24583e-47
35915,4.23186e-47
35916,4.22001e-47
35917,4.2081e-47
35918,4.19674e-47
35919,4.18463e-47
35920,4.17127e-47
35921,4.16017e-47
35922,4.1471e-47
35923,4.136e-47
35924,4.12403e-47
35925,4.11143e-47
35926,4.09888e-47
35927,4.08625e-47
35928,4.07385e-47
35929,4.06301e-47
35930,4.05128e-47
35931,4.04044e-47
35932,4.02743e-47
35933,4.01422e-47
35934,4.00126e-47
35935,3.98782e-47
35936,3.97582e-47
35937,3.96322e-47
35938,3.94999e-47
35939,3.93866e-47
35940,3.92713e-47
35941,3.91659e-47
35942,3.9058e-47
35943,3.89356e-47
35944,3.88054e-47
35945,3.87005e-47
35946,3.85837e-47
35947,3.84773e-47
35948,3.83664e-47
35949,3.82465e-47
35950,3.81292e-47
35951,3.80232e-47
35952,3.79039e-47
35953,3.7793e-47
35954,3.76863e-47
35955,3.75825e-47
35956,3.74832e-47
35957,3.73643e-47
35958,3.7243e-47
35959,3.71284e-47
35960,3.70058e-47
35961,3.69019e-47
35962,3.67888e-47
35963,3.66693e-47
35964,3.65707e-47
35965,3.64647e-47
35966,3.63488e-47
35967,3.6238e-47
35968,3.6138e-47
35969,3.60255e-47
35970,3.59078e-47
35971,3.57959e-47
35972,3.568e-47
35973,3.55845e-47
35974,3.54821e-47
35975,3.53698e-47
35976,3.52726e-47
35977,3.51798e-47
35978,3.50661e-47
35979,3.4959e-47
35980,3.48485e-47
35981,3.47423e-47
35982,3.46317e-47
35983,3.45274e-47
35984,3.44129e-47
35985,3.43212e-47
35986,3.42158e-47
35987,3.41012e-47
35988,3.39867e-47
35989,3.38832e-47
35990,3.37804e-47
35991,3.36712e-47
35992,3.35632e-47
35993,3.34694e-47
35994,3.33663e-47
35995,3.32582e-47
35996,3.31542e-47
35997,3.30552e-47
35998,3.29592e-47
35999,3.28536e-47
36000,3.27619e-47
36001,3.26703e-47
36002,3.25746e-47
36003,3.24882e-47
36004,3.23962e-47
36005,3.22925e-47
36006,3.21873e-47
36007,3.20906e-47
36008,3.19865e-47
36009,3.18829e-47
36010,3.17982e-47
36011,3.17027e-47
36012,3.16116e-47
36013,3.1511e-47
36014,3.14259e-47
36015,3.13372e-47
36016,3.12368e-47
36017,3.11356e-47
36018,3.10469e-47
36019,3.09491e-47
36020,3.08603e-47
36021,3.07612e-47
36022,3.06662e-47
36023,3.0584e-47
36024,3.05023e-47
36025,3.04167e-47
36026,3.03182e-47
36027,3.02218e-47
36028,3.01248e-47
36029,3.00387e-47
36030,2.99486e-47
36031,2.98488e-47
36032,2.97571e-47
36033,2.9657e-47
36034,2.95786e-47
36035,2.94844e-47
36036,2.93878e-47
36037,2.9291e-47
36038,2.92056e-47
36039,2.91144e-47
36040,2.9024e-47
36041,2.8939e-47
36042,2.88568e-47
36043,2.87617e-47
36044,2.86813e-47
36045,2.85982e-47
36046,2.85173e-47
36047,2.8441e-47
36048,2.83627e-47
36049,2.82773e-47
36050,2.81859e-47
36051,2.81004e-47
36052,2.80178e-47
36053,2.79354e-47
36054,2.78502e-47
36055,2.77668e-47
36056,2.76793e-47
36057,2.75959e-47
36058,2.75191e-47
36059,2.74377e-47
36060,2.73498e-47
36061,2.72619e-47
36062,2.71802e-47
36063,2.71015e-47
36064,2.70159e-47
36065,2.69346e-47
36066,2.68589e-47
36067,2.67772e-47
36068,2.66998e-47
36069,2.66182e-47
36070,2.65419e-47
36071,2.64722e-47
36072,2.64021e-47
36073,2.63222e-47
36074,2.62342e-47
36075,2.616e-47
36076,2.60907e-47
36077,2.60175e-47
36078,2.59435e-47
36079,2.58712e-47
36080,2.57883e-47
36081,2.57172e-47
36082,2.56367e-47
36083,2.55637e-47
36084,2.54858e-47
36085,2.5412e-47
36086,2.53312e-47
36087,2.5258e-47
36088,2.51762e-47
36089,2.51097e-47
36090,2.50303e-47
36091,2.49513e-47
36092,2.4871e-47
36093,2.47993e-47
36094,2.47329e-47
36095,2.46593e-47
36096,2.45797e-47
36097,2.45089e-47
36098,2.44417e-47
36099,2.43743e-47
36100,2.42948e-47
36101,2.42216e-47
36102,2.41545e-47
36103,2.40751e-47
36104,2.40095e-47
36105,2.39435e-47
36106,2.38767e-47
36107,2.38114e-47
36108,2.37415e-47
36109,2.36696e-47
36110,2.36005e-47
36111,2.3533e-47
36112,2.34592e-47
36113,2.33946e-47
36114,2.33235e-47
36115,2.3256e-47
36116,2.31862e-47
36117,2.31183e-47
36118,2.3046e-47
36119,2.29781e-47
36120,2.29106e-47
36121,2.28414e-47
36122,2.27794e-47
36123,2.27162e-47
36124,2.26431e-47
36125,2.25801e-47
36126,2.25091e-47
36127,2.24376e-47
36128,2.23696e-47
36129,2.22955e-47
36130,2.22204e-47
36131,2.21533e-47
36132,2.2088e-47
36133,2.20279e-47
36134,2.19631e-47
36135,2.18966e-47
36136,2.18339e-47
36137,2.17657e-47
36138,2.16965e-47
36139,2.16264e-47
36140,2.15645e-47
36141,2.15057e-47
36142,2.14475e-47
36143,2.13905e-47
36144,2.133e-47
36145,2.12632e-47
36146,2.12007e-47
36147,2.11322e-47
36148,2.10739e-47
36149,2.10168e-47
36150,2.09577e-47
36151,2.08941e-47
36152,2.08287e-47
36153,2.07676e-47
36154,2.07008e-47
36155,2.06371e-47
36156,2.05737e-47
36157,2.05103e-47
36158,2.04517e-47
36159,2.0396e-47
36160,2.03349e-47
36161,2.02779e-47
36162,2.02161e-47
36163,2.01629e-47
36164,2.01051e-47
36165,2.00508e-47
36166,1.99906e-47
36167,1.9928e-47
36168,1.98631e-47
36169,1.9806e-47
36170,1.97472e-47
36171,1.96933e-47
36172,1.96356e-47
36173,1.95756e-47
36174,1.95213e-47
36175,1.946e-47
36176,1.94035e-47
36177,1.93443e-47
36178,1.92845e-47
36179,1.92262e-47
36180,1.91654e-47
36181,1.91017e-47
36182,1.90492e-47
36183,1.89938e-47
36184,1.89396e-47
36185,1.8877e-47
36186,1.88272e-47
36187,1.87667e-47
36188,1.87086e-47
36189,1.86549e-47
36190,1.8605e-47
36191,1.85541e-47
36192,1.84984e-47
36193,1.84405e-47
36194,1.83896e-47
36195,1.83296e-47
36196,1.827e-47
36197,1.82111e-47
36198,1.8154e-47
36199,1.80976e-47
36200,1.80489e-47
36201,1.79998e-47
36202,1.79432e-47
36203,1.78887e-47
36204,1.78318e-47
36205,1.77715e-47
36206,1.77201e-47
36207,1.7672e-47
36208,1.76187e-47
36209,1.75602e-47
36210,1.75048e-47
36211,1.74543e-47
36212,1.73979e-47
36213,1.73412e-47
36214,1.72852e-47
36215,1.72371e-47
36216,1.71826e-47
36217,1.71272e-47
36218,1.70804e-47
36219,1.7031e-47
36220,1.69849e-47
36221,1.69381e-47
36222,1.68871e-47
36223,1.68342e-47
36224,1.67787e-47
36225,1.67246e-47
36226,1.66721e-47
36227,1.66196e-47
36228,1.65695e-47
36229,1.65222e-47
36230,1.64749e-47
36231,1.64249e-47
36232,1.63761e-47
36233,1.63316e-47
36234,1.62872e-47
36235,1.6242e-47
36236,1.6198e-47
36237,1.61506e-47
36238,1.61041e-47
36239,1.60538e-47
36240,1.60066e-47
36241,1.59642e-47
36242,1.59217e-47
36243,1.58769e-47
36244,1.58261e-47
36245,1.57745e-47
36246,1.57269e-47
36247,1.56783e-47
36248,1.56299e-47
36249,1.55816e-47
36250,1.55401e-47
36251,1.54919e-47
36252,1.54417e-47
36253,1.53936e-47
36254,1.53482e-47
36255,1.53e-47
36256,1.52554e-47
36257,1.52143e-47
36258,1.51703e-47
36259,1.51209e-47
36260,1.50763e-47
36261,1.50287e-47
36262,1.49835e-47
36263,1.49347e-47
36264,1.48852e-47
36265,1.48384e-47
36266,1.47982e-47
36267,1.47498e-47
36268,1.47097e-47
36269,1.46666e-47
36270,1.46207e-47
36271,1.45765e-47
36272,1.45329e-47
36273,1.44868e-47
36274,1.44395e-47
36275,1.43977e-47
36276,1.4354e-47
36277,1.43128e-47
36278,1.42656e-47
36279,1.42258e-47
36280,1.41792e-47
36281,1.41416e-47
36282,1.4096e-47
36283,1.40503e-47
36284,1.40062e-47
36285,1.39655e-47
36286,1.39238e-47
36287,1.38867e-47
36288,1.38461e-47
36289,1.38007e-47
36290,1.37542e-47
36291,1.37083e-47
36292,1.36648e-47
36293,1.36242e-47
36294,1.35811e-47
36295,1.35397e-47
36296,1.35031e-47
36297,1.34602e-47
36298,1.34191e-47
36299,1.33818e-47
36300,1.33437e-47
36301,1.33062e-47
36302,1.32646e-47
36303,1.32215e-47
36304,1.31865e-47
36305,1.3147e-47
36306,1.31109e-47
36307,1.30711e-47
36308,1.30281e-47
36309,1.29924e-47
36310,1.29512e-47
36311,1.29086e-47
36312,1.28729e-47
36313,1.28326e-47
36314,1.27925e-47
36315,1.27508e-47
36316,1.27159e-47
36317,1.26811e-47
36318,1.26404e-47
36319,1.26013e-47
36320,1.25672e-47
36321,1.25275e-47
36322,1.249e-47
36323,1.24501e-47
36324,1.24148e-47
36325,1.23802e-47
36326,1.23448e-47
36327,1.23092e-47
36328,1.22761e-47
36329,1.22367e-47
36330,1.21991e-47
36331,1.21633e-47
36332,1.21298e-47
36333,1.20954e-47
36334,1.20616e-47
36335,1.20283e-47
36336,1.19896e-47
36337,1.19543e-47
36338,1.1916e-47
36339,1.18774e-47
36340,1.1841e-47
36341,1.18043e-47
36342,1.17674e-47
36343,1.17301e-47
36344,1.16956e-47
36345,1.16622e-47
36346,1.1627e-47
36347,1.15919e-47
36348,1.15571e-47
36349,1.15231e-47
36350,1.14916e-47
36351,1.14568e-47
36352,1.14245e-47
36353,1.13895e-47
36354,1.13563e-47
36355,1.13222e-47
36356,1.12853e-47
36357,1.12492e-47
36358,1.12117e-47
36359,1.11736e-47
36360,1.11385e-47
36361,1.11051e-47
36362,1.10728e-47
36363,1.10375e-47
36364,1.10017e-47
36365,1.09674e-47
36366,1.09385e-47
36367,1.0905e-47
36368,1.0876e-47
36369,1.08417e-47
36370,1.08092e-47
36371,1.07761e-47
36372,1.07442e-47
36373,1.07147e-47
36374,1.06842e-47
36375,1.06499e-47
36376,1.06178e-47
36377,1.0583e-47
36378,1.05519e-47
36379,1.05241e-47
36380,1.04942e-47
36381,1.04627e-47
36382,1.04306e-47
36383,1.03985e-47
36384,1.03697e-47
36385,1.03424e-47
36386,1.03143e-47
36387,1.02868e-47
36388,1.02549e-47
36389,1.02275e-47
36390,1.02005e-47
36391,1.01712e-47
36392,1.01407e-47
36393,1.01111e-47
36394,1.00832e-47
36395,1.00544e-47
36396,1.00278e-47
36397,1.00002e-47
36398,9.97359e-48
36399,9.94696e-48
36400,9.92071e-48
36401,9.89126e-48
36402,9.8606e-48
36403,9.83119e-48
36404,9.80042e-48
36405,9.76738e-48
36406,9.73904e-48
36407,9.71211e-48
36408,9.6809e-48
36409,9.64991e-48
36410,9.62307e-48
36411,9.59637e-48
36412,9.56925e-48
36413,9.53884e-48
36414,9.50779e-48
36415,9.47918e-48
36416,9.44869e-48
36417,9.41681e-48
36418,9.38789e-48
36419,9.35937e-48
36420,9.33463e-48
36421,9.30675e-48
36422,9.27603e-48
36423,9.24752e-48
36424,9.21663e-48
36425,9.19146e-48
36426,9.16184e-48
36427,9.13072e-48
36428,9.10431e-48
36429,9.07438e-48
36430,9.05011e-48
36431,9.02435e-48
36432,8.99762e-48
36433,8.96937e-48
36434,8.94029e-48
36435,8.91547e-48
36436,8.88783e-48
36437,8.86346e-48
36438,8.83791e-48
36439,8.81108e-48
36440,8.78218e-48
36441,8.75505e-48
36442,8.7268e-48
36443,8.70257e-48
36444,8.6774e-48
36445,8.65081e-48
36446,8.62375e-48
36447,8.59973e-48
36448,8.57371e-48
36449,8.54977e-48
36450,8.52292e-48
36451,8.49657e-48
36452,8.46926e-48
36453,8.44242e-48
36454,8.4191e-48
36455,8.39276e-48
36456,8.36547e-48
36457,8.34294e-48
36458,8.31698e-48
36459,8.29418e-48
36460,8.27219e-48
36461,8.24621e-48
36462,8.22149e-48
36463,8.1968e-48
36464,8.17216e-48
36465,8.14888e-48
36466,8.1235e-48
36467,8.10075e-48
36468,8.07698e-48
36469,8.05519e-48
36470,8.02975e-48
36471,8.00652e-48
36472,7.98168e-48
36473,7.95699e-48
36474,7.93288e-48
36475,7.91159e-48
36476,7.8895e-48
36477,7.8676e-48
36478,7.84543e-48
36479,7.82032e-48
36480,7.7971e-48
36481,7.77634e-48
36482,7.7536e-48
36483,7.73196e-48
36484,7.70776e-48
36485,7.68382e-48
36486,7.65797e-48
36487,7.63427e-48
36488,7.61013e-48
36489,7.5859e-48
36490,7.56174e-48
36491,7.53752e-48
36492,7.5146e-48
36493,7.49366e-48
36494,7.4726e-48
36495,7.45265e-48
36496,7.43058e-48
36497,7.40586e-48
36498,7.38468e-48
36499,7.36033e-48
36500,7.34052e-48
36501,7.32072e-48
36502,7.29994e-48
36503,7.27698e-48
36504,7.25383e-48
36505,7.22999e-48
36506,7.20622e-48
36507,7.18168e-48
36508,7.16233e-48
36509,7.14295e-48
36510,7.12033e-48
36511,7.09878e-48
36512,7.07927e-48
36513,7.0593e-48
36514,7.03715e-48
36515,7.01381e-48
36516,6.99021e-48
36517,6.96767e-48
36518,6.94672e-48
36519,6.92523e-48
36520,6.90462e-48
36521,6.8854e-48
36522,6.86549e-48
36523,6.84743e-48
36524,6.82756e-48
36525,6.80646e-48
36526,6.78825e-48
36527,6.76626e-48
36528,6.74508e-48
36529,6.72557e-48
36530,6.70358e-48
36531,6.68215e-48
36532,6.66224e-48
36533,6.64356e-48
36534,6.62394e-48
36535,6.60564e-48
36536,6.58781e-48
36537,6.56915e-48
36538,6.55111e-48
36539,6.53309e-48
36540,6.51405e-48
36541,6.49237e-48
36542,6.47164e-48
36543,6.45167e-48
36544,6.43333e-48
36545,6.41441e-48
36546,6.39524e-48
36547,6.37745e-48
36548,6.35986e-48
36549,6.33894e-48
36550,6.318e-48
36551,6.29809e-48
36552,6.28052e-48
36553,6.26297e-48
36554,6.24373e-48
36555,6.22435e-48
36556,6.20377e-48
36557,6.1839e-48
36558,6.16483e-48
36559,6.1461e-48
36560,6.12961e-48
36561,6.11147e-48
36562,6.09421e-48
36563,6.076e-48
36564,6.05672e-48
36565,6.03732e-48
36566,6.01812e-48
36567,5.99834e-48
36568,5.98224e-48
36569,5.9631e-48
36570,5.94721e-48
36571,5.92967e-48
36572,5.91037e-48
36573,5.89137e-48
36574,5.87544e-48
36575,5.85934e-48
36576,5.84314e-48
36577,5.82544e-48
36578,5.80849e-48
36579,5.79161e-48
36580,5.77396e-48
36581,5.75778e-48
36582,5.74243e-48
36583,5.72435e-48
36584,5.70721e-48
36585,5.68928e-48
36586,5.67237e-48
36587,5.65587e-48
36588,5.63929e-48
36589,5.62428e-48
36590,5.60611e-48
36591,5.58917e-48
36592,5.57221e-48
36593,5.55668e-48
36594,5.54194e-48
36595,5.52626e-48
36596,5.50809e-48
36597,5.49035e-48
36598,5.47517e-48
36599,5.46064e-48
36600,5.44408e-48
36601,5.42889e-48
36602,5.41267e-48
36603,5.39643e-48
36604,5.37848e-48
36605,5.36163e-48
36606,5.34476e-48
36607,5.33001e-48
36608,5.31518e-48
36609,5.30094e-48
36610,5.28507e-48
36611,5.26802e-48
36612,5.25291e-48
36613,5.23686e-48
36614,5.22063e-48
36615,5.20384e-48
36616,5.18882e-48
36617,5.17484e-48
36618,5.16064e-48
36619,5.14446e-48
36620,5.13041e-48
36621,5.11651e-48
36622,5.10215e-48
36623,5.08636e-48
36624,5.07172e-48
36625,5.05732e-48
36626,5.044e-48
36627,5.02977e-48
36628,5.01637e-48
36629,5.00259e-48
36630,4.98833e-48
36631,4.97288e-48
36632,4.95832e-48
36633,4.94226e-48
36634,4.92849e-48
36635,4.91432e-48
36636,4.89971e-48
36637,4.88373e-48
36638,4.86882e-48
36639,4.85343e-48
36640,4.83714e-48
36641,4.824e-48
36642,4.80958e-48
36643,4.79602e-48
36644,4.78105e-48
36645,4.76779e-48
36646,4.75509e-48
36647,4.74241e-48
36648,4.72908e-48
36649,4.71591e-48
36650,4.70092e-48
36651,4.68706e-48
36652,4.67358e-48
36653,4.66099e-48
36654,4.64841e-48
36655,4.63414e-48
36656,4.6206e-48
36657,4.60809e-48
36658,4.59303e-48
36659,4.57935e-48
36660,4.56636e-48
36661,4.55337e-48
36662,4.541e-48
36663,4.52701e-48
36664,4.51449e-48
36665,4.50164e-48
36666,4.48963e-48
36667,4.47587e-48
36668,4.46341e-48
36669,4.44989e-48
36670,4.43689e-48
36671,4.4247e-48
36672,4.41102e-48
36673,4.39629e-48
36674,4.38322e-48
36675,4.37037e-48
36676,4.35842e-48
36677,4.34559e-48
36678,4.33269e-48
36679,4.31998e-48
36680,4.30647e-48
36681,4.29417e-48
36682,4.28041e-48
36683,4.26896e-48
36684,4.25666e-48
36685,4.24269e-48
36686,4.22907e-48
36687,4.2154e-48
36688,4.20414e-48
36689,4.19115e-48
36690,4.17942e-48
36691,4.16747e-48
36692,4.15642e-48
36693,4.14456e-48
36694,4.13356e-48
36695,4.12213e-48
36696,4.10944e-48
36697,4.09837e-48
36698,4.08524e-48
36699,4.07171e-48
36700,4.05881e-48
36701,4.04723e-48
36702,4.03645e-48
36703,4.02486e-48
36704,4.01359e-48
36705,4.00175e-48
36706,3.98896e-48
36707,3.97727e-48
36708,3.96414e-48
36709,3.95284e-48
36710,3.94024e-48
36711,3.92789e-48
36712,3.91586e-48
36713,3.90368e-48
36714,3.89133e-48
36715,3.87824e-48
36716,3.86618e-48
36717,3.85471e-48
36718,3.84252e-48
36719,3.83053e-48
36720,3.81999e-48
36721,3.80749e-48
36722,3.79452e-48
36723,3.78394e-48
36724,3.77317e-48
36725,3.7632e-48
36726,3.75234e-48
36727,3.73988e-48
36728,3.72974e-48
36729,3.71922e-48
36730,3.70723e-48
36731,3.69524e-48
36732,3.68385e-48
36733,3.67164e-48
36734,3.66152e-48
36735,3.64989e-48
36736,3.63918e-48
36737,3.62716e-48
36738,3.617e-48
36739,3.60663e-48
36740,3.59657e-48
36741,3.58704e-48
36742,3.57758e-48
36743,3.56635e-48
36744,3.55514e-48
36745,3.54385e-48
36746,3.53245e-48
36747,3.52242e-48
36748,3.51275e-48
36749,3.50231e-48
36750,3.49081e-48
36751,3.48072e-48
36752,3.47039e-48
36753,3.45903e-48
36754,3.44851e-48
36755,3.43741e-48
36756,3.42593e-48
36757,3.41438e-48
36758,3.40318e-48
36759,3.39418e-48
36760,3.38479e-48
36761,3.37436e-48
36762,3.3635e-48
36763,3.35259e-48
36764,3.3422e-48
36765,3.33104e-48
36766,3.32063e-48
36767,3.3094e-48
36768,3.29827e-48
36769,3.28737e-48
36770,3.27782e-48
36771,3.26889e-48
36772,3.25845e-48
36773,3.24899e-48
36774,3.23832e-48
36775,3.22843e-48
36776,3.21976e-48
36777,3.20983e-48
36778,3.19946e-48
36779,3.19045e-48
36780,3.18158e-48
36781,3.17168e-48
36782,3.16198e-48
36783,3.15202e-48
36784,3.14225e-48
36785,3.13377e-48
36786,3.12449e-48
36787,3.11507e-48
36788,3.10684e-48
36789,3.09806e-48
36790,3.08874e-48
36791,3.08011e-48
36792,3.06997e-48
36793,3.06104e-48
36794,3.05295e-48
36795,3.04378e-48
36796,3.03512e-48
36797,3.02582e-48
36798,3.01656e-48
36799,3.00817e-48
36800,2.99932e-48
36801,2.98946e-48
36802,2.9808e-48
36803,2.97229e-48
36804,2.9639e-48
36805,2.95555e-48
36806,2.94606e-48
36807,2.9375e-48
36808,2.92777e-48
36809,2.91852e-48
36810,2.90953e-48
36811,2.90145e-48
36812,2.89307e-48
36813,2.88513e-48
36814,2.87583e-48
36815,2.86825e-48
36816,2.86024e-48
36817,2.85193e-48
36818,2.84335e-48
36819,2.83532e-48
36820,2.82649e-48
36821,2.81885e-48
36822,2.81054e-48
36823,2.80174e-48
36824,2.79344e-48
36825,2.78508e-48
36826,2.77718e-48
36827,2.76847e-48
36828,2.7609e-48
36829,2.75205e-48
36830,2.74282e-48
36831,2.73427e-48
36832,2.72545e-48
36833,2.71769e-48
36834,2.70883e-48
36835,2.70153e-48
36836,2.69347e-48
36837,2.68487e-48
36838,2.67692e-48
36839,2.66888e-48
36840,2.661e-48
36841,2.65395e-48
36842,2.64576e-48
36843,2.63718e-48
36844,2.62985e-48
36845,2.62186e-48
36846,2.61337e-48
36847,2.60559e-48
36848,2.5987e-48
36849,2.59125e-48
36850,2.58317e-48
36851,2.57495e-48
36852,2.56727e-48
36853,2.56015e-48
36854,2.55267e-48
36855,2.54434e-48
36856,2.53625e-48
36857,2.52817e-48
36858,2.52029e-48
36859,2.51207e-48
36860,2.5043e-48
36861,2.49663e-48
36862,2.48925e-48
36863,2.48201e-48
36864,2.47401e-48
36865,2.46679e-48
36866,2.4595e-48
36867,2.45234e-48
36868,2.44563e-48
36869,2.43776e-48
36870,2.42962e-48
36871,2.42208e-48
36872,2.41404e-48
36873,2.40648e-48
36874,2.3994e-48
36875,2.3929e-48
36876,2.38623e-48
36877,2.37956e-48
36878,2.37242e-48
36879,2.36574e-48
36880,2.35853e-48
36881,2.35188e-48
36882,2.34412e-48
36883,2.33782e-48
36884,2.33098e-48
36885,2.32416e-48
36886,2.31645e-48
36887,2.31007e-48
36888,2.30378e-48
36889,2.2968e-48
36890,2.28909e-48
36891,2.28172e-48
36892,2.27539e-48
36893,2.26874e-48
36894,2.26258e-48
36895,2.25658e-48
36896,2.24949e-48
36897,2.24258e-48
36898,2.23597e-48
36899,2.22859e-48
36900,2.22188e-48
36901,2.21549e-48
36902,2.20884e-48
36903,2.2024e-48
36904,2.19512e-48
36905,2.18768e-48
36906,2.18103e-48
36907,2.17497e-48
36908,2.16896e-48
36909,2.16318e-48
36910,2.15687e-48
36911,2.14997e-48
36912,2.1438e-48
36913,2.13752e-48
36914,2.13057e-48
36915,2.1237e-48
36916,2.11671e-48
36917,2.10971e-48
36918,2.10264e-48
36919,2.09542e-48
36920,2.08911e-48
36921,2.08225e-48
36922,2.07558e-48
36923,2.06909e-48
36924,2.06313e-48
36925,2.0565e-48
36926,2.05001e-48
36927,2.04441e-48
36928,2.03847e-48
36929,2.03295e-48
36930,2.0275e-48
36931,2.021e-48
36932,2.01499e-48
36933,2.00882e-48
36934,2.00309e-48
36935,1.99727e-48
36936,1.99124e-48
36937,1.98485e-48
36938,1.97871e-48
36939,1.9724e-48
36940,1.96593e-48
36941,1.96069e-48
36942,1.95483e-48
36943,1.94947e-48
36944,1.94372e-48
36945,1.938e-48
36946,1.93166e-48
36947,1.92608e-48
36948,1.92062e-48
36949,1.9145e-48
36950,1.90899e-48
36951,1.90297e-48
36952,1.89694e-48
36953,1.89189e-48
36954,1.88643e-48
36955,1.88141e-48
36956,1.8754e-48
36957,1.87035e-48
36958,1.86523e-48
36959,1.85995e-48
36960,1.85482e-48
36961,1.84965e-48
36962,1.84454e-48
36963,1.83892e-48
36964,1.83295e-48
36965,1.82742e-48
36966,1.82258e-48
36967,1.81733e-48
36968,1.81219e-48
36969,1.80666e-48
36970,1.80171e-48
36971,1.79681e-48
36972,1.79131e-48
36973,1.78568e-48
36974,1.78059e-48
36975,1.77575e-48
36976,1.77091e-48
36977,1.76603e-48
36978,1.76085e-48
36979,1.75568e-48
36980,1.75106e-48
36981,1.74559e-48
36982,1.74076e-48
36983,1.73536e-48
36984,1.72974e-48
36985,1.7244e-48
36986,1.71891e-48
36987,1.71348e-48
36988,1.70811e-48
36989,1.70245e-48
36990,1.69663e-48
36991,1.69098e-48
36992,1.68634e-48
36993,1.6817e-48
36994,1.67675e-48
36995,1.67118e-48
36996,1.66589e-48
36997,1.66089e-48
36998,1.65607e-48
36999,1.65061e-48
37000,1.64613e-48
37001,1.64125e-48
37002,1.63683e-48
37003,1.63172e-48
37004,1.62717e-48
37005,1.62248e-48
37006,1.61722e-48
37007,1.61253e-48
37008,1.60765e-48
37009,1.60303e-48
37010,1.59796e-48
37011,1.59307e-48
37012,1.58874e-48
37013,1.58358e-48
37014,1.57908e-48
37015,1.57393e-48
37016,1.56913e-48
37017,1.56499e-48
37018,1.56026e-48
37019,1.55594e-48
37020,1.5509e-48
37021,1.54609e-48
37022,1.54199e-48
37023,1.53787e-48
37024,1.53305e-48
37025,1.52845e-48
37026,1.52439e-48
37027,1.51994e-48
37028,1.51489e-48
37029,1.51042e-48
37030,1.50601e-48
37031,1.50196e-48
37032,1.49713e-48
37033,1.49262e-48
37034,1.48779e-48
37035,1.48374e-48
37036,1.479e-48
37037,1.4743e-48
37038,1.4699e-48
37039,1.46559e-48
37040,1.46168e-48
37041,1.45762e-48
37042,1.45283e-48
37043,1.44882e-48
37044,1.44485e-48
37045,1.44081e-48
37046,1.43694e-48
37047,1.43251e-48
37048,1.42846e-48
37049,1.42403e-48
37050,1.41935e-48
37051,1.41542e-48
37052,1.41142e-48
37053,1.40684e-48
37054,1.40288e-48
37055,1.39912e-48
37056,1.39508e-48
37057,1.39116e-48
37058,1.38701e-48
37059,1.38299e-48
37060,1.37871e-48
37061,1.37414e-48
37062,1.37003e-48
37063,1.36586e-48
37064,1.36186e-48
37065,1.35801e-48
37066,1.3538e-48
37067,1.34996e-48
37068,1.34551e-48
37069,1.34181e-48
37070,1.33767e-48
37071,1.33412e-48
37072,1.3303e-48
37073,1.32618e-48
37074,1.32251e-48
37075,1.31856e-48
37076,1.31422e-48
37077,1.31049e-48
37078,1.30684e-48
37079,1.30324e-48
37080,1.29899e-48
37081,1.29547e-48
37082,1.29176e-48
37083,1.28815e-48
37084,1.28389e-48
37085,1.27992e-48
37086,1.27626e-48
37087,1.27256e-48
37088,1.26846e-48
37089,1.26432e-48
37090,1.26023e-48
37091,1.25642e-48
37092,1.25244e-48
37093,1.24894e-48
37094,1.24559e-48
37095,1.2422e-48
37096,1.23854e-48
37097,1.23461e-48
37098,1.23097e-48
37099,1.22733e-48
37100,1.22331e-48
37101,1.22e-48
37102,1.2164e-48
37103,1.21297e-48
37104,1.20914e-48
37105,1.20535e-48
37106,1.20146e-48
37107,1.19765e-48
37108,1.19365e-48
37109,1.1905e-48
37110,1.18671e-48
37111,1.18279e-48
37112,1.17958e-48
37113,1.17631e-48
37114,1.17312e-48
37115,1.16996e-48
37116,1.16627e-48
37117,1.16284e-48
37118,1.15937e-48
37119,1.15578e-48
37120,1.15255e-48
37121,1.14931e-48
37122,1.14617e-48
37123,1.14244e-48
37124,1.13901e-48
37125,1.13583e-48
37126,1.13277e-48
37127,1.12909e-48
37128,1.12526e-48
37129,1.12184e-48
37130,1.11855e-48
37131,1.11492e-48
37132,1.11146e-48
37133,1.10779e-48
37134,1.10476e-48
37135,1.10158e-48
37136,1.09826e-48
37137,1.09463e-48
37138,1.0917e-48
37139,1.08849e-48
37140,1.08491e-48
37141,1.08126e-48
37142,1.0781e-48
37143,1.07524e-48
37144,1.07232e-48
37145,1.06916e-48
37146,1.06625e-48
37147,1.0628e-48
37148,1.05927e-48
37149,1.05595e-48
37150,1.05272e-48
37151,1.04987e-48
37152,1.0465e-48
37153,1.04318e-48
37154,1.04038e-48
37155,1.03741e-48
37156,1.03403e-48
37157,1.03118e-48
37158,1.02826e-48
37159,1.02493e-48
37160,1.02171e-48
37161,1.01847e-48
37162,1.01521e-48
37163,1.01234e-48
37164,1.00926e-48
37165,1.00595e-48
37166,1.00281e-48
37167,1.00005e-48
37168,9.96889e-49
37169,9.93756e-49
37170,9.90655e-49
37171,9.87509e-49
37172,9.84466e-49
37173,9.81869e-49
37174,9.78817e-49
37175,9.75715e-49
37176,9.72791e-49
37177,9.69616e-49
37178,9.66575e-49
37179,9.63768e-49
37180,9.60895e-49
37181,9.58226e-49
37182,9.55406e-49
37183,9.52631e-49
37184,9.49527e-49
37185,9.46638e-49
37186,9.43635e-49
37187,9.40573e-49
37188,9.37601e-49
37189,9.35103e-49
37190,9.32233e-49
37191,9.29553e-49
37192,9.26623e-49
37193,9.23882e-49
37194,9.2107e-49
37195,9.18406e-49
37196,9.15792e-49
37197,9.13259e-49
37198,9.10542e-49
37199,9.08076e-49
37200,9.05176e-49
37201,9.02683e-49
37202,8.99812e-49
37203,8.97136e-49
37204,8.94669e-49
37205,8.91974e-49
37206,8.8952e-49
37207,8.86804e-49
37208,8.84176e-49
37209,8.81344e-49
37210,8.78349e-49
37211,8.75359e-49
37212,8.72337e-49
37213,8.69711e-49
37214,8.67215e-49
37215,8.64396e-49
37216,8.61461e-49
37217,8.59149e-49
37218,8.56501e-49
37219,8.53833e-49
37220,8.51521e-49
37221,8.4907e-49
37222,8.46261e-49
37223,8.43463e-49
37224,8.40704e-49
37225,8.38126e-49
37226,8.35796e-49
37227,8.33534e-49
37228,8.30937e-49
37229,8.28307e-49
37230,8.25994e-49
37231,8.23485e-49
37232,8.20797e-49
37233,8.18613e-49
37234,8.16432e-49
37235,8.14269e-49
37236,8.1181e-49
37237,8.0955e-49
37238,8.07062e-49
37239,8.04905e-49
37240,8.02781e-49
37241,8.00336e-49
37242,7.97646e-49
37243,7.95542e-49
37244,7.93394e-49
37245,7.91139e-49
37246,7.88572e-49
37247,7.86447e-49
37248,7.84182e-49
37249,7.81796e-49
37250,7.79323e-49
37251,7.76987e-49
37252,7.74402e-49
37253,7.71929e-49
37254,7.69705e-49
37255,7.67271e-49
37256,7.65105e-49
37257,7.6282e-49
37258,7.60335e-49
37259,7.57744e-49
37260,7.55607e-49
37261,7.53577e-49
37262,7.51306e-49
37263,7.49278e-49
37264,7.47251e-49
37265,7.44975e-49
37266,7.42952e-49
37267,7.40649e-49
37268,7.38237e-49
37269,7.35849e-49
37270,7.33474e-49
37271,7.31064e-49
37272,7.28899e-49
37273,7.26586e-49
37274,7.24205e-49
37275,7.22004e-49
37276,7.20061e-49
37277,7.17821e-49
37278,7.15613e-49
37279,7.13487e-49
37280,7.11441e-49
37281,7.09413e-49
37282,7.07092e-49
37283,7.05069e-49
37284,7.03206e-49
37285,7.0124e-49
37286,6.99369e-49
37287,6.97411e-49
37288,6.95212e-49
37289,6.92898e-49
37290,6.90937e-49
37291,6.88649e-49
37292,6.86291e-49
37293,6.84014e-49
37294,6.82166e-49
37295,6.80324e-49
37296,6.78328e-49
37297,6.76448e-49
37298,6.743e-49
37299,6.72371e-49
37300,6.70156e-49
37301,6.68086e-49
37302,6.66258e-49
37303,6.6434e-49
37304,6.62437e-49
37305,6.60246e-49
37306,6.58043e-49
37307,6.56093e-49
37308,6.54032e-49
37309,6.52075e-49
37310,6.49953e-49
37311,6.48221e-49
37312,6.46187e-49
37313,6.44099e-49
37314,6.42239e-49
37315,6.40193e-49
37316,6.38485e-49
37317,6.3665e-49
37318,6.34949e-49
37319,6.32946e-49
37320,6.31139e-49
37321,6.29348e-49
37322,6.27345e-49
37323,6.25556e-49
37324,6.23854e-49
37325,6.21849e-49
37326,6.20026e-49
37327,6.18138e-49
37328,6.16473e-49
37329,6.14771e-49
37330,6.12792e-49
37331,6.1116e-49
37332,6.09249e-49
37333,6.07637e-49
37334,6.05879e-49
37335,6.0424e-49
37336,6.02259e-49
37337,6.00534e-49
37338,5.98743e-49
37339,5.96863e-49
37340,5.94947e-49
37341,5.93211e-49
37342,5.9134e-49
37343,5.89537e-49
37344,5.87915e-49
37345,5.86341e-49
37346,5.84667e-49
37347,5.83046e-49
37348,5.8134e-49
37349,5.79648e-49
37350,5.78117e-49
37351,5.76327e-49
37352,5.74515e-49
37353,5.72648e-49
37354,5.71135e-49
37355,5.69337e-49
37356,5.67536e-49
37357,5.65872e-49
37358,5.64225e-49
37359,5.62432e-49
37360,5.60699e-49
37361,5.59109e-49
37362,5.57327e-49
37363,5.55708e-49
37364,5.54133e-49
37365,5.52591e-49
37366,5.50969e-49
37367,5.4941e-49
37368,5.47773e-49
37369,5.45955e-49
37370,5.44092e-49
37371,5.42538e-49
37372,5.40989e-49
37373,5.39298e-49
37374,5.37546e-49
37375,5.3593e-49
37376,5.34217e-49
37377,5.32744e-49
37378,5.31103e-49
37379,5.29619e-49
37380,5.28029e-49
37381,5.26377e-49
37382,5.24619e-49
37383,5.23139e-49
37384,5.21585e-49
37385,5.19858e-49
37386,5.18472e-49
37387,5.17042e-49
37388,5.15564e-49
37389,5.14053e-49
37390,5.12348e-49
37391,5.10624e-49
37392,5.0899e-49
37393,5.07343e-49
37394,5.059e-49
37395,5.04228e-49
37396,5.025e-49
37397,5.0088e-49
37398,4.99461e-49
37399,4.97973e-49
37400,4.96423e-49
37401,4.95029e-49
37402,4.93466e-49
37403,4.91797e-49
37404,4.90123e-49
37405,4.88596e-49
37406,4.8714e-49
37407,4.85603e-49
37408,4.8405e-49
37409,4.82725e-49
37410,4.81155e-49
37411,4.79778e-49
37412,4.78245e-49
37413,4.76663e-49
37414,4.7521e-49
37415,4.73851e-49
37416,4.72334e-49
37417,4.70887e-49
37418,4.69473e-49
37419,4.68182e-49
37420,4.66644e-49
37421,4.65242e-49
37422,4.63991e-49
37423,4.62564e-49
37424,4.6126e-49
37425,4.59938e-49
37426,4.58516e-49
37427,4.57225e-49
37428,4.56003e-49
37429,4.54532e-49
37430,4.53072e-49
37431,4.51626e-49
37432,4.50384e-49
37433,4.49042e-49
37434,4.47633e-49
37435,4.46421e-49
37436,4.45214e-49
37437,4.43993e-49
37438,4.42584e-49
37439,4.41131e-49
37440,4.39866e-49
37441,4.38478e-49
37442,4.37276e-49
37443,4.36093e-49
37444,4.34765e-49
37445,4.3341e-49
37446,4.32134e-49
37447,4.30857e-49
37448,4.29656e-49
37449,4.28262e-49
37450,4.2693e-49
37451,4.25742e-49
37452,4.24513e-49
37453,4.23193e-49
37454,4.218e-49
37455,4.20481e-49
37456,4.19366e-49
37457,4.18116e-49
37458,4.16756e-49
37459,4.15633e-49
37460,4.14414e-49
37461,4.13145e-49
37462,4.11814e-49
37463,4.10536e-49
37464,4.09415e-49
37465,4.08202e-49
37466,4.06924e-49
37467,4.05781e-49
37468,4.0453e-49
37469,4.0331e-49
37470,4.02224e-49
37471,4.00916e-49
37472,3.99775e-49
37473,3.98663e-49
37474,3.97596e-49
37475,3.96318e-49
37476,3.95008e-49
37477,3.93819e-49
37478,3.92681e-49
37479,3.91624e-49
37480,3.90496e-49
37481,3.89207e-49
37482,3.88097e-49
37483,3.86873e-49
37484,3.85665e-49
37485,3.84605e-49
37486,3.83496e-49
37487,3.82309e-49
37488,3.81105e-49
37489,3.80032e-49
37490,3.78841e-49
37491,3.778e-49
37492,3.76595e-49
37493,3.75448e-49
37494,3.74253e-49
37495,3.7299e-49
37496,3.71997e-49
37497,3.7091e-49
37498,3.69881e-49
37499,3.68736e-49
37500,3.67501e-49
37501,3.66452e-49
37502,3.65324e-49
37503,3.64299e-49
37504,3.63221e-49
37505,3.62082e-49
37506,3.61092e-49
37507,3.60058e-49
37508,3.59065e-49
37509,3.58006e-49
37510,3.56954e-49
37511,3.55873e-49
37512,3.54822e-49
37513,3.53711e-49
37514,3.52696e-49
37515,3.51748e-49
37516,3.50628e-49
37517,3.49521e-49
37518,3.48404e-49
37519,3.47341e-49
37520,3.46192e-49
37521,3.45149e-49
37522,3.44068e-49
37523,3.42965e-49
37524,3.42058e-49
37525,3.41063e-49
37526,3.39991e-49
37527,3.39085e-49
37528,3.38e-49
37529,3.36871e-49
37530,3.35786e-49
37531,3.34683e-49
37532,3.33751e-49
37533,3.32788e-49
37534,3.31895e-49
37535,3.30878e-49
37536,3.29987e-49
37537,3.29076e-49
37538,3.28205e-49
37539,3.27288e-49
37540,3.26278e-49
37541,3.25312e-49
37542,3.24268e-49
37543,3.23387e-49
37544,3.22506e-49
37545,3.21631e-49
37546,3.20746e-49
37547,3.19692e-49
37548,3.18649e-49
37549,3.1758e-49
37550,3.16609e-49
37551,3.15609e-49
37552,3.14684e-49
37553,3.13808e-49
37554,3.12883e-49
37555,3.1197e-49
37556,3.11008e-49
37557,3.10144e-49
37558,3.09236e-49
37559,3.08309e-49
37560,3.07471e-49
37561,3.06629e-49
37562,3.05748e-49
37563,3.0488e-49
37564,3.03966e-49
37565,3.03072e-49
37566,3.02067e-49
37567,3.01125e-49
37568,3.00192e-49
37569,2.99183e-49
37570,2.98189e-49
37571,2.97334e-49
37572,2.96466e-49
37573,2.95548e-49
37574,2.94683e-49
37575,2.93793e-49
37576,2.92855e-49
37577,2.91956e-49
37578,2.91072e-49
37579,2.90186e-49
37580,2.89318e-49
37581,2.88545e-49
37582,2.87734e-49
37583,2.86806e-49
37584,2.85993e-49
37585,2.85095e-49
37586,2.84286e-49
37587,2.83363e-49
37588,2.8241e-49
37589,2.81507e-49
37590,2.80676e-49
37591,2.79927e-49
37592,2.79036e-49
37593,2.78136e-49
37594,2.7733e-49
37595,2.76525e-49
37596,2.75759e-49
37597,2.74977e-49
37598,2.74068e-49
37599,2.73169e-49
37600,2.72391e-49
37601,2.71517e-49
37602,2.70781e-49
37603,2.69947e-49
37604,2.69137e-49
37605,2.68334e-49
37606,2.67583e-49
37607,2.6683e-49
37608,2.66118e-49
37609,2.65288e-49
37610,2.64425e-49
37611,2.63618e-49
37612,2.62768e-49
37613,2.62056e-49
37614,2.61297e-49
37615,2.60597e-49
37616,2.5977e-49
37617,2.58954e-49
37618,2.58086e-49
37619,2.57246e-49
37620,2.56495e-49
37621,2.55754e-49
37622,2.54936e-49
37623,2.54222e-49
37624,2.5353e-49
37625,2.52837e-49
37626,2.52071e-49
37627,2.51349e-49
37628,2.50609e-49
37629,2.49846e-49
37630,2.49164e-49
37631,2.4839e-49
37632,2.47658e-49
37633,2.46967e-49
37634,2.4625e-49
37635,2.45445e-49
37636,2.44663e-49
37637,2.43902e-49
37638,2.43229e-49
37639,2.42467e-49
37640,2.41759e-49
37641,2.40955e-49
37642,2.40265e-49
37643,2.39602e-49
37644,2.38958e-49
37645,2.38224e-49
37646,2.37554e-49
37647,2.36782e-49
37648,2.36095e-49
37649,2.35441e-49
37650,2.34715e-49
37651,2.33974e-49
37652,2.3326e-49
37653,2.32562e-49
37654,2.31797e-49
37655,2.31062e-49
37656,2.30342e-49
37657,2.29648e-49
37658,2.28877e-49
37659,2.28259e-49
37660,2.27646e-49
37661,2.27028e-49
37662,2.26312e-49
37663,2.25631e-49
37664,2.24982e-49
37665,2.24359e-49
37666,2.23708e-49
37667,2.23113e-49
37668,2.22409e-49
37669,2.21728e-49
37670,2.21016e-49
37671,2.20401e-49
37672,2.19741e-49
37673,2.19151e-49
37674,2.18522e-49
37675,2.17853e-49
37676,2.1716e-49
37677,2.16488e-49
37678,2.15833e-49
37679,2.15251e-49
37680,2.14574e-49
37681,2.13976e-49
37682,2.13301e-49
37683,2.12684e-49
37684,2.12022e-49
37685,2.11355e-49
37686,2.10796e-49
37687,2.10198e-49
37688,2.09617e-49
37689,2.08926e-49
37690,2.08309e-49
37691,2.07721e-49
37692,2.07157e-49
37693,2.06585e-49
37694,2.05937e-49
37695,2.05325e-49
37696,2.04728e-49
37697,2.04166e-49
37698,2.03564e-49
37699,2.02999e-49
37700,2.02368e-49
37701,2.01795e-49
37702,2.01211e-49
37703,2.00646e-49
37704,2.00073e-49
37705,1.99444e-49
37706,1.98789e-49
37707,1.98255e-49
37708,1.97689e-49
37709,1.97115e-49
37710,1.96576e-49
37711,1.96042e-49
37712,1.9545e-49
37713,1.94805e-49
37714,1.94221e-49
37715,1.93671e-49
37716,1.93082e-49
37717,1.92508e-49
37718,1.91919e-49
37719,1.91303e-49
37720,1.90731e-49
37721,1.90093e-49
37722,1.89585e-49
37723,1.89016e-49
37724,1.88493e-49
37725,1.87896e-49
37726,1.874e-49
37727,1.86839e-49
37728,1.86219e-49
37729,1.85657e-49
37730,1.85066e-49
37731,1.84485e-49
37732,1.83896e-49
37733,1.83393e-49
37734,1.82801e-49
37735,1.8231e-49
37736,1.81728e-49
37737,1.81142e-49
37738,1.80646e-49
37739,1.80146e-49
37740,1.79653e-49
37741,1.79148e-49
37742,1.78637e-49
37743,1.78076e-49
37744,1.77582e-49
37745,1.77023e-49
37746,1.76555e-49
37747,1.76003e-49
37748,1.75508e-49
37749,1.74974e-49
37750,1.74442e-49
37751,1.73895e-49
37752,1.73359e-49
37753,1.72826e-49
37754,1.72338e-49
37755,1.71795e-49
37756,1.7129e-49
37757,1.70808e-49
37758,1.7032e-49
37759,1.69831e-49
37760,1.69297e-49
37761,1.68842e-49
37762,1.68396e-49
37763,1.67901e-49
37764,1.67436e-49
37765,1.66893e-49
37766,1.66383e-49
37767,1.65938e-49
37768,1.65429e-49
37769,1.64912e-49
37770,1.64446e-49
37771,1.63921e-49
37772,1.63372e-49
37773,1.62867e-49
37774,1.6237e-49
37775,1.61929e-49
37776,1.61466e-49
37777,1.60978e-49
37778,1.60451e-49
37779,1.59956e-49
37780,1.59515e-49
37781,1.59049e-49
37782,1.58601e-49
37783,1.58103e-49
37784,1.57683e-49
37785,1.57216e-49
37786,1.56745e-49
37787,1.56285e-49
37788,1.55789e-49
37789,1.5528e-49
37790,1.54778e-49
37791,1.54311e-49
37792,1.53804e-49
37793,1.53305e-49
37794,1.52787e-49
37795,1.52372e-49
37796,1.51904e-49
37797,1.51448e-49
37798,1.51033e-49
37799,1.50601e-49
37800,1.50188e-49
37801,1.49753e-49
37802,1.49341e-49
37803,1.4894e-49
37804,1.48454e-49
37805,1.47979e-49
37806,1.47569e-49
37807,1.4715e-49
37808,1.46733e-49
37809,1.46342e-49
37810,1.45874e-49
37811,1.45439e-49
37812,1.45007e-49
37813,1.4461e-49
37814,1.44211e-49
37815,1.43784e-49
37816,1.43339e-49
37817,1.42887e-49
37818,1.42412e-49
37819,1.41992e-49
37820,1.41565e-49
37821,1.41123e-49
37822,1.40657e-49
37823,1.4024e-49
37824,1.39827e-49
37825,1.39375e-49
37826,1.38952e-49
37827,1.38576e-49
37828,1.3818e-49
37829,1.37754e-49
37830,1.37346e-49
37831,1.36936e-49
37832,1.36571e-49
37833,1.36157e-49
37834,1.35743e-49
37835,1.35385e-49
37836,1.35e-49
37837,1.34577e-49
37838,1.34191e-49
37839,1.3378e-49
37840,1.33352e-49
37841,1.32981e-49
37842,1.32625e-49
37843,1.32255e-49
37844,1.31878e-49
37845,1.31508e-49
37846,1.31097e-49
37847,1.30656e-49
37848,1.30213e-49
37849,1.29803e-49
37850,1.29425e-49
37851,1.29043e-49
37852,1.28675e-49
37853,1.28314e-49
37854,1.27901e-49
37855,1.27491e-49
37856,1.27146e-49
37857,1.2678e-49
37858,1.26373e-49
37859,1.25999e-49
37860,1.25664e-49
37861,1.25311e-49
37862,1.24904e-49
37863,1.24568e-49
37864,1.24169e-49
37865,1.23798e-49
37866,1.23466e-49
37867,1.23123e-49
37868,1.22784e-49
37869,1.2243e-49
37870,1.22037e-49
37871,1.21626e-49
37872,1.2125e-49
37873,1.20852e-49
37874,1.20516e-49
37875,1.20127e-49
37876,1.19799e-49
37877,1.19412e-49
37878,1.19019e-49
37879,1.187e-49
37880,1.18347e-49
37881,1.18017e-49
37882,1.17666e-49
37883,1.17286e-49
37884,1.16935e-49
37885,1.16596e-49
37886,1.16243e-49
37887,1.1589e-49
37888,1.15522e-49
37889,1.15183e-49
37890,1.14801e-49
37891,1.14429e-49
37892,1.14068e-49
37893,1.13693e-49
37894,1.13319e-49
37895,1.12972e-49
37896,1.12647e-49
37897,1.12281e-49
37898,1.11919e-49
37899,1.11581e-49
37900,1.11265e-49
37901,1.10929e-49
37902,1.10601e-49
37903,1.10244e-49
37904,1.09916e-49
37905,1.09577e-49
37906,1.0923e-49
37907,1.08896e-49
37908,1.08567e-49
37909,1.08236e-49
37910,1.07904e-49
37911,1.07614e-49
37912,1.07277e-49
37913,1.06986e-49
37914,1.06642e-49
37915,1.06342e-49
37916,1.06028e-49
37917,1.05715e-49
37918,1.05378e-49
37919,1.05084e-49
37920,1.04748e-49
37921,1.04413e-49
37922,1.0406e-49
37923,1.03744e-49
37924,1.03426e-49
37925,1.03093e-49
37926,1.02818e-49
37927,1.02487e-49
37928,1.02163e-49
37929,1.01833e-49
37930,1.01532e-49
37931,1.01196e-49
37932,1.00902e-49
37933,1.00576e-49
37934,1.0025e-49
37935,9.99251e-50
37936,9.96254e-50
37937,9.93266e-50
37938,9.90417e-50
37939,9.87131e-50
37940,9.84474e-50
37941,9.81296e-50
37942,9.78673e-50
37943,9.75563e-50
37944,9.72984e-50
37945,9.69842e-50
37946,9.67228e-50
37947,9.64386e-50
37948,9.61584e-50
37949,9.58479e-50
37950,9.55459e-50
37951,9.52785e-50
37952,9.49899e-50
37953,9.46963e-50
37954,9.43969e-50
37955,9.41352e-50
37956,9.38612e-50
37957,9.35652e-50
37958,9.33123e-50
37959,9.30604e-50
37960,9.2784e-50
37961,9.2507e-50
37962,9.22597e-50
37963,9.19661e-50
37964,9.17002e-50
37965,9.14052e-50
37966,9.11204e-50
37967,9.08258e-50
37968,9.05626e-50
37969,9.02646e-50
37970,8.99707e-50
37971,8.97051e-50
37972,8.94143e-50
37973,8.91209e-50
37974,8.88687e-50
37975,8.85825e-50
37976,8.82968e-50
37977,8.80423e-50
37978,8.77904e-50
37979,8.75505e-50
37980,8.73101e-50
37981,8.70233e-50
37982,8.67697e-50
37983,8.64956e-50
37984,8.62278e-50
37985,8.59967e-50
37986,8.57189e-50
37987,8.54919e-50
37988,8.52232e-50
37989,8.4998e-50
37990,8.4768e-50
37991,8.45275e-50
37992,8.42761e-50
37993,8.40444e-50
37994,8.38142e-50
37995,8.35477e-50
37996,8.32642e-50
37997,8.29922e-50
37998,8.2733e-50
37999,8.24946e-50
38000,8.22365e-50
38001,8.19948e-50
38002,8.17366e-50
38003,8.14863e-50
38004,8.12576e-50
38005,8.09904e-50
38006,8.075e-50
38007,8.04801e-50
38008,8.02496e-50
38009,7.99971e-50
38010,7.97786e-50
38011,7.95447e-50
38012,7.92946e-50
38013,7.90571e-50
38014,7.88376e-50
38015,7.86127e-50
38016,7.83768e-50
38017,7.81636e-50
38018,7.79403e-50
38019,7.77174e-50
38020,7.75061e-50
38021,7.72793e-50
38022,7.70413e-50
38023,7.68033e-50
38024,7.65667e-50
38025,7.63204e-50
38026,7.60936e-50
38027,7.58611e-50
38028,7.56301e-50
38029,7.54277e-50
38030,7.51848e-50
38031,7.49711e-50
38032,7.47502e-50
38033,7.45196e-50
38034,7.42775e-50
38035,7.40422e-50
38036,7.38132e-50
38037,7.36052e-50
38038,7.33778e-50
38039,7.31364e-50
38040,7.28869e-50
38041,7.26473e-50
38042,7.24371e-50
38043,7.22107e-50
38044,7.20059e-50
38045,7.17907e-50
38046,7.16001e-50
38047,7.13751e-50
38048,7.1153e-50
38049,7.09462e-50
38050,7.07534e-50
38051,7.05324e-50
38052,7.0304e-50
38053,7.00779e-50
38054,6.98739e-50
38055,6.96703e-50
38056,6.94608e-50
38057,6.92382e-50
38058,6.90034e-50
38059,6.88168e-50
38060,6.85979e-50
38061,6.83705e-50
38062,6.81714e-50
38063,6.79778e-50
38064,6.77745e-50
38065,6.75875e-50
38066,6.73659e-50
38067,6.71822e-50
38068,6.69869e-50
38069,6.67805e-50
38070,6.65554e-50
38071,6.63588e-50
38072,6.61637e-50
38073,6.59744e-50
38074,6.57963e-50
38075,6.55934e-50
38076,6.53799e-50
38077,6.52018e-50
38078,6.50093e-50
38079,6.48166e-50
38080,6.4624e-50
38081,6.44261e-50
38082,6.42465e-50
38083,6.40655e-50
38084,6.38818e-50
38085,6.36889e-50
38086,6.34903e-50
38087,6.32817e-50
38088,6.30978e-50
38089,6.29031e-50
38090,6.26931e-50
38091,6.25189e-50
38092,6.2332e-50
38093,6.21546e-50
38094,6.1971e-50
38095,6.18056e-50
38096,6.16244e-50
38097,6.14432e-50
38098,6.12743e-50
38099,6.10777e-50
38100,6.09135e-50
38101,6.07469e-50
38102,6.05765e-50
38103,6.03968e-50
38104,6.02174e-50
38105,6.00439e-50
38106,5.98781e-50
38107,5.97084e-50
38108,5.95324e-50
38109,5.93478e-50
38110,5.91578e-50
38111,5.89599e-50
38112,5.87925e-50
38113,5.8599e-50
38114,5.84357e-50
38115,5.82585e-50
38116,5.80831e-50
38117,5.78942e-50
38118,5.7721e-50
38119,5.75334e-50
38120,5.73596e-50
38121,5.71917e-50
38122,5.70397e-50
38123,5.68886e-50
38124,5.67138e-50
38125,5.65436e-50
38126,5.6392e-50
38127,5.62381e-50
38128,5.60559e-50
38129,5.58985e-50
38130,5.57508e-50
38131,5.5569e-50
38132,5.54065e-50
38133,5.52502e-50
38134,5.50868e-50
38135,5.4909e-50
38136,5.47386e-50
38137,5.45678e-50
38138,5.44186e-50
38139,5.42731e-50
38140,5.41195e-50
38141,5.39442e-50
38142,5.3761e-50
38143,5.35951e-50
38144,5.34202e-50
38145,5.32725e-50
38146,5.31271e-50
38147,5.29746e-50
38148,5.28345e-50
38149,5.26753e-50
38150,5.25284e-50
38151,5.23723e-50
38152,5.21972e-50
38153,5.20497e-50
38154,5.18942e-50
38155,5.17323e-50
38156,5.15678e-50
38157,5.14091e-50
38158,5.12426e-50
38159,5.10818e-50
38160,5.09167e-50
38161,5.075e-50
38162,5.05912e-50
38163,5.04518e-50
38164,5.03161e-50
38165,5.01803e-50
38166,5.00158e-50
38167,4.98571e-50
38168,4.96976e-50
38169,4.9562e-50
38170,4.94075e-50
38171,4.92757e-50
38172,4.91142e-50
38173,4.89574e-50
38174,4.88062e-50
38175,4.8647e-50
38176,4.84857e-50
38177,4.83297e-50
38178,4.81949e-50
38179,4.80395e-50
38180,4.7901e-50
38181,4.77613e-50
38182,4.76229e-50
38183,4.74872e-50
38184,4.73412e-50
38185,4.71854e-50
38186,4.70245e-50
38187,4.68866e-50
38188,4.67478e-50
38189,4.65982e-50
38190,4.64753e-50
38191,4.63453e-50
38192,4.62041e-50
38193,4.60611e-50
38194,4.59258e-50
38195,4.57824e-50
38196,4.5637e-50
38197,4.5503e-50
38198,4.53713e-50
38199,4.52372e-50
38200,4.51016e-50
38201,4.49795e-50
38202,4.48464e-50
38203,4.4712e-50
38204,4.45683e-50
38205,4.44479e-50
38206,4.43206e-50
38207,4.41835e-50
38208,4.40404e-50
38209,4.39057e-50
38210,4.37725e-50
38211,4.3653e-50
38212,4.35109e-50
38213,4.33652e-50
38214,4.32358e-50
38215,4.31039e-50
38216,4.29651e-50
38217,4.28383e-50
38218,4.26969e-50
38219,4.25756e-50
38220,4.24577e-50
38221,4.23193e-50
38222,4.21909e-50
38223,4.20551e-50
38224,4.19259e-50
38225,4.17872e-50
38226,4.1661e-50
38227,4.15427e-50
38228,4.14246e-50
38229,4.12914e-50
38230,4.1159e-50
38231,4.10249e-50
38232,4.08866e-50
38233,4.07711e-50
38234,4.0655e-50
38235,4.05272e-50
38236,4.04107e-50
38237,4.02859e-50
38238,4.01676e-50
38239,4.00581e-50
38240,3.99474e-50
38241,3.98171e-50
38242,3.97043e-50
38243,3.9596e-50
38244,3.94695e-50
38245,3.93449e-50
38246,3.922e-50
38247,3.90972e-50
38248,3.89917e-50
38249,3.88726e-50
38250,3.87444e-50
38251,3.86338e-50
38252,3.85166e-50
38253,3.84036e-50
38254,3.83004e-50
38255,3.8196e-50
38256,3.80873e-50
38257,3.79725e-50
38258,3.78609e-50
38259,3.77447e-50
38260,3.7634e-50
38261,3.75308e-50
38262,3.74214e-50
38263,3.7314e-50
38264,3.72057e-50
38265,3.70888e-50
38266,3.69889e-50
38267,3.68748e-50
38268,3.67671e-50
38269,3.66579e-50
38270,3.65399e-50
38271,3.64274e-50
38272,3.63202e-50
38273,3.62227e-50
38274,3.61107e-50
38275,3.60085e-50
38276,3.58954e-50
38277,3.57895e-50
38278,3.56722e-50
38279,3.55551e-50
38280,3.54597e-50
38281,3.53478e-50
38282,3.52521e-50
38283,3.51446e-50
38284,3.50465e-50
38285,3.49502e-50
38286,3.48404e-50
38287,3.47346e-50
38288,3.4625e-50
38289,3.45289e-50
38290,3.44346e-50
38291,3.43413e-50
38292,3.42433e-50
38293,3.41399e-50
38294,3.40389e-50
38295,3.3932e-50
38296,3.38352e-50
38297,3.3734e-50
38298,3.36353e-50
38299,3.35309e-50
38300,3.34179e-50
38301,3.33238e-50
38302,3.32306e-50
38303,3.31342e-50
38304,3.30403e-50
38305,3.2932e-50
38306,3.28282e-50
38307,3.27411e-50
38308,3.26474e-50
38309,3.25488e-50
38310,3.24431e-50
38311,3.23472e-50
38312,3.22536e-50
38313,3.21476e-50
38314,3.20619e-50
38315,3.19656e-50
38316,3.18791e-50
38317,3.17784e-50
38318,3.16922e-50
38319,3.1592e-50
38320,3.14851e-50
38321,3.1396e-50
38322,3.12937e-50
38323,3.12035e-50
38324,3.11041e-50
38325,3.10136e-50
38326,3.09314e-50
38327,3.08483e-50
38328,3.07497e-50
38329,3.06586e-50
38330,3.05617e-50
38331,3.04613e-50
38332,3.03657e-50
38333,3.02632e-50
38334,3.01775e-50
38335,3.0079e-50
38336,2.99781e-50
38337,2.98775e-50
38338,2.97761e-50
38339,2.96911e-50
38340,2.96037e-50
38341,2.95093e-50
38342,2.94162e-50
38343,2.93207e-50
38344,2.9227e-50
38345,2.91341e-50
38346,2.90488e-50
38347,2.89558e-50
38348,2.8868e-50
38349,2.87819e-50
38350,2.86934e-50
38351,2.86073e-50
38352,2.85173e-50
38353,2.84308e-50
38354,2.83392e-50
38355,2.82535e-50
38356,2.8161e-50
38357,2.80685e-50
38358,2.79817e-50
38359,2.78925e-50
38360,2.78138e-50
38361,2.77345e-50
38362,2.76501e-50
38363,2.75594e-50
38364,2.74805e-50
38365,2.73923e-50
38366,2.73032e-50
38367,2.72269e-50
38368,2.71419e-50
38369,2.70553e-50
38370,2.69743e-50
38371,2.68998e-50
38372,2.68197e-50
38373,2.67463e-50
38374,2.66586e-50
38375,2.65835e-50
38376,2.64982e-50
38377,2.64211e-50
38378,2.63508e-50
38379,2.62753e-50
38380,2.61912e-50
38381,2.61092e-50
38382,2.60236e-50
38383,2.59442e-50
38384,2.58726e-50
38385,2.57932e-50
38386,2.57247e-50
38387,2.56562e-50
38388,2.55807e-50
38389,2.55024e-50
38390,2.54206e-50
38391,2.53394e-50
38392,2.52549e-50
38393,2.51809e-50
38394,2.51039e-50
38395,2.5034e-50
38396,2.49647e-50
38397,2.48923e-50
38398,2.48197e-50
38399,2.47383e-50
38400,2.46705e-50
38401,2.45914e-50
38402,2.45249e-50
38403,2.44499e-50
38404,2.43854e-50
38405,2.43201e-50
38406,2.42424e-50
38407,2.41626e-50
38408,2.4091e-50
38409,2.40121e-50
38410,2.39448e-50
38411,2.38779e-50
38412,2.38063e-50
38413,2.37425e-50
38414,2.36684e-50
38415,2.35935e-50
38416,2.35185e-50
38417,2.34425e-50
38418,2.33672e-50
38419,2.33022e-50
38420,2.32348e-50
38421,2.31652e-50
38422,2.3089e-50
38423,2.30229e-50
38424,2.29482e-50
38425,2.28787e-50
38426,2.28103e-50
38427,2.27488e-50
38428,2.26757e-50
38429,2.26004e-50
38430,2.25228e-50
38431,2.2463e-50
38432,2.23931e-50
38433,2.23325e-50
38434,2.2264e-50
38435,2.2193e-50
38436,2.2132e-50
38437,2.20658e-50
38438,2.19982e-50
38439,2.19311e-50
38440,2.18663e-50
38441,2.17962e-50
38442,2.17255e-50
38443,2.16518e-50
38444,2.15795e-50
38445,2.15132e-50
38446,2.14458e-50
38447,2.138e-50
38448,2.13186e-50
38449,2.12563e-50
38450,2.1189e-50
38451,2.11218e-50
38452,2.10512e-50
38453,2.09846e-50
38454,2.09135e-50
38455,2.08446e-50
38456,2.0787e-50
38457,2.07257e-50
38458,2.0658e-50
38459,2.06026e-50
38460,2.05437e-50
38461,2.0477e-50
38462,2.04218e-50
38463,2.03667e-50
38464,2.03001e-50
38465,2.02348e-50
38466,2.01684e-50
38467,2.01132e-50
38468,2.00566e-50
38469,1.99978e-50
38470,1.99355e-50
38471,1.98725e-50
38472,1.98166e-50
38473,1.97581e-50
38474,1.96965e-50
38475,1.96432e-50
38476,1.95913e-50
38477,1.95353e-50
38478,1.9475e-50
38479,1.94189e-50
38480,1.93574e-50
38481,1.93004e-50
38482,1.92491e-50
38483,1.91898e-50
38484,1.91384e-50
38485,1.90877e-50
38486,1.90313e-50
38487,1.89782e-50
38488,1.8922e-50
38489,1.88668e-50
38490,1.88135e-50
38491,1.87533e-50
38492,1.86999e-50
38493,1.86462e-50
38494,1.85852e-50
38495,1.85325e-50
38496,1.84826e-50
38497,1.84249e-50
38498,1.83711e-50
38499,1.83181e-50
38500,1.82675e-50
38501,1.82186e-50
38502,1.817e-50
38503,1.81172e-50
38504,1.80629e-50
38505,1.80058e-50
38506,1.79515e-50
38507,1.78973e-50
38508,1.78491e-50
38509,1.78002e-50
38510,1.77433e-50
38511,1.76851e-50
38512,1.76307e-50
38513,1.75727e-50
38514,1.7519e-50
38515,1.74649e-50
38516,1.74072e-50
38517,1.73609e-50
38518,1.73059e-50
38519,1.72553e-50
38520,1.72047e-50
38521,1.71581e-50
38522,1.71106e-50
38523,1.70575e-50
38524,1.7007e-50
38525,1.69607e-50
38526,1.69054e-50
38527,1.6854e-50
38528,1.67988e-50
38529,1.67502e-50
38530,1.6696e-50
38531,1.66512e-50
38532,1.66032e-50
38533,1.6549e-50
38534,1.64992e-50
38535,1.6445e-50
38536,1.63934e-50
38537,1.63382e-50
38538,1.62894e-50
38539,1.62382e-50
38540,1.61939e-50
38541,1.61482e-50
38542,1.60996e-50
38543,1.60493e-50
38544,1.6005e-50
38545,1.5962e-50
38546,1.59169e-50
38547,1.58743e-50
38548,1.58313e-50
38549,1.57883e-50
38550,1.57422e-50
38551,1.56949e-50
38552,1.56511e-50
38553,1.56031e-50
38554,1.55594e-50
38555,1.55116e-50
38556,1.5462e-50
38557,1.54191e-50
38558,1.53768e-50
38559,1.53299e-50
38560,1.52838e-50
38561,1.52433e-50
38562,1.51964e-50
38563,1.51464e-50
38564,1.50954e-50
38565,1.50537e-50
38566,1.50061e-50
38567,1.49602e-50
38568,1.49194e-50
38569,1.48779e-50
38570,1.48361e-50
38571,1.47944e-50
38572,1.47505e-50
38573,1.47032e-50
38574,1.46538e-50
38575,1.46075e-50
38576,1.45592e-50
38577,1.45182e-50
38578,1.4473e-50
38579,1.44242e-50
38580,1.43821e-50
38581,1.43427e-50
38582,1.43002e-50
38583,1.42567e-50
38584,1.42111e-50
38585,1.41657e-50
38586,1.41259e-50
38587,1.40837e-50
38588,1.40374e-50
38589,1.39962e-50
38590,1.39578e-50
38591,1.39173e-50
38592,1.38767e-50
38593,1.3832e-50
38594,1.37924e-50
38595,1.3753e-50
38596,1.37074e-50
38597,1.36704e-50
38598,1.36267e-50
38599,1.35894e-50
38600,1.35511e-50
38601,1.35141e-50
38602,1.34751e-50
38603,1.34324e-50
38604,1.33874e-50
38605,1.33488e-50
38606,1.33096e-50
38607,1.32669e-50
38608,1.32265e-50
38609,1.31903e-50
38610,1.31487e-50
38611,1.31052e-50
38612,1.30678e-50
38613,1.30308e-50
38614,1.29924e-50
38615,1.29577e-50
38616,1.29234e-50
38617,1.28839e-50
38618,1.28445e-50
38619,1.2802e-50
38620,1.27678e-50
38621,1.27283e-50
38622,1.26917e-50
38623,1.26543e-50
38624,1.2616e-50
38625,1.25772e-50
38626,1.2537e-50
38627,1.24987e-50
38628,1.24595e-50
38629,1.24207e-50
38630,1.23817e-50
38631,1.23401e-50
38632,1.23e-50
38633,1.22671e-50
38634,1.2229e-50
38635,1.21904e-50
38636,1.2155e-50
38637,1.21215e-50
38638,1.20855e-50
38639,1.2046e-50
38640,1.20114e-50
38641,1.19774e-50
38642,1.19395e-50
38643,1.19028e-50
38644,1.18664e-50
38645,1.18331e-50
38646,1.17971e-50
38647,1.17609e-50
38648,1.17222e-50
38649,1.16896e-50
38650,1.16549e-50
38651,1.16164e-50
38652,1.15775e-50
38653,1.15394e-50
38654,1.15055e-50
38655,1.14715e-50
38656,1.14379e-50
38657,1.14066e-50
38658,1.13691e-50
38659,1.13382e-50
38660,1.13026e-50
38661,1.12672e-50
38662,1.1237e-50
38663,1.12035e-50
38664,1.11683e-50
38665,1.11322e-50
38666,1.11009e-50
38667,1.10712e-50
38668,1.10352e-50
38669,1.09998e-50
38670,1.09629e-50
38671,1.09317e-50
38672,1.09028e-50
38673,1.08691e-50
38674,1.08338e-50
38675,1.08003e-50
38676,1.07642e-50
38677,1.07321e-50
38678,1.07025e-50
38679,1.06684e-50
38680,1.06353e-50
38681,1.06019e-50
38682,1.05678e-50
38683,1.05359e-50
38684,1.05044e-50
38685,1.04755e-50
38686,1.04414e-50
38687,1.04065e-50
38688,1.03766e-50
38689,1.03425e-50
38690,1.03071e-50
38691,1.02794e-50
38692,1.02484e-50
38693,1.02209e-50
38694,1.019e-50
38695,1.0161e-50
38696,1.01283e-50
38697,1.00952e-50
38698,1.00659e-50
38699,1.00336e-50
38700,1.0003e-50
38701,9.9745e-51
38702,9.94774e-51
38703,9.91794e-51
38704,9.88468e-51
38705,9.85154e-51
38706,9.82444e-51
38707,9.79245e-51
38708,9.76418e-51
38709,9.73633e-51
38710,9.70549e-51
38711,9.67308e-51
38712,9.64e-51
38713,9.61021e-51
38714,9.58187e-51
38715,9.5535e-51
38716,9.5235e-51
38717,9.49578e-51
38718,9.46838e-51
38719,9.44338e-51
38720,9.41671e-51
38721,9.38965e-51
38722,9.36442e-51
38723,9.3344e-51
38724,9.30687e-51
38725,9.27792e-51
38726,9.25228e-51
38727,9.22629e-51
38728,9.19892e-51
38729,9.17132e-51
38730,9.14667e-51
38731,9.12234e-51
38732,9.09369e-51
38733,9.06876e-51
38734,9.04133e-51
38735,9.01232e-51
38736,8.98838e-51
38737,8.9605e-51
38738,8.93202e-51
38739,8.90613e-51
38740,8.8824e-51
38741,8.85613e-51
38742,8.8311e-51
38743,8.80772e-51
38744,8.7842e-51
38745,8.75717e-51
38746,8.73103e-51
38747,8.70326e-51
38748,8.67998e-51
38749,8.65249e-51
38750,8.62465e-51
38751,8.59962e-51
38752,8.5759e-51
38753,8.54853e-51
38754,8.52453e-51
38755,8.49871e-51
38756,8.47318e-51
38757,8.44844e-51
38758,8.4212e-51
38759,8.39252e-51
38760,8.36421e-51
38761,8.336e-51
38762,8.31383e-51
38763,8.28824e-51
38764,8.26611e-51
38765,8.24105e-51
38766,8.21645e-51
38767,8.19437e-51
38768,8.17094e-51
38769,8.14824e-51
38770,8.12452e-51
38771,8.10092e-51
38772,8.07557e-51
38773,8.05017e-51
38774,8.02653e-51
38775,8.00108e-51
38776,7.97777e-51
38777,7.95189e-51
38778,7.92771e-51
38779,7.90443e-51
38780,7.87972e-51
38781,7.85728e-51
38782,7.83252e-51
38783,7.80672e-51
38784,7.78541e-51
38785,7.75991e-51
38786,7.73671e-51
38787,7.71286e-51
38788,7.69042e-51
38789,7.66861e-51
38790,7.64518e-51
38791,7.62351e-51
38792,7.6024e-51
38793,7.57912e-51
38794,7.55379e-51
38795,7.53242e-51
38796,7.51125e-51
38797,7.48923e-51
38798,7.46786e-51
38799,7.4451e-51
38800,7.42197e-51
38801,7.39842e-51
38802,7.37338e-51
38803,7.35185e-51
38804,7.33043e-51
38805,7.30915e-51
38806,7.28934e-51
38807,7.26653e-51
38808,7.24601e-51
38809,7.22385e-51
38810,7.20391e-51
38811,7.18043e-51
38812,7.15642e-51
38813,7.13226e-51
38814,7.10878e-51
38815,7.08992e-51
38816,7.06718e-51
38817,7.04715e-51
38818,7.02549e-51
38819,7.00561e-51
38820,6.98455e-51
38821,6.96484e-51
38822,6.94398e-51
38823,6.92199e-51
38824,6.89903e-51
38825,6.87815e-51
38826,6.85515e-51
38827,6.83623e-51
38828,6.81402e-51
38829,6.79455e-51
38830,6.77314e-51
38831,6.75237e-51
38832,6.73456e-51
38833,6.71368e-51
38834,6.6914e-51
38835,6.67165e-51
38836,6.65352e-51
38837,6.63589e-51
38838,6.61775e-51
38839,6.59874e-51
38840,6.57842e-51
38841,6.55951e-51
38842,6.54085e-51
38843,6.52117e-51
38844,6.50284e-51
38845,6.48522e-51
38846,6.46573e-51
38847,6.44805e-51
38848,6.4295e-51
38849,6.41163e-51
38850,6.39302e-51
38851,6.37212e-51
38852,6.35301e-51
38853,6.33201e-51
38854,6.31209e-51
38855,6.29374e-51
38856,6.27531e-51
38857,6.25604e-51
38858,6.2372e-51
38859,6.21921e-51
38860,6.19894e-51
38861,6.18133e-51
38862,6.16121e-51
38863,6.14062e-51
38864,6.11954e-51
38865,6.09925e-51
38866,6.08172e-51
38867,6.06525e-51
38868,6.04593e-51
38869,6.02791e-51
38870,6.01002e-51
38871,5.99209e-51
38872,5.97298e-51
38873,5.95375e-51
38874,5.93791e-51
38875,5.9222e-51
38876,5.90331e-51
38877,5.88506e-51
38878,5.86889e-51
38879,5.8525e-51
38880,5.83393e-51
38881,5.81611e-51
38882,5.80017e-51
38883,5.78387e-51
38884,5.76676e-51
38885,5.74834e-51
38886,5.73045e-51
38887,5.71152e-51
38888,5.69463e-51
38889,5.6791e-51
38890,5.66325e-51
38891,5.64716e-51
38892,5.63078e-51
38893,5.61537e-51
38894,5.5998e-51
38895,5.58362e-51
38896,5.56516e-51
38897,5.54826e-51
38898,5.53167e-51
38899,5.51387e-51
38900,5.49528e-51
38901,5.47657e-51
38902,5.46081e-51
38903,5.44368e-51
38904,5.42641e-51
38905,5.41077e-51
38906,5.39373e-51
38907,5.37714e-51
38908,5.35932e-51
38909,5.3414e-51
38910,5.32381e-51
38911,5.30675e-51
38912,5.29097e-51
38913,5.27339e-51
38914,5.25538e-51
38915,5.23756e-51
38916,5.22058e-51
38917,5.20439e-51
38918,5.18752e-51
38919,5.17325e-51
38920,5.15713e-51
38921,5.14335e-51
38922,5.1283e-51
38923,5.11436e-51
38924,5.10024e-51
38925,5.08458e-51
38926,5.06931e-51
38927,5.05537e-51
38928,5.04151e-51
38929,5.02497e-51
38930,5.00789e-51
38931,4.99423e-51
38932,4.97803e-51
38933,4.96388e-51
38934,4.94797e-51
38935,4.93248e-51
38936,4.91731e-51
38937,4.90225e-51
38938,4.88852e-51
38939,4.87398e-51
38940,4.85952e-51
38941,4.84656e-51
38942,4.8331e-51
38943,4.81745e-51
38944,4.80474e-51
38945,4.79147e-51
38946,4.77623e-51
38947,4.76091e-51
38948,4.74544e-51
38949,4.73059e-51
38950,4.71494e-51
38951,4.70055e-51
38952,4.68582e-51
38953,4.67225e-51
38954,4.65786e-51
38955,4.64257e-51
38956,4.63033e-51
38957,4.61773e-51
38958,4.60546e-51
38959,4.59286e-51
38960,4.5804e-51
38961,4.56535e-51
38962,4.55235e-51
38963,4.54021e-51
38964,4.52747e-51
38965,4.51522e-51
38966,4.5013e-51
38967,4.48661e-51
38968,4.4724e-51
38969,4.45751e-51
38970,4.44451e-51
38971,4.43235e-51
38972,4.41789e-51
38973,4.40427e-51
38974,4.39251e-51
38975,4.37823e-51
38976,4.36407e-51
38977,4.34963e-51
38978,4.33573e-51
38979,4.32242e-51
38980,4.30943e-51
38981,4.29621e-51
38982,4.28462e-51
38983,4.27282e-51
38984,4.25889e-51
38985,4.24525e-51
38986,4.23388e-51
38987,4.22015e-51
38988,4.20621e-51
38989,4.19484e-51
38990,4.1835e-51
38991,4.16984e-51
38992,4.15856e-51
38993,4.14661e-51
38994,4.13562e-51
38995,4.12381e-51
38996,4.1116e-51
38997,4.0987e-51
38998,4.08729e-51
38999,4.0761e-51
39000,4.06371e-51
39001,4.05138e-51
39002,4.03982e-51
39003,4.0276e-51
39004,4.01664e-51
39005,4.00516e-51
39006,3.99315e-51
39007,3.98009e-51
39008,3.96894e-51
39009,3.95786e-51
39010,3.94625e-51
39011,3.93386e-51
39012,3.92104e-51
39013,3.90907e-51
39014,3.89621e-51
39015,3.88356e-51
39016,3.87255e-51
39017,3.85984e-51
39018,3.8475e-51
39019,3.83702e-51
39020,3.82681e-51
39021,3.81474e-51
39022,3.80443e-51
39023,3.7941e-51
39024,3.78365e-51
39025,3.77341e-51
39026,3.76231e-51
39027,3.75066e-51
39028,3.73851e-51
39029,3.72672e-51
39030,3.71462e-51
39031,3.70359e-51
39032,3.69327e-51
39033,3.68328e-51
39034,3.67119e-51
39035,3.66057e-51
39036,3.64979e-51
39037,3.63881e-51
39038,3.62867e-51
39039,3.61751e-51
39040,3.60596e-51
39041,3.59465e-51
39042,3.58417e-51
39043,3.57327e-51
39044,3.56336e-51
39045,3.55334e-51
39046,3.54313e-51
39047,3.53271e-51
39048,3.52286e-51
39049,3.51342e-51
39050,3.5029e-51
39051,3.49303e-51
39052,3.48175e-51
39053,3.47083e-51
39054,3.46071e-51
39055,3.45144e-51
39056,3.44068e-51
39057,3.42944e-51
39058,3.41847e-51
39059,3.40798e-51
39060,3.39773e-51
39061,3.38749e-51
39062,3.37613e-51
39063,3.36528e-51
39064,3.35479e-51
39065,3.34346e-51
39066,3.33453e-51
39067,3.32558e-51
39068,3.31572e-51
39069,3.30638e-51
39070,3.29604e-51
39071,3.28668e-51
39072,3.27599e-51
39073,3.2671e-51
39074,3.25667e-51
39075,3.24787e-51
39076,3.23853e-51
39077,3.22953e-51
39078,3.21988e-51
39079,3.21004e-51
39080,3.20094e-51
39081,3.19232e-51
39082,3.18217e-51
39083,3.17342e-51
39084,3.16353e-51
39085,3.15468e-51
39086,3.14593e-51
39087,3.13662e-51
39088,3.12823e-51
39089,3.11813e-51
39090,3.1098e-51
39091,3.10047e-51
39092,3.09131e-51
39093,3.08307e-51
39094,3.07439e-51
39095,3.06614e-51
39096,3.058e-51
39097,3.0493e-51
39098,3.04096e-51
39099,3.03186e-51
39100,3.0226e-51
39101,3.01271e-51
39102,3.00283e-51
39103,2.99377e-51
39104,2.98377e-51
39105,2.97431e-51
39106,2.96517e-51
39107,2.9566e-51
39108,2.94702e-51
39109,2.93901e-51
39110,2.92947e-51
39111,2.92143e-51
39112,2.91336e-51
39113,2.90419e-51
39114,2.8959e-51
39115,2.88644e-51
39116,2.87659e-51
39117,2.86784e-51
39118,2.85943e-51
39119,2.8518e-51
39120,2.84351e-51
39121,2.83512e-51
39122,2.82642e-51
39123,2.81716e-51
39124,2.80865e-51
39125,2.79942e-51
39126,2.78997e-51
39127,2.78144e-51
39128,2.77364e-51
39129,2.76618e-51
39130,2.75877e-51
39131,2.75007e-51
39132,2.74083e-51
39133,2.73166e-51
39134,2.72382e-51
39135,2.71489e-51
39136,2.70656e-51
39137,2.6977e-51
39138,2.69e-51
39139,2.68214e-51
39140,2.67323e-51
39141,2.66574e-51
39142,2.65771e-51
39143,2.65038e-51
39144,2.64168e-51
39145,2.63293e-51
39146,2.6258e-51
39147,2.61723e-51
39148,2.60961e-51
39149,2.60182e-51
39150,2.59493e-51
39151,2.58682e-51
39152,2.57815e-51
39153,2.57005e-51
39154,2.56204e-51
39155,2.55443e-51
39156,2.54674e-51
39157,2.53896e-51
39158,2.53047e-51
39159,2.52227e-51
39160,2.51432e-51
39161,2.50763e-51
39162,2.50012e-51
39163,2.49242e-51
39164,2.48416e-51
39165,2.47593e-51
39166,2.46832e-51
39167,2.46096e-51
39168,2.4532e-51
39169,2.44521e-51
39170,2.43706e-51
39171,2.42927e-51
39172,2.42281e-51
39173,2.41572e-51
39174,2.40788e-51
39175,2.40151e-51
39176,2.3947e-51
39177,2.38682e-51
39178,2.37868e-51
39179,2.37112e-51
39180,2.36403e-51
39181,2.35611e-51
39182,2.34907e-51
39183,2.34218e-51
39184,2.33497e-51
39185,2.32868e-51
39186,2.32124e-51
39187,2.31485e-51
39188,2.30774e-51
39189,2.30024e-51
39190,2.29255e-51
39191,2.28591e-51
39192,2.27851e-51
39193,2.27168e-51
39194,2.26415e-51
39195,2.25676e-51
39196,2.25024e-51
39197,2.24354e-51
39198,2.23722e-51
39199,2.23125e-51
39200,2.22492e-51
39201,2.21883e-51
39202,2.21189e-51
39203,2.20548e-51
39204,2.19873e-51
39205,2.19195e-51
39206,2.18558e-51
39207,2.17841e-51
39208,2.17168e-51
39209,2.1654e-51
39210,2.15881e-51
39211,2.15305e-51
39212,2.1469e-51
39213,2.1412e-51
39214,2.13493e-51
39215,2.12785e-51
39216,2.12205e-51
39217,2.11601e-51
39218,2.11025e-51
39219,2.10363e-51
39220,2.09783e-51
39221,2.09226e-51
39222,2.08661e-51
39223,2.08108e-51
39224,2.07493e-51
39225,2.0694e-51
39226,2.06287e-51
39227,2.05614e-51
39228,2.04985e-51
39229,2.04435e-51
39230,2.03781e-51
39231,2.03109e-51
39232,2.02539e-51
39233,2.0192e-51
39234,2.01357e-51
39235,2.00714e-51
39236,2.00148e-51
39237,1.99543e-51
39238,1.98908e-51
39239,1.98259e-51
39240,1.97594e-51
39241,1.97018e-51
39242,1.9638e-51
39243,1.95822e-51
39244,1.95256e-51
39245,1.94697e-51
39246,1.94152e-51
39247,1.93577e-51
39248,1.92977e-51
39249,1.92416e-51
39250,1.91875e-51
39251,1.91263e-51
39252,1.90701e-51
39253,1.90151e-51
39254,1.89538e-51
39255,1.88907e-51
39256,1.88349e-51
39257,1.87764e-51
39258,1.87168e-51
39259,1.8654e-51
39260,1.85939e-51
39261,1.85362e-51
39262,1.84764e-51
39263,1.8414e-51
39264,1.83621e-51
39265,1.83136e-51
39266,1.82563e-51
39267,1.82017e-51
39268,1.8146e-51
39269,1.80911e-51
39270,1.80395e-51
39271,1.79857e-51
39272,1.7927e-51
39273,1.78775e-51
39274,1.78212e-51
39275,1.77708e-51
39276,1.7718e-51
39277,1.76711e-51
39278,1.76163e-51
39279,1.75679e-51
39280,1.75172e-51
39281,1.74589e-51
39282,1.73994e-51
39283,1.73425e-51
39284,1.72919e-51
39285,1.72365e-51
39286,1.71821e-51
39287,1.7127e-51
39288,1.70756e-51
39289,1.70255e-51
39290,1.69723e-51
39291,1.6925e-51
39292,1.68802e-51
39293,1.68304e-51
39294,1.67841e-51
39295,1.67372e-51
39296,1.66874e-51
39297,1.66322e-51
39298,1.65789e-51
39299,1.65339e-51
39300,1.64852e-51
39301,1.64416e-51
39302,1.63919e-51
39303,1.63444e-51
39304,1.62993e-51
39305,1.62522e-51
39306,1.62024e-51
39307,1.61517e-51
39308,1.61042e-51
39309,1.60577e-51
39310,1.60062e-51
39311,1.59543e-51
39312,1.59079e-51
39313,1.58572e-51
39314,1.58084e-51
39315,1.57585e-51
39316,1.57097e-51
39317,1.56653e-51
39318,1.56191e-51
39319,1.5577e-51
39320,1.55293e-51
39321,1.54864e-51
39322,1.54426e-51
39323,1.53948e-51
39324,1.53466e-51
39325,1.53009e-51
39326,1.52505e-51
39327,1.52081e-51
39328,1.5164e-51
39329,1.51172e-51
39330,1.50742e-51
39331,1.50254e-51
39332,1.49782e-51
39333,1.49286e-51
39334,1.48863e-51
39335,1.48387e-51
39336,1.47963e-51
39337,1.47485e-51
39338,1.47039e-51
39339,1.46577e-51
39340,1.46166e-51
39341,1.45749e-51
39342,1.45315e-51
39343,1.44872e-51
39344,1.44478e-51
39345,1.4409e-51
39346,1.43684e-51
39347,1.43234e-51
39348,1.42821e-51
39349,1.42371e-51
39350,1.41907e-51
39351,1.41423e-51
39352,1.40943e-51
39353,1.40558e-51
39354,1.40126e-51
39355,1.39695e-51
39356,1.39268e-51
39357,1.38839e-51
39358,1.38394e-51
39359,1.37925e-51
39360,1.37534e-51
39361,1.37166e-51
39362,1.36729e-51
39363,1.36274e-51
39364,1.35811e-51
39365,1.35441e-51
39366,1.35018e-51
39367,1.34637e-51
39368,1.34194e-51
39369,1.33814e-51
39370,1.33375e-51
39371,1.33002e-51
39372,1.32601e-51
39373,1.32208e-51
39374,1.31786e-51
39375,1.31369e-51
39376,1.3097e-51
39377,1.30618e-51
39378,1.30238e-51
39379,1.29817e-51
39380,1.29392e-51
39381,1.29025e-51
39382,1.2861e-51
39383,1.28197e-51
39384,1.27822e-51
39385,1.27437e-51
39386,1.2707e-51
39387,1.26652e-51
39388,1.26304e-51
39389,1.25962e-51
39390,1.25553e-51
39391,1.25185e-51
39392,1.2484e-51
39393,1.24444e-51
39394,1.24089e-51
39395,1.23751e-51
39396,1.2335e-51
39397,1.23022e-51
39398,1.22668e-51
39399,1.22269e-51
39400,1.2192e-51
39401,1.2157e-51
39402,1.21242e-51
39403,1.20855e-51
39404,1.20463e-51
39405,1.20063e-51
39406,1.19693e-51
39407,1.19349e-51
39408,1.18956e-51
39409,1.1855e-51
39410,1.18219e-51
39411,1.17847e-51
39412,1.17514e-51
39413,1.172e-51
39414,1.16853e-51
39415,1.16493e-51
39416,1.16135e-51
39417,1.15756e-51
39418,1.15398e-51
39419,1.15032e-51
39420,1.14644e-51
39421,1.14293e-51
39422,1.13982e-51
39423,1.13671e-51
39424,1.13346e-51
39425,1.13016e-51
39426,1.12696e-51
39427,1.1238e-51
39428,1.1205e-51
39429,1.11702e-51
39430,1.11395e-51
39431,1.11048e-51
39432,1.10754e-51
39433,1.10445e-51
39434,1.1011e-51
39435,1.09755e-51
39436,1.09455e-51
39437,1.09156e-51
39438,1.08858e-51
39439,1.08565e-51
39440,1.0827e-51
39441,1.0796e-51
39442,1.07613e-51
39443,1.07297e-51
39444,1.06984e-51
39445,1.06675e-51
39446,1.06392e-51
39447,1.06046e-51
39448,1.05748e-51
39449,1.05425e-51
39450,1.05093e-51
39451,1.048e-51
39452,1.04514e-51
39453,1.04182e-51
39454,1.0388e-51
39455,1.03572e-51
39456,1.03281e-51
39457,1.02965e-51
39458,1.02638e-51
39459,1.02313e-51
39460,1.02021e-51
39461,1.0169e-51
39462,1.01388e-51
39463,1.01099e-51
39464,1.00822e-51
39465,1.00556e-51
39466,1.00283e-51
39467,9.99997e-52
39468,9.97253e-52
39469,9.94449e-52
39470,9.91579e-52
39471,9.88755e-52
39472,9.85738e-52
39473,9.82979e-52
39474,9.79924e-52
39475,9.77338e-52
39476,9.74396e-52
39477,9.71313e-52
39478,9.68025e-52
39479,9.64829e-52
39480,9.62017e-52
39481,9.5901e-52
39482,9.56472e-52
39483,9.53647e-52
39484,9.50772e-52
39485,9.4802e-52
39486,9.4487e-52
39487,9.41791e-52
39488,9.38585e-52
39489,9.35547e-52
39490,9.32735e-52
39491,9.30091e-52
39492,9.27236e-52
39493,9.24177e-52
39494,9.21313e-52
39495,9.18339e-52
39496,9.15266e-52
39497,9.12331e-52
39498,9.09863e-52
39499,9.07417e-52
39500,9.04451e-52
39501,9.01736e-52
39502,8.99104e-52
39503,8.96359e-52
39504,8.93541e-52
39505,8.91118e-52
39506,8.88419e-52
39507,8.85889e-52
39508,8.83048e-52
39509,8.80315e-52
39510,8.7792e-52
39511,8.75496e-52
39512,8.73012e-52
39513,8.70632e-52
39514,8.6794e-52
39515,8.65109e-52
39516,8.62493e-52
39517,8.59785e-52
39518,8.57112e-52
39519,8.54544e-52
39520,8.52025e-52
39521,8.49713e-52
39522,8.47051e-52
39523,8.44769e-52
39524,8.42535e-52
39525,8.40125e-52
39526,8.37405e-52
39527,8.34588e-52
39528,8.32341e-52
39529,8.29624e-52
39530,8.27422e-52
39531,8.25211e-52
39532,8.22802e-52
39533,8.2039e-52
39534,8.17848e-52
39535,8.15605e-52
39536,8.13173e-52
39537,8.10874e-52
39538,8.08494e-52
39539,8.06153e-52
39540,8.03542e-52
39541,8.01073e-52
39542,7.98627e-52
39543,7.96418e-52
39544,7.93949e-52
39545,7.91696e-52
39546,7.89595e-52
39547,7.87414e-52
39548,7.84832e-52
39549,7.82355e-52
39550,7.79885e-52
39551,7.77586e-52
39552,7.7511e-52
39553,7.72796e-52
39554,7.70485e-52
39555,7.68015e-52
39556,7.65507e-52
39557,7.63263e-52
39558,7.60854e-52
39559,7.58335e-52
39560,7.56121e-52
39561,7.53721e-52
39562,7.51187e-52
39563,7.48718e-52
39564,7.46628e-52
39565,7.44352e-52
39566,7.41869e-52
39567,7.39481e-52
39568,7.37023e-52
39569,7.34843e-52
39570,7.32852e-52
39571,7.30557e-52
39572,7.28099e-52
39573,7.25781e-52
39574,7.23343e-52
39575,7.21042e-52
39576,7.18616e-52
39577,7.16153e-52
39578,7.13746e-52
39579,7.11327e-52
39580,7.09078e-52
39581,7.069e-52
39582,7.04854e-52
39583,7.02787e-52
39584,7.00916e-52
39585,6.98688e-52
39586,6.96724e-52
39587,6.94484e-52
39588,6.92527e-52
39589,6.90246e-52
39590,6.88013e-52
39591,6.8588e-52
39592,6.8369e-52
39593,6.81512e-52
39594,6.79501e-52
39595,6.77253e-52
39596,6.75285e-52
39597,6.73329e-52
39598,6.71233e-52
39599,6.69347e-52
39600,6.67229e-52
39601,6.65066e-52
39602,6.63311e-52
39603,6.61244e-52
39604,6.59264e-52
39605,6.57073e-52
39606,6.55109e-52
39607,6.53174e-52
39608,6.51017e-52
39609,6.49131e-52
39610,6.47248e-52
39611,6.45274e-52
39612,6.43144e-52
39613,6.41071e-52
39614,6.39368e-52
39615,6.37294e-52
39616,6.35318e-52
39617,6.33519e-52
39618,6.31497e-52
39619,6.29426e-52
39620,6.27645e-52
39621,6.25743e-52
39622,6.23891e-52
39623,6.22247e-52
39624,6.20487e-52
39625,6.18489e-52
39626,6.16401e-52
39627,6.14451e-52
39628,6.12717e-52
39629,6.10832e-52
39630,6.08821e-52
39631,6.07198e-52
39632,6.05422e-52
39633,6.03444e-52
39634,6.01473e-52
39635,5.99444e-52
39636,5.97444e-52
39637,5.95748e-52
39638,5.9402e-52
39639,5.92118e-52
39640,5.9029e-52
39641,5.88394e-52
39642,5.86654e-52
39643,5.84898e-52
39644,5.83136e-52
39645,5.8141e-52
39646,5.79685e-52
39647,5.78104e-52
39648,5.76308e-52
39649,5.74665e-52
39650,5.72766e-52
39651,5.70815e-52
39652,5.689e-52
39653,5.67204e-52
39654,5.65312e-52
39655,5.63735e-52
39656,5.62137e-52
39657,5.60295e-52
39658,5.58444e-52
39659,5.56728e-52
39660,5.55014e-52
39661,5.53246e-52
39662,5.51535e-52
39663,5.50057e-52
39664,5.48377e-52
39665,5.46768e-52
39666,5.45324e-52
39667,5.43706e-52
39668,5.42014e-52
39669,5.40422e-52
39670,5.38867e-52
39671,5.37349e-52
39672,5.35864e-52
39673,5.34179e-52
39674,5.32459e-52
39675,5.30759e-52
39676,5.29268e-52
39677,5.27786e-52
39678,5.26091e-52
39679,5.24318e-52
39680,5.22705e-52
39681,5.21003e-52
39682,5.1925e-52
39683,5.17701e-52
39684,5.16234e-52
39685,5.14552e-52
39686,5.12942e-52
39687,5.11366e-52
39688,5.09691e-52
39689,5.08153e-52
39690,5.06761e-52
39691,5.05268e-52
39692,5.03852e-52
39693,5.02271e-52
39694,5.00743e-52
39695,4.99094e-52
39696,4.97715e-52
39697,4.9622e-52
39698,4.94758e-52
39699,4.93162e-52
39700,4.91493e-52
39701,4.89884e-52
39702,4.88552e-52
39703,4.87212e-52
39704,4.8575e-52
39705,4.84159e-52
39706,4.82543e-52
39707,4.80965e-52
39708,4.79644e-52
39709,4.7814e-52
39710,4.76609e-52
39711,4.751e-52
39712,4.73628e-52
39713,4.72136e-52
39714,4.70846e-52
39715,4.6933e-52
39716,4.67869e-52
39717,4.66368e-52
39718,4.64965e-52
39719,4.63575e-52
39720,4.62267e-52
39721,4.6085e-52
39722,4.59306e-52
39723,4.57909e-52
39724,4.56572e-52
39725,4.55203e-52
39726,4.53868e-52
39727,4.52494e-52
39728,4.51273e-52
39729,4.49836e-52
39730,4.48513e-52
39731,4.47311e-52
39732,4.45948e-52
39733,4.44606e-52
39734,4.43359e-52
39735,4.42128e-52
39736,4.40843e-52
39737,4.39639e-52
39738,4.38479e-52
39739,4.37169e-52
39740,4.35733e-52
39741,4.34321e-52
39742,4.3309e-52
39743,4.31795e-52
39744,4.30513e-52
39745,4.29257e-52
39746,4.28e-52
39747,4.26844e-52
39748,4.25673e-52
39749,4.24296e-52
39750,4.22983e-52
39751,4.21732e-52
39752,4.20454e-52
39753,4.19171e-52
39754,4.17776e-52
39755,4.16356e-52
39756,4.15225e-52
39757,4.14031e-52
39758,4.12792e-52
39759,4.11647e-52
39760,4.105e-52
39761,4.09164e-52
39762,4.08001e-52
39763,4.06683e-52
39764,4.05469e-52
39765,4.04253e-52
39766,4.03161e-52
39767,4.01872e-52
39768,4.00612e-52
39769,3.99524e-52
39770,3.98358e-52
39771,3.97151e-52
39772,3.95849e-52
39773,3.94589e-52
39774,3.93521e-52
39775,3.92392e-52
39776,3.91331e-52
39777,3.90167e-52
39778,3.89011e-52
39779,3.8791e-52
39780,3.86771e-52
39781,3.85736e-52
39782,3.84541e-52
39783,3.83525e-52
39784,3.8236e-52
39785,3.81164e-52
39786,3.79881e-52
39787,3.78651e-52
39788,3.77637e-52
39789,3.76521e-52
39790,3.75277e-52
39791,3.74201e-52
39792,3.73103e-52
39793,3.72063e-52
39794,3.71039e-52
39795,3.69842e-52
39796,3.68658e-52
39797,3.67608e-52
39798,3.66446e-52
39799,3.65371e-52
39800,3.64307e-52
39801,3.63293e-52
39802,3.62102e-52
39803,3.61065e-52
39804,3.59886e-52
39805,3.58919e-52
39806,3.57822e-52
39807,3.56872e-52
39808,3.55796e-52
39809,3.54826e-52
39810,3.53819e-52
39811,3.52874e-52
39812,3.51902e-52
39813,3.50965e-52
39814,3.50025e-52
39815,3.48914e-52
39816,3.47802e-52
39817,3.46872e-52
39818,3.45827e-52
39819,3.44718e-52
39820,3.43662e-52
39821,3.42618e-52
39822,3.41693e-52
39823,3.40792e-52
39824,3.39728e-52
39825,3.38763e-52
39826,3.37662e-52
39827,3.36636e-52
39828,3.35612e-52
39829,3.3456e-52
39830,3.33448e-52
39831,3.32313e-52
39832,3.31191e-52
39833,3.3008e-52
39834,3.2914e-52
39835,3.28086e-52
39836,3.26978e-52
39837,3.25871e-52
39838,3.24782e-52
39839,3.23777e-52
39840,3.2291e-52
39841,3.2202e-52
39842,3.21037e-52
39843,3.2013e-52
39844,3.19234e-52
39845,3.18241e-52
39846,3.17377e-52
39847,3.1634e-52
39848,3.15315e-52
39849,3.14311e-52
39850,3.13297e-52
39851,3.12389e-52
39852,3.11509e-52
39853,3.10505e-52
39854,3.09603e-52
39855,3.08777e-52
39856,3.07934e-52
39857,3.07069e-52
39858,3.06142e-52
39859,3.05176e-52
39860,3.0415e-52
39861,3.03227e-52
39862,3.02275e-52
39863,3.0128e-52
39864,3.00392e-52
39865,2.99396e-52
39866,2.98437e-52
39867,2.97565e-52
39868,2.96595e-52
39869,2.95675e-52
39870,2.94687e-52
39871,2.93683e-52
39872,2.92718e-52
39873,2.91811e-52
39874,2.90991e-52
39875,2.90216e-52
39876,2.89394e-52
39877,2.88562e-52
39878,2.87797e-52
39879,2.87023e-52
39880,2.86254e-52
39881,2.85351e-52
39882,2.84505e-52
39883,2.83686e-52
39884,2.82804e-52
39885,2.81891e-52
39886,2.81061e-52
39887,2.80152e-52
39888,2.79399e-52
39889,2.78486e-52
39890,2.77627e-52
39891,2.76887e-52
39892,2.76071e-52
39893,2.75291e-52
39894,2.74393e-52
39895,2.73478e-52
39896,2.72704e-52
39897,2.71865e-52
39898,2.71095e-52
39899,2.70353e-52
39900,2.69596e-52
39901,2.68844e-52
39902,2.68114e-52
39903,2.67397e-52
39904,2.66551e-52
39905,2.65775e-52
39906,2.65053e-52
39907,2.6433e-52
39908,2.63508e-52
39909,2.62784e-52
39910,2.62049e-52
39911,2.61217e-52
39912,2.60336e-52
39913,2.59504e-52
39914,2.58789e-52
39915,2.57993e-52
39916,2.57219e-52
39917,2.56436e-52
39918,2.55662e-52
39919,2.54882e-52
39920,2.54106e-52
39921,2.53416e-52
39922,2.52645e-52
39923,2.51969e-52
39924,2.51242e-52
39925,2.50483e-52
39926,2.49649e-52
39927,2.48862e-52
39928,2.48164e-52
39929,2.47471e-52
39930,2.46686e-52
39931,2.45944e-52
39932,2.45211e-52
39933,2.44401e-52
39934,2.43649e-52
39935,2.42949e-52
39936,2.42258e-52
39937,2.41506e-52
39938,2.40784e-52
39939,2.40142e-52
39940,2.3938e-52
39941,2.38615e-52
39942,2.37829e-52
39943,2.37047e-52
39944,2.36341e-52
39945,2.35713e-52
39946,2.35017e-52
39947,2.34241e-52
39948,2.33511e-52
39949,2.32889e-52
39950,2.32197e-52
39951,2.31556e-52
39952,2.30922e-52
39953,2.30289e-52
39954,2.29645e-52
39955,2.28954e-52
39956,2.2823e-52
39957,2.2759e-52
39958,2.26959e-52
39959,2.26214e-52
39960,2.25535e-52
39961,2.24937e-52
39962,2.24277e-52
39963,2.23535e-52
39964,2.22775e-52
39965,2.2218e-52
39966,2.21554e-52
39967,2.20928e-52
39968,2.20236e-52
39969,2.19526e-52
39970,2.18891e-52
39971,2.18224e-52
39972,2.17565e-52
39973,2.16959e-52
39974,2.16326e-52
39975,2.15609e-52
39976,2.14998e-52
39977,2.14294e-52
39978,2.13575e-52
39979,2.12861e-52
39980,2.12132e-52
39981,2.11493e-52
39982,2.10926e-52
39983,2.1035e-52
39984,2.09709e-52
39985,2.09106e-52
39986,2.08452e-52
39987,2.07843e-52
39988,2.07215e-52
39989,2.06528e-52
39990,2.05924e-52
39991,2.05377e-52
39992,2.04709e-52
39993,2.04035e-52
39994,2.03496e-52
39995,2.02838e-52
39996,2.02163e-52
39997,2.01581e-52
39998,2.01016e-52
39999,2.004e-52
40000,1.99857e-52
40001,1.99255e-52
40002,1.98694e-52
40003,1.98086e-52
40004,1.97447e-52
40005,1.96821e-52
40006,1.96211e-52
40007,1.95684e-52
40008,1.95088e-52
40009,1.94496e-52
40010,1.93849e-52
40011,1.93239e-52
40012,1.92728e-52
40013,1.92217e-52
40014,1.91612e-52
40015,1.91013e-52
40016,1.90457e-52
40017,1.89884e-52
40018,1.89378e-52
40019,1.88767e-52
40020,1.88197e-52
40021,1.87646e-52
40022,1.87022e-52
40023,1.86459e-52
40024,1.85932e-52
40025,1.85443e-52
40026,1.84903e-52
40027,1.84394e-52
40028,1.8387e-52
40029,1.833e-52
40030,1.82704e-52
40031,1.82162e-52
40032,1.81646e-52
40033,1.81157e-52
40034,1.80671e-52
40035,1.80184e-52
40036,1.79618e-52
40037,1.7905e-52
40038,1.78554e-52
40039,1.78031e-52
40040,1.77532e-52
40041,1.77047e-52
40042,1.76569e-52
40043,1.76074e-52
40044,1.75588e-52
40045,1.75018e-52
40046,1.74431e-52
40047,1.73891e-52
40048,1.73373e-52
40049,1.72795e-52
40050,1.72268e-52
40051,1.71692e-52
40052,1.71184e-52
40053,1.70672e-52
40054,1.70166e-52
40055,1.69636e-52
40056,1.69124e-52
40057,1.68567e-52
40058,1.68009e-52
40059,1.67454e-52
40060,1.66933e-52
40061,1.66406e-52
40062,1.65932e-52
40063,1.65394e-52
40064,1.64855e-52
40065,1.64374e-52
40066,1.63941e-52
40067,1.63446e-52
40068,1.63008e-52
40069,1.62558e-52
40070,1.62124e-52
40071,1.61663e-52
40072,1.61199e-52
40073,1.60754e-52
40074,1.60267e-52
40075,1.59781e-52
40076,1.59347e-52
40077,1.58872e-52
40078,1.58438e-52
40079,1.5796e-52
40080,1.57483e-52
40081,1.56993e-52
40082,1.56512e-52
40083,1.55992e-52
40084,1.55558e-52
40085,1.55144e-52
40086,1.54674e-52
40087,1.54186e-52
40088,1.53668e-52
40089,1.53202e-52
40090,1.52734e-52
40091,1.52268e-52
40092,1.51845e-52
40093,1.51357e-52
40094,1.50902e-52
40095,1.50504e-52
40096,1.50084e-52
40097,1.49639e-52
40098,1.49179e-52
40099,1.4875e-52
40100,1.48286e-52
40101,1.47818e-52
40102,1.47354e-52
40103,1.46959e-52
40104,1.46488e-52
40105,1.46071e-52
40106,1.45624e-52
40107,1.45239e-52
40108,1.4478e-52
40109,1.44315e-52
40110,1.43866e-52
40111,1.43447e-52
40112,1.43025e-52
40113,1.42628e-52
40114,1.42221e-52
40115,1.41785e-52
40116,1.41385e-52
40117,1.4092e-52
40118,1.40509e-52
40119,1.40116e-52
40120,1.39703e-52
40121,1.39242e-52
40122,1.38785e-52
40123,1.38345e-52
40124,1.37893e-52
40125,1.37497e-52
40126,1.37068e-52
40127,1.36698e-52
40128,1.36267e-52
40129,1.35872e-52
40130,1.35474e-52
40131,1.35068e-52
40132,1.34706e-52
40133,1.34342e-52
40134,1.33937e-52
40135,1.33491e-52
40136,1.33097e-52
40137,1.32725e-52
40138,1.32376e-52
40139,1.32008e-52
40140,1.3166e-52
40141,1.31262e-52
40142,1.30856e-52
40143,1.30467e-52
40144,1.30046e-52
40145,1.29606e-52
40146,1.29254e-52
40147,1.28904e-52
40148,1.28486e-52
40149,1.28101e-52
40150,1.2773e-52
40151,1.27357e-52
40152,1.26983e-52
40153,1.26632e-52
40154,1.26289e-52
40155,1.25934e-52
40156,1.25559e-52
40157,1.25155e-52
40158,1.24789e-52
40159,1.24431e-52
40160,1.24088e-52
40161,1.23694e-52
40162,1.23287e-52
40163,1.22937e-52
40164,1.22535e-52
40165,1.22167e-52
40166,1.21825e-52
40167,1.21476e-52
40168,1.21097e-52
40169,1.20756e-52
40170,1.20389e-52
40171,1.20009e-52
40172,1.19613e-52
40173,1.19275e-52
40174,1.18946e-52
40175,1.18576e-52
40176,1.18243e-52
40177,1.17909e-52
40178,1.1753e-52
40179,1.17204e-52
40180,1.16835e-52
40181,1.16507e-52
40182,1.16152e-52
40183,1.15827e-52
40184,1.15489e-52
40185,1.15126e-52
40186,1.14778e-52
40187,1.14397e-52
40188,1.14043e-52
40189,1.13666e-52
40190,1.13341e-52
40191,1.12982e-52
40192,1.12622e-52
40193,1.12311e-52
40194,1.12012e-52
40195,1.11668e-52
40196,1.11321e-52
40197,1.11004e-52
40198,1.10708e-52
40199,1.10391e-52
40200,1.10059e-52
40201,1.09716e-52
40202,1.0942e-52
40203,1.09101e-52
40204,1.08743e-52
40205,1.08432e-52
40206,1.08133e-52
40207,1.07837e-52
40208,1.07511e-52
40209,1.07224e-52
40210,1.06917e-52
40211,1.06607e-52
40212,1.06305e-52
40213,1.05954e-52
40214,1.05623e-52
40215,1.05287e-52
40216,1.04951e-52
40217,1.04662e-52
40218,1.04339e-52
40219,1.0404e-52
40220,1.03761e-52
40221,1.03489e-52
40222,1.03209e-52
40223,1.02883e-52
40224,1.02599e-52
40225,1.02318e-52
40226,1.02013e-52
40227,1.01684e-52
40228,1.0138e-52
40229,1.01071e-52
40230,1.0079e-52
40231,1.00522e-52
40232,1.00241e-52
40233,9.99569e-53
40234,9.9661e-53
40235,9.93846e-53
40236,9.90832e-53
40237,9.87732e-53
40238,9.84852e-53
40239,9.82119e-53
40240,9.79044e-53
40241,9.75916e-53
40242,9.72898e-53
40243,9.70297e-53
40244,9.67279e-53
40245,9.64563e-53
40246,9.61506e-53
40247,9.58614e-53
40248,9.55815e-53
40249,9.52965e-53
40250,9.49891e-53
40251,9.47035e-53
40252,9.44198e-53
40253,9.4107e-53
40254,9.38353e-53
40255,9.35438e-53
40256,9.3289e-53
40257,9.29914e-53
40258,9.27091e-53
40259,9.24244e-53
40260,9.21503e-53
40261,9.18591e-53
40262,9.15724e-53
40263,9.12815e-53
40264,9.1037e-53
40265,9.07892e-53
40266,9.04947e-53
40267,9.02088e-53
40268,8.99141e-53
40269,8.96542e-53
40270,8.93627e-53
40271,8.90856e-53
40272,8.88451e-53
40273,8.85821e-53
40274,8.8307e-53
40275,8.80186e-53
40276,8.77346e-53
40277,8.74711e-53
40278,8.72183e-53
40279,8.69786e-53
40280,8.67502e-53
40281,8.65111e-53
40282,8.62454e-53
40283,8.5986e-53
40284,8.57497e-53
40285,8.55242e-53
40286,8.5288e-53
40287,8.50468e-53
40288,8.4773e-53
40289,8.45009e-53
40290,8.42189e-53
40291,8.39748e-53
40292,8.37245e-53
40293,8.34698e-53
40294,8.32458e-53
40295,8.29959e-53
40296,8.2734e-53
40297,8.25147e-53
40298,8.22837e-53
40299,8.20353e-53
40300,8.17976e-53
40301,8.15725e-53
40302,8.13476e-53
40303,8.11082e-53
40304,8.0855e-53
40305,8.05893e-53
40306,8.03559e-53
40307,8.01185e-53
40308,7.98868e-53
40309,7.96376e-53
40310,7.93893e-53
40311,7.91583e-53
40312,7.88993e-53
40313,7.86712e-53
40314,7.84155e-53
40315,7.82033e-53
40316,7.79804e-53
40317,7.77691e-53
40318,7.7544e-53
40319,7.73281e-53
40320,7.70795e-53
40321,7.68567e-53
40322,7.66244e-53
40323,7.6401e-53
40324,7.61507e-53
40325,7.59113e-53
40326,7.56553e-53
40327,7.54155e-53
40328,7.51775e-53
40329,7.49649e-53
40330,7.47546e-53
40331,7.45545e-53
40332,7.4337e-53
40333,7.41174e-53
40334,7.38933e-53
40335,7.36905e-53
40336,7.34798e-53
40337,7.32411e-53
40338,7.3012e-53
40339,7.278e-53
40340,7.2554e-53
40341,7.2347e-53
40342,7.2151e-53
40343,7.19354e-53
40344,7.17131e-53
40345,7.15233e-53
40346,7.13052e-53
40347,7.1118e-53
40348,7.09241e-53
40349,7.0734e-53
40350,7.05377e-53
40351,7.03502e-53
40352,7.0146e-53
40353,6.99222e-53
40354,6.97142e-53
40355,6.95127e-53
40356,6.93073e-53
40357,6.91032e-53
40358,6.89194e-53
40359,6.87306e-53
40360,6.85176e-53
40361,6.83214e-53
40362,6.81298e-53
40363,6.79425e-53
40364,6.77286e-53
40365,6.75083e-53
40366,6.73124e-53
40367,6.71284e-53
40368,6.69195e-53
40369,6.67436e-53
40370,6.65306e-53
40371,6.63367e-53
40372,6.61479e-53
40373,6.59731e-53
40374,6.57605e-53
40375,6.55386e-53
40376,6.53632e-53
40377,6.51658e-53
40378,6.49487e-53
40379,6.47663e-53
40380,6.45655e-53
40381,6.43856e-53
40382,6.42044e-53
40383,6.40294e-53
40384,6.38599e-53
40385,6.36621e-53
40386,6.34701e-53
40387,6.32798e-53
40388,6.31045e-53
40389,6.29146e-53
40390,6.27175e-53
40391,6.2509e-53
40392,6.22998e-53
40393,6.20876e-53
40394,6.19184e-53
40395,6.17274e-53
40396,6.15285e-53
40397,6.13441e-53
40398,6.11449e-53
40399,6.09578e-53
40400,6.07758e-53
40401,6.05827e-53
40402,6.03802e-53
40403,6.01823e-53
40404,5.99863e-53
40405,5.97871e-53
40406,5.95926e-53
40407,5.93956e-53
40408,5.92156e-53
40409,5.90269e-53
40410,5.88673e-53
40411,5.87042e-53
40412,5.85113e-53
40413,5.83396e-53
40414,5.81708e-53
40415,5.80167e-53
40416,5.78591e-53
40417,5.76729e-53
40418,5.74966e-53
40419,5.73309e-53
40420,5.71606e-53
40421,5.69997e-53
40422,5.6839e-53
40423,5.66741e-53
40424,5.65157e-53
40425,5.63516e-53
40426,5.6199e-53
40427,5.60494e-53
40428,5.587e-53
40429,5.56808e-53
40430,5.55064e-53
40431,5.5344e-53
40432,5.51689e-53
40433,5.50002e-53
40434,5.48469e-53
40435,5.46818e-53
40436,5.45199e-53
40437,5.43762e-53
40438,5.42179e-53
40439,5.40383e-53
40440,5.38624e-53
40441,5.36972e-53
40442,5.35476e-53
40443,5.33788e-53
40444,5.31997e-53
40445,5.3034e-53
40446,5.28619e-53
40447,5.27183e-53
40448,5.25619e-53
40449,5.24091e-53
40450,5.22542e-53
40451,5.21159e-53
40452,5.1957e-53
40453,5.17913e-53
40454,5.16377e-53
40455,5.14682e-53
40456,5.13252e-53
40457,5.1171e-53
40458,5.10003e-53
40459,5.08621e-53
40460,5.07098e-53
40461,5.05542e-53
40462,5.04025e-53
40463,5.02577e-53
40464,5.0119e-53
40465,4.9963e-53
40466,4.97972e-53
40467,4.96399e-53
40468,4.94811e-53
40469,4.93363e-53
40470,4.9184e-53
40471,4.90345e-53
40472,4.88714e-53
40473,4.87085e-53
40474,4.85667e-53
40475,4.84075e-53
40476,4.82614e-53
40477,4.81279e-53
40478,4.79997e-53
40479,4.78728e-53
40480,4.77289e-53
40481,4.7585e-53
40482,4.74578e-53
40483,4.73248e-53
40484,4.71904e-53
40485,4.70498e-53
40486,4.69193e-53
40487,4.67798e-53
40488,4.66537e-53
40489,4.65252e-53
40490,4.63836e-53
40491,4.62389e-53
40492,4.60889e-53
40493,4.59624e-53
40494,4.58409e-53
40495,4.57198e-53
40496,4.55738e-53
40497,4.54204e-53
40498,4.52753e-53
40499,4.51333e-53
40500,4.50025e-53
40501,4.48726e-53
40502,4.47477e-53
40503,4.46202e-53
40504,4.4495e-53
40505,4.43603e-53
40506,4.42349e-53
40507,4.40956e-53
40508,4.39532e-53
40509,4.3826e-53
40510,4.36863e-53
40511,4.35579e-53
40512,4.34161e-53
40513,4.3272e-53
40514,4.31344e-53
40515,4.30138e-53
40516,4.28889e-53
40517,4.27491e-53
40518,4.26116e-53
40519,4.24825e-53
40520,4.23672e-53
40521,4.22451e-53
40522,4.21281e-53
40523,4.19908e-53
40524,4.18622e-53
40525,4.17447e-53
40526,4.16353e-53
40527,4.15139e-53
40528,4.13985e-53
40529,4.12703e-53
40530,4.11577e-53
40531,4.10338e-53
40532,4.09233e-53
40533,4.08059e-53
40534,4.06726e-53
40535,4.0554e-53
40536,4.04196e-53
40537,4.03064e-53
40538,4.01965e-53
40539,4.00702e-53
40540,3.99477e-53
40541,3.98143e-53
40542,3.9703e-53
40543,3.95861e-53
40544,3.94578e-53
40545,3.93261e-53
40546,3.92006e-53
40547,3.90887e-53
40548,3.89637e-53
40549,3.88474e-53
40550,3.87223e-53
40551,3.85917e-53
40552,3.8463e-53
40553,3.83604e-53
40554,3.82369e-53
40555,3.81234e-53
40556,3.80151e-53
40557,3.7891e-53
40558,3.77643e-53
40559,3.7649e-53
40560,3.7532e-53
40561,3.74317e-53
40562,3.73302e-53
40563,3.72138e-53
40564,3.71035e-53
40565,3.70041e-53
40566,3.69036e-53
40567,3.67961e-53
40568,3.66917e-53
40569,3.65878e-53
40570,3.64857e-53
40571,3.63682e-53
40572,3.62647e-53
40573,3.61579e-53
40574,3.60535e-53
40575,3.59547e-53
40576,3.5851e-53
40577,3.57546e-53
40578,3.56499e-53
40579,3.55503e-53
40580,3.54434e-53
40581,3.53423e-53
40582,3.52443e-53
40583,3.51411e-53
40584,3.50397e-53
40585,3.49437e-53
40586,3.48312e-53
40587,3.47213e-53
40588,3.46271e-53
40589,3.45175e-53
40590,3.44209e-53
40591,3.43125e-53
40592,3.41989e-53
40593,3.40989e-53
40594,3.39962e-53
40595,3.3898e-53
40596,3.37981e-53
40597,3.36926e-53
40598,3.35835e-53
40599,3.34749e-53
40600,3.33867e-53
40601,3.32975e-53
40602,3.31956e-53
40603,3.31009e-53
40604,3.30014e-53
40605,3.29133e-53
40606,3.28167e-53
40607,3.27084e-53
40608,3.26182e-53
40609,3.25117e-53
40610,3.2421e-53
40611,3.23197e-53
40612,3.22278e-53
40613,3.21335e-53
40614,3.20443e-53
40615,3.19459e-53
40616,3.18475e-53
40617,3.17608e-53
40618,3.16698e-53
40619,3.15706e-53
40620,3.14646e-53
40621,3.13664e-53
40622,3.12716e-53
40623,3.11694e-53
40624,3.10875e-53
40625,3.10041e-53
40626,3.09175e-53
40627,3.08265e-53
40628,3.07281e-53
40629,3.06452e-53
40630,3.05595e-53
40631,3.04622e-53
40632,3.0378e-53
40633,3.02791e-53
40634,3.01959e-53
40635,3.01019e-53
40636,3.00222e-53
40637,2.9931e-53
40638,2.98368e-53
40639,2.97538e-53
40640,2.96632e-53
40641,2.9565e-53
40642,2.94648e-53
40643,2.9365e-53
40644,2.92785e-53
40645,2.91979e-53
40646,2.91093e-53
40647,2.90324e-53
40648,2.89503e-53
40649,2.88743e-53
40650,2.87845e-53
40651,2.87023e-53
40652,2.86146e-53
40653,2.85329e-53
40654,2.8454e-53
40655,2.83673e-53
40656,2.82841e-53
40657,2.82003e-53
40658,2.81238e-53
40659,2.80457e-53
40660,2.7961e-53
40661,2.78795e-53
40662,2.78048e-53
40663,2.77178e-53
40664,2.76375e-53
40665,2.75602e-53
40666,2.74779e-53
40667,2.73978e-53
40668,2.73085e-53
40669,2.7231e-53
40670,2.7148e-53
40671,2.70659e-53
40672,2.69904e-53
40673,2.69089e-53
40674,2.68286e-53
40675,2.6746e-53
40676,2.66603e-53
40677,2.65877e-53
40678,2.65064e-53
40679,2.64345e-53
40680,2.63627e-53
40681,2.62858e-53
40682,2.62087e-53
40683,2.61256e-53
40684,2.60416e-53
40685,2.59599e-53
40686,2.58834e-53
40687,2.58117e-53
40688,2.57413e-53
40689,2.56642e-53
40690,2.55885e-53
40691,2.55076e-53
40692,2.54218e-53
40693,2.53439e-53
40694,2.5267e-53
40695,2.51941e-53
40696,2.51141e-53
40697,2.50461e-53
40698,2.49678e-53
40699,2.48888e-53
40700,2.4816e-53
40701,2.47438e-53
40702,2.46741e-53
40703,2.45988e-53
40704,2.4534e-53
40705,2.44575e-53
40706,2.43883e-53
40707,2.43109e-53
40708,2.423e-53
40709,2.41479e-53
40710,2.4066e-53
40711,2.40013e-53
40712,2.3932e-53
40713,2.38626e-53
40714,2.37856e-53
40715,2.37194e-53
40716,2.36561e-53
40717,2.35894e-53
40718,2.35208e-53
40719,2.34552e-53
40720,2.33797e-53
40721,2.33024e-53
40722,2.32411e-53
40723,2.31672e-53
40724,2.30987e-53
40725,2.30287e-53
40726,2.29641e-53
40727,2.29e-53
40728,2.28292e-53
40729,2.27688e-53
40730,2.26949e-53
40731,2.26335e-53
40732,2.25675e-53
40733,2.25041e-53
40734,2.24336e-53
40735,2.23667e-53
40736,2.23071e-53
40737,2.2248e-53
40738,2.21854e-53
40739,2.21273e-53
40740,2.20692e-53
40741,2.20077e-53
40742,2.19488e-53
40743,2.18852e-53
40744,2.18176e-53
40745,2.17448e-53
40746,2.16765e-53
40747,2.16075e-53
40748,2.1546e-53
40749,2.14884e-53
40750,2.14321e-53
40751,2.13734e-53
40752,2.13037e-53
40753,2.12476e-53
40754,2.11907e-53
40755,2.11295e-53
40756,2.10652e-53
40757,2.10047e-53
40758,2.09398e-53
40759,2.088e-53
40760,2.08197e-53
40761,2.07555e-53
40762,2.06944e-53
40763,2.06277e-53
40764,2.05585e-53
40765,2.05013e-53
40766,2.04429e-53
40767,2.03891e-53
40768,2.03324e-53
40769,2.02702e-53
40770,2.02167e-53
40771,2.01603e-53
40772,2.0095e-53
40773,2.00405e-53
40774,1.99787e-53
40775,1.99174e-53
40776,1.98638e-53
40777,1.9807e-53
40778,1.97502e-53
40779,1.96931e-53
40780,1.96353e-53
40781,1.95788e-53
40782,1.95194e-53
40783,1.9462e-53
40784,1.94057e-53
40785,1.93455e-53
40786,1.92823e-53
40787,1.92317e-53
40788,1.91808e-53
40789,1.91238e-53
40790,1.90692e-53
40791,1.90134e-53
40792,1.89605e-53
40793,1.8901e-53
40794,1.88471e-53
40795,1.87953e-53
40796,1.87338e-53
40797,1.86751e-53
40798,1.86231e-53
40799,1.85713e-53
40800,1.85186e-53
40801,1.8467e-53
40802,1.84121e-53
40803,1.83605e-53
40804,1.83077e-53
40805,1.82567e-53
40806,1.81983e-53
40807,1.81438e-53
40808,1.80882e-53
40809,1.80377e-53
40810,1.79797e-53
40811,1.79313e-53
40812,1.78774e-53
40813,1.78242e-53
40814,1.77706e-53
40815,1.7724e-53
40816,1.76755e-53
40817,1.76243e-53
40818,1.7578e-53
40819,1.75292e-53
40820,1.74719e-53
40821,1.74213e-53
40822,1.73672e-53
40823,1.73188e-53
40824,1.72718e-53
40825,1.72265e-53
40826,1.71768e-53
40827,1.71302e-53
40828,1.70778e-53
40829,1.7025e-53
40830,1.69755e-53
40831,1.6931e-53
40832,1.6877e-53
40833,1.68209e-53
40834,1.67732e-53
40835,1.67259e-53
40836,1.66802e-53
40837,1.6635e-53
40838,1.65829e-53
40839,1.65294e-53
40840,1.64812e-53
40841,1.64301e-53
40842,1.6376e-53
40843,1.63203e-53
40844,1.6275e-53
40845,1.62275e-53
40846,1.6185e-53
40847,1.61386e-53
40848,1.60866e-53
40849,1.60442e-53
40850,1.59957e-53
40851,1.59437e-53
40852,1.58972e-53
40853,1.58516e-53
40854,1.5809e-53
40855,1.57623e-53
40856,1.57168e-53
40857,1.56699e-53
40858,1.56214e-53
40859,1.55798e-53
40860,1.55371e-53
40861,1.54958e-53
40862,1.54546e-53
40863,1.54131e-53
40864,1.5363e-53
40865,1.53186e-53
40866,1.52741e-53
40867,1.52324e-53
40868,1.51875e-53
40869,1.51456e-53
40870,1.50961e-53
40871,1.50461e-53
40872,1.4996e-53
40873,1.49459e-53
40874,1.48962e-53
40875,1.48561e-53
40876,1.48138e-53
40877,1.4766e-53
40878,1.47216e-53
40879,1.46805e-53
40880,1.4633e-53
40881,1.4593e-53
40882,1.45537e-53
40883,1.45127e-53
40884,1.44696e-53
40885,1.44294e-53
40886,1.43836e-53
40887,1.4336e-53
40888,1.42898e-53
40889,1.42467e-53
40890,1.41995e-53
40891,1.41514e-53
40892,1.41077e-53
40893,1.40703e-53
40894,1.40329e-53
40895,1.3991e-53
40896,1.39504e-53
40897,1.39092e-53
40898,1.38654e-53
40899,1.38196e-53
40900,1.37758e-53
40901,1.3732e-53
40902,1.36877e-53
40903,1.36456e-53
40904,1.36033e-53
40905,1.35608e-53
40906,1.35182e-53
40907,1.34827e-53
40908,1.34425e-53
40909,1.34053e-53
40910,1.33679e-53
40911,1.33284e-53
40912,1.329e-53
40913,1.32517e-53
40914,1.32095e-53
40915,1.3166e-53
40916,1.3125e-53
40917,1.30842e-53
40918,1.30421e-53
40919,1.3004e-53
40920,1.29683e-53
40921,1.29278e-53
40922,1.28904e-53
40923,1.28498e-53
40924,1.28082e-53
40925,1.27703e-53
40926,1.27337e-53
40927,1.26983e-53
40928,1.26572e-53
40929,1.26231e-53
40930,1.25888e-53
40931,1.25507e-53
40932,1.25101e-53
40933,1.24682e-53
40934,1.24332e-53
40935,1.23964e-53
40936,1.23584e-53
40937,1.23174e-53
40938,1.22801e-53
40939,1.22459e-53
40940,1.22126e-53
40941,1.21743e-53
40942,1.21357e-53
40943,1.2099e-53
40944,1.20657e-53
40945,1.20297e-53
40946,1.19945e-53
40947,1.19563e-53
40948,1.19229e-53
40949,1.18897e-53
40950,1.1857e-53
40951,1.18226e-53
40952,1.17915e-53
40953,1.17563e-53
40954,1.17239e-53
40955,1.16865e-53
40956,1.16558e-53
40957,1.16213e-53
40958,1.15899e-53
40959,1.15525e-53
40960,1.15163e-53
40961,1.14839e-53
40962,1.14492e-53
40963,1.1415e-53
40964,1.13833e-53
40965,1.13472e-53
40966,1.13173e-53
40967,1.12815e-53
40968,1.12452e-53
40969,1.12109e-53
40970,1.11808e-53
40971,1.11447e-53
40972,1.11125e-53
40973,1.1077e-53
40974,1.10437e-53
40975,1.10104e-53
40976,1.09785e-53
40977,1.09425e-53
40978,1.09107e-53
40979,1.08774e-53
40980,1.08472e-53
40981,1.08148e-53
40982,1.0786e-53
40983,1.07561e-53
40984,1.07268e-53
40985,1.06969e-53
40986,1.06681e-53
40987,1.0639e-53
40988,1.06054e-53
40989,1.05757e-53
40990,1.05471e-53
40991,1.05162e-53
40992,1.04848e-53
40993,1.04519e-53
40994,1.04245e-53
40995,1.03923e-53
40996,1.03607e-53
40997,1.03332e-53
40998,1.03022e-53
40999,1.02724e-53
41000,1.02412e-53
41001,1.02091e-53
41002,1.01797e-53
41003,1.01463e-53
41004,1.01153e-53
41005,1.00824e-53
41006,1.0052e-53
41007,1.00188e-53
41008,9.98589e-54
41009,9.95287e-54
41010,9.92215e-54
41011,9.89577e-54
41012,9.86703e-54
41013,9.83667e-54
41014,9.80865e-54
41015,9.7789e-54
41016,9.74669e-54
41017,9.71775e-54
41018,9.68684e-54
41019,9.65589e-54
41020,9.62547e-54
41021,9.59348e-54
41022,9.56645e-54
41023,9.54001e-54
41024,9.51076e-54
41025,9.48401e-54
41026,9.453e-54
41027,9.42628e-54
41028,9.39958e-54
41029,9.37124e-54
41030,9.34226e-54
41031,9.31136e-54
41032,9.28473e-54
41033,9.26031e-54
41034,9.23081e-54
41035,9.20058e-54
41036,9.16999e-54
41037,9.14288e-54
41038,9.11365e-54
41039,9.08458e-54
41040,9.05867e-54
41041,9.03236e-54
41042,9.00363e-54
41043,8.97479e-54
41044,8.95069e-54
41045,8.92651e-54
41046,8.90092e-54
41047,8.87746e-54
41048,8.85095e-54
41049,8.82661e-54
41050,8.79889e-54
41051,8.77395e-54
41052,8.75022e-54
41053,8.72702e-54
41054,8.70133e-54
41055,8.67354e-54
41056,8.64865e-54
41057,8.62309e-54
41058,8.59996e-54
41059,8.57383e-54
41060,8.55085e-54
41061,8.5243e-54
41062,8.4982e-54
41063,8.47346e-54
41064,8.44662e-54
41065,8.42125e-54
41066,8.39757e-54
41067,8.37165e-54
41068,8.3439e-54
41069,8.32141e-54
41070,8.2972e-54
41071,8.27399e-54
41072,8.24942e-54
41073,8.22623e-54
41074,8.20451e-54
41075,8.1798e-54
41076,8.15595e-54
41077,8.13215e-54
41078,8.1071e-54
41079,8.08584e-54
41080,8.0615e-54
41081,8.03768e-54
41082,8.01491e-54
41083,7.98976e-54
41084,7.96566e-54
41085,7.94004e-54
41086,7.91562e-54
41087,7.88982e-54
41088,7.86713e-54
41089,7.84277e-54
41090,7.81912e-54
41091,7.79624e-54
41092,7.7733e-54
41093,7.75218e-54
41094,7.72767e-54
41095,7.70589e-54
41096,7.68229e-54
41097,7.66153e-54
41098,7.63665e-54
41099,7.61302e-54
41100,7.59183e-54
41101,7.56976e-54
41102,7.54531e-54
41103,7.5211e-54
41104,7.49726e-54
41105,7.47236e-54
41106,7.45043e-54
41107,7.4302e-54
41108,7.40899e-54
41109,7.38925e-54
41110,7.36917e-54
41111,7.34987e-54
41112,7.32812e-54
41113,7.30648e-54
41114,7.28332e-54
41115,7.26378e-54
41116,7.24331e-54
41117,7.22248e-54
41118,7.19876e-54
41119,7.17621e-54
41120,7.15693e-54
41121,7.13585e-54
41122,7.11671e-54
41123,7.0955e-54
41124,7.07356e-54
41125,7.05012e-54
41126,7.02695e-54
41127,7.00669e-54
41128,6.98803e-54
41129,6.96608e-54
41130,6.94281e-54
41131,6.92295e-54
41132,6.90356e-54
41133,6.88156e-54
41134,6.86315e-54
41135,6.84521e-54
41136,6.82393e-54
41137,6.80362e-54
41138,6.78509e-54
41139,6.76661e-54
41140,6.74643e-54
41141,6.72724e-54
41142,6.70882e-54
41143,6.69074e-54
41144,6.66976e-54
41145,6.64744e-54
41146,6.62888e-54
41147,6.61097e-54
41148,6.59211e-54
41149,6.57398e-54
41150,6.55334e-54
41151,6.53389e-54
41152,6.51345e-54
41153,6.49202e-54
41154,6.4748e-54
41155,6.45623e-54
41156,6.43559e-54
41157,6.41431e-54
41158,6.39374e-54
41159,6.37247e-54
41160,6.35206e-54
41161,6.33196e-54
41162,6.31424e-54
41163,6.29767e-54
41164,6.27893e-54
41165,6.26105e-54
41166,6.24458e-54
41167,6.22678e-54
41168,6.20702e-54
41169,6.18991e-54
41170,6.17149e-54
41171,6.15362e-54
41172,6.13533e-54
41173,6.11606e-54
41174,6.09765e-54
41175,6.08026e-54
41176,6.06137e-54
41177,6.04211e-54
41178,6.02416e-54
41179,6.008e-54
41180,5.98858e-54
41181,5.97166e-54
41182,5.95372e-54
41183,5.93518e-54
41184,5.91888e-54
41185,5.90095e-54
41186,5.88509e-54
41187,5.86957e-54
41188,5.85223e-54
41189,5.83339e-54
41190,5.81376e-54
41191,5.79723e-54
41192,5.77979e-54
41193,5.76376e-54
41194,5.74752e-54
41195,5.73186e-54
41196,5.7148e-54
41197,5.69847e-54
41198,5.68144e-54
41199,5.66503e-54
41200,5.64812e-54
41201,5.63294e-54
41202,5.61536e-54
41203,5.60044e-54
41204,5.58277e-54
41205,5.56682e-54
41206,5.55077e-54
41207,5.53404e-54
41208,5.51923e-54
41209,5.50172e-54
41210,5.48448e-54
41211,5.4699e-54
41212,5.45509e-54
41213,5.43989e-54
41214,5.42291e-54
41215,5.40736e-54
41216,5.38986e-54
41217,5.37214e-54
41218,5.35647e-54
41219,5.34077e-54
41220,5.32406e-54
41221,5.30869e-54
41222,5.29208e-54
41223,5.27698e-54
41224,5.26104e-54
41225,5.24706e-54
41226,5.23171e-54
41227,5.21746e-54
41228,5.20243e-54
41229,5.18866e-54
41230,5.17329e-54
41231,5.15627e-54
41232,5.14215e-54
41233,5.12754e-54
41234,5.11408e-54
41235,5.10066e-54
41236,5.08516e-54
41237,5.07031e-54
41238,5.05491e-54
41239,5.03885e-54
41240,5.02453e-54
41241,5.01038e-54
41242,4.99445e-54
41243,4.97965e-54
41244,4.96461e-54
41245,4.94945e-54
41246,4.93359e-54
41247,4.91885e-54
41248,4.90429e-54
41249,4.89078e-54
41250,4.87494e-54
41251,4.86134e-54
41252,4.84679e-54
41253,4.83168e-54
41254,4.81704e-54
41255,4.80386e-54
41256,4.78888e-54
41257,4.77616e-54
41258,4.76265e-54
41259,4.7496e-54
41260,4.73684e-54
41261,4.72172e-54
41262,4.70885e-54
41263,4.69568e-54
41264,4.68261e-54
41265,4.66983e-54
41266,4.65669e-54
41267,4.64157e-54
41268,4.62725e-54
41269,4.612e-54
41270,4.59731e-54
41271,4.5821e-54
41272,4.56929e-54
41273,4.5556e-54
41274,4.54246e-54
41275,4.52805e-54
41276,4.51557e-54
41277,4.50319e-54
41278,4.49053e-54
41279,4.47673e-54
41280,4.46372e-54
41281,4.45124e-54
41282,4.43687e-54
41283,4.42192e-54
41284,4.40688e-54
41285,4.39363e-54
41286,4.38165e-54
41287,4.36805e-54
41288,4.35486e-54
41289,4.34189e-54
41290,4.3276e-54
41291,4.314e-54
41292,4.30139e-54
41293,4.28984e-54
41294,4.27597e-54
41295,4.26257e-54
41296,4.25051e-54
41297,4.2386e-54
41298,4.22575e-54
41299,4.21194e-54
41300,4.20024e-54
41301,4.18828e-54
41302,4.17499e-54
41303,4.16266e-54
41304,4.14903e-54
41305,4.13751e-54
41306,4.12596e-54
41307,4.11483e-54
41308,4.10299e-54
41309,4.09063e-54
41310,4.07752e-54
41311,4.06429e-54
41312,4.05098e-54
41313,4.03802e-54
41314,4.02497e-54
41315,4.01185e-54
41316,4.00062e-54
41317,3.98756e-54
41318,3.97529e-54
41319,3.96257e-54
41320,3.95074e-54
41321,3.93886e-54
41322,3.92722e-54
41323,3.91444e-54
41324,3.90219e-54
41325,3.89069e-54
41326,3.87891e-54
41327,3.86606e-54
41328,3.85371e-54
41329,3.84299e-54
41330,3.83072e-54
41331,3.81792e-54
41332,3.80616e-54
41333,3.79424e-54
41334,3.78316e-54
41335,3.77189e-54
41336,3.75956e-54
41337,3.74771e-54
41338,3.73605e-54
41339,3.72533e-54
41340,3.7149e-54
41341,3.70398e-54
41342,3.69386e-54
41343,3.68388e-54
41344,3.67368e-54
41345,3.66168e-54
41346,3.6493e-54
41347,3.63831e-54
41348,3.62627e-54
41349,3.61512e-54
41350,3.60489e-54
41351,3.59435e-54
41352,3.58461e-54
41353,3.57343e-54
41354,3.56309e-54
41355,3.55177e-54
41356,3.54186e-54
41357,3.5303e-54
41358,3.51891e-54
41359,3.50706e-54
41360,3.49732e-54
41361,3.48664e-54
41362,3.47514e-54
41363,3.46387e-54
41364,3.45382e-54
41365,3.44394e-54
41366,3.43417e-54
41367,3.42449e-54
41368,3.41543e-54
41369,3.40651e-54
41370,3.39622e-54
41371,3.38653e-54
41372,3.37653e-54
41373,3.36571e-54
41374,3.35568e-54
41375,3.34511e-54
41376,3.33427e-54
41377,3.32436e-54
41378,3.31507e-54
41379,3.30462e-54
41380,3.29585e-54
41381,3.28607e-54
41382,3.27684e-54
41383,3.26783e-54
41384,3.25855e-54
41385,3.24856e-54
41386,3.24002e-54
41387,3.23035e-54
41388,3.22041e-54
41389,3.21006e-54
41390,3.20024e-54
41391,3.18986e-54
41392,3.18031e-54
41393,3.17081e-54
41394,3.16101e-54
41395,3.15071e-54
41396,3.14028e-54
41397,3.13207e-54
41398,3.12352e-54
41399,3.11343e-54
41400,3.10526e-54
41401,3.09548e-54
41402,3.08672e-54
41403,3.07756e-54
41404,3.06799e-54
41405,3.0582e-54
41406,3.04954e-54
41407,3.04046e-54
41408,3.03197e-54
41409,3.02293e-54
41410,3.01427e-54
41411,3.00574e-54
41412,2.99764e-54
41413,2.98857e-54
41414,2.97962e-54
41415,2.97081e-54
41416,2.96238e-54
41417,2.95351e-54
41418,2.94562e-54
41419,2.93609e-54
41420,2.92752e-54
41421,2.91851e-54
41422,2.90907e-54
41423,2.89944e-54
41424,2.89141e-54
41425,2.88286e-54
41426,2.87373e-54
41427,2.86601e-54
41428,2.85754e-54
41429,2.84808e-54
41430,2.84052e-54
41431,2.83209e-54
41432,2.82299e-54
41433,2.81484e-54
41434,2.80731e-54
41435,2.79898e-54
41436,2.79138e-54
41437,2.78339e-54
41438,2.77592e-54
41439,2.76794e-54
41440,2.7589e-54
41441,2.75067e-54
41442,2.74205e-54
41443,2.73472e-54
41444,2.72736e-54
41445,2.71976e-54
41446,2.71162e-54
41447,2.70365e-54
41448,2.69497e-54
41449,2.68656e-54
41450,2.67866e-54
41451,2.67118e-54
41452,2.6636e-54
41453,2.65611e-54
41454,2.64889e-54
41455,2.64103e-54
41456,2.63257e-54
41457,2.62377e-54
41458,2.61553e-54
41459,2.60797e-54
41460,2.59944e-54
41461,2.59117e-54
41462,2.58255e-54
41463,2.57414e-54
41464,2.56723e-54
41465,2.56047e-54
41466,2.55318e-54
41467,2.54608e-54
41468,2.53869e-54
41469,2.53119e-54
41470,2.52339e-54
41471,2.51606e-54
41472,2.50778e-54
41473,2.50042e-54
41474,2.49303e-54
41475,2.48632e-54
41476,2.47872e-54
41477,2.47212e-54
41478,2.46475e-54
41479,2.45734e-54
41480,2.44961e-54
41481,2.44316e-54
41482,2.43552e-54
41483,2.429e-54
41484,2.42213e-54
41485,2.41582e-54
41486,2.40854e-54
41487,2.40194e-54
41488,2.39417e-54
41489,2.38732e-54
41490,2.38018e-54
41491,2.3724e-54
41492,2.3661e-54
41493,2.35917e-54
41494,2.35179e-54
41495,2.34537e-54
41496,2.3384e-54
41497,2.3321e-54
41498,2.32538e-54
41499,2.31932e-54
41500,2.31236e-54
41501,2.30616e-54
41502,2.29955e-54
41503,2.29258e-54
41504,2.28573e-54
41505,2.27829e-54
41506,2.27104e-54
41507,2.26471e-54
41508,2.25732e-54
41509,2.25086e-54
41510,2.24376e-54
41511,2.23666e-54
41512,2.2302e-54
41513,2.22343e-54
41514,2.21628e-54
41515,2.20927e-54
41516,2.20246e-54
41517,2.19591e-54
41518,2.18877e-54
41519,2.18205e-54
41520,2.17504e-54
41521,2.16857e-54
41522,2.16212e-54
41523,2.15512e-54
41524,2.14951e-54
41525,2.14357e-54
41526,2.1379e-54
41527,2.13157e-54
41528,2.12543e-54
41529,2.11918e-54
41530,2.1128e-54
41531,2.10727e-54
41532,2.101e-54
41533,2.09404e-54
41534,2.08753e-54
41535,2.08189e-54
41536,2.07527e-54
41537,2.06925e-54
41538,2.06334e-54
41539,2.05672e-54
41540,2.05023e-54
41541,2.04463e-54
41542,2.03847e-54
41543,2.03303e-54
41544,2.0267e-54
41545,2.02072e-54
41546,2.01428e-54
41547,2.00838e-54
41548,2.00179e-54
41549,1.99542e-54
41550,1.99019e-54
41551,1.98402e-54
41552,1.97853e-54
41553,1.97267e-54
41554,1.96657e-54
41555,1.96114e-54
41556,1.95499e-54
41557,1.9488e-54
41558,1.94257e-54
41559,1.93722e-54
41560,1.93187e-54
41561,1.92639e-54
41562,1.92109e-54
41563,1.91502e-54
41564,1.90954e-54
41565,1.90344e-54
41566,1.89708e-54
41567,1.89177e-54
41568,1.88654e-54
41569,1.88121e-54
41570,1.87615e-54
41571,1.8701e-54
41572,1.86451e-54
41573,1.85864e-54
41574,1.85372e-54
41575,1.84854e-54
41576,1.84346e-54
41577,1.83759e-54
41578,1.83178e-54
41579,1.82675e-54
41580,1.82126e-54
41581,1.81553e-54
41582,1.80945e-54
41583,1.80353e-54
41584,1.79841e-54
41585,1.79291e-54
41586,1.78818e-54
41587,1.7834e-54
41588,1.77828e-54
41589,1.77264e-54
41590,1.76761e-54
41591,1.76222e-54
41592,1.75739e-54
41593,1.75221e-54
41594,1.74703e-54
41595,1.74182e-54
41596,1.73681e-54
41597,1.73172e-54
41598,1.72627e-54
41599,1.72096e-54
41600,1.71545e-54
41601,1.7098e-54
41602,1.70454e-54
41603,1.69972e-54
41604,1.69453e-54
41605,1.6893e-54
41606,1.68415e-54
41607,1.67867e-54
41608,1.67359e-54
41609,1.66883e-54
41610,1.6644e-54
41611,1.6599e-54
41612,1.65548e-54
41613,1.65111e-54
41614,1.64577e-54
41615,1.64099e-54
41616,1.63588e-54
41617,1.63157e-54
41618,1.62681e-54
41619,1.6224e-54
41620,1.61724e-54
41621,1.61204e-54
41622,1.60683e-54
41623,1.60256e-54
41624,1.59805e-54
41625,1.59355e-54
41626,1.58875e-54
41627,1.58379e-54
41628,1.57874e-54
41629,1.57417e-54
41630,1.56968e-54
41631,1.56496e-54
41632,1.56057e-54
41633,1.5555e-54
41634,1.55036e-54
41635,1.54516e-54
41636,1.54037e-54
41637,1.53578e-54
41638,1.53086e-54
41639,1.52669e-54
41640,1.52188e-54
41641,1.51685e-54
41642,1.51253e-54
41643,1.50762e-54
41644,1.50254e-54
41645,1.49825e-54
41646,1.49401e-54
41647,1.48939e-54
41648,1.48512e-54
41649,1.48041e-54
41650,1.47556e-54
41651,1.47144e-54
41652,1.46699e-54
41653,1.46243e-54
41654,1.45828e-54
41655,1.45352e-54
41656,1.44972e-54
41657,1.44511e-54
41658,1.44058e-54
41659,1.43596e-54
41660,1.43189e-54
41661,1.42812e-54
41662,1.42404e-54
41663,1.41975e-54
41664,1.41606e-54
41665,1.4121e-54
41666,1.40791e-54
41667,1.40363e-54
41668,1.39913e-54
41669,1.39508e-54
41670,1.39069e-54
41671,1.38637e-54
41672,1.38244e-54
41673,1.37876e-54
41674,1.37463e-54
41675,1.37076e-54
41676,1.36682e-54
41677,1.36237e-54
41678,1.3588e-54
41679,1.35461e-54
41680,1.35031e-54
41681,1.34586e-54
41682,1.34235e-54
41683,1.33851e-54
41684,1.33447e-54
41685,1.33068e-54
41686,1.32687e-54
41687,1.32285e-54
41688,1.31916e-54
41689,1.31566e-54
41690,1.31187e-54
41691,1.30795e-54
41692,1.30443e-54
41693,1.30033e-54
41694,1.29679e-54
41695,1.2933e-54
41696,1.28982e-54
41697,1.28587e-54
41698,1.28181e-54
41699,1.27754e-54
41700,1.27412e-54
41701,1.27036e-54
41702,1.26649e-54
41703,1.26281e-54
41704,1.25897e-54
41705,1.25547e-54
41706,1.2516e-54
41707,1.24831e-54
41708,1.24491e-54
41709,1.24107e-54
41710,1.23709e-54
41711,1.23296e-54
41712,1.22911e-54
41713,1.22515e-54
41714,1.2216e-54
41715,1.2182e-54
41716,1.2149e-54
41717,1.21114e-54
41718,1.20719e-54
41719,1.20366e-54
41720,1.19981e-54
41721,1.19639e-54
41722,1.19248e-54
41723,1.18846e-54
41724,1.18521e-54
41725,1.18202e-54
41726,1.17885e-54
41727,1.17555e-54
41728,1.17183e-54
41729,1.16799e-54
41730,1.1647e-54
41731,1.16093e-54
41732,1.15753e-54
41733,1.15377e-54
41734,1.15045e-54
41735,1.14741e-54
41736,1.14431e-54
41737,1.14128e-54
41738,1.13824e-54
41739,1.13501e-54
41740,1.13143e-54
41741,1.12771e-54
41742,1.12448e-54
41743,1.12119e-54
41744,1.11769e-54
41745,1.1142e-54
41746,1.11068e-54
41747,1.10703e-54
41748,1.10374e-54
41749,1.10037e-54
41750,1.09726e-54
41751,1.09416e-54
41752,1.09061e-54
41753,1.08752e-54
41754,1.08446e-54
41755,1.08155e-54
41756,1.07844e-54
41757,1.07531e-54
41758,1.07218e-54
41759,1.06919e-54
41760,1.06618e-54
41761,1.06289e-54
41762,1.05995e-54
41763,1.05668e-54
41764,1.05342e-54
41765,1.05023e-54
41766,1.0469e-54
41767,1.04352e-54
41768,1.04028e-54
41769,1.03688e-54
41770,1.03404e-54
41771,1.03103e-54
41772,1.02777e-54
41773,1.0247e-54
41774,1.02134e-54
41775,1.01823e-54
41776,1.01543e-54
41777,1.01233e-54
41778,1.00935e-54
41779,1.00624e-54
41780,1.00338e-54
41781,1.00023e-54
41782,9.97629e-55
41783,9.94855e-55
41784,9.92214e-55
41785,9.89436e-55
41786,9.86584e-55
41787,9.83667e-55
41788,9.8059e-55
41789,9.774e-55
41790,9.74255e-55
41791,9.71678e-55
41792,9.6878e-55
41793,9.66255e-55
41794,9.63262e-55
41795,9.60572e-55
41796,9.57698e-55
41797,9.54804e-55
41798,9.52263e-55
41799,9.49643e-55
41800,9.46871e-55
41801,9.44231e-55
41802,9.41328e-55
41803,9.38675e-55
41804,9.3574e-55
41805,9.32845e-55
41806,9.29827e-55
41807,9.26692e-55
41808,9.24021e-55
41809,9.21414e-55
41810,9.18594e-55
41811,9.15751e-55
41812,9.13297e-55
41813,9.10519e-55
41814,9.0751e-55
41815,9.05012e-55
41816,9.02657e-55
41817,9.00092e-55
41818,8.97317e-55
41819,8.94486e-55
41820,8.91985e-55
41821,8.89366e-55
41822,8.86546e-55
41823,8.83658e-55
41824,8.81005e-55
41825,8.78329e-55
41826,8.75966e-55
41827,8.73632e-55
41828,8.71249e-55
41829,8.68865e-55
41830,8.66412e-55
41831,8.63758e-55
41832,8.61206e-55
41833,8.58936e-55
41834,8.5617e-55
41835,8.53769e-55
41836,8.51141e-55
41837,8.484e-55
41838,8.46024e-55
41839,8.4379e-55
41840,8.41509e-55
41841,8.38807e-55
41842,8.3615e-55
41843,8.33802e-55
41844,8.31279e-55
41845,8.28693e-55
41846,8.26249e-55
41847,8.23728e-55
41848,8.21529e-55
41849,8.193e-55
41850,8.16961e-55
41851,8.14639e-55
41852,8.12141e-55
41853,8.09908e-55
41854,8.07683e-55
41855,8.05478e-55
41856,8.02954e-55
41857,8.00656e-55
41858,7.98409e-55
41859,7.96324e-55
41860,7.93974e-55
41861,7.91548e-55
41862,7.89082e-55
41863,7.87003e-55
41864,7.84611e-55
41865,7.82177e-55
41866,7.79961e-55
41867,7.77716e-55
41868,7.75409e-55
41869,7.73075e-55
41870,7.70801e-55
41871,7.68418e-55
41872,7.66123e-55
41873,7.64014e-55
41874,7.61537e-55
41875,7.59464e-55
41876,7.57033e-55
41877,7.54808e-55
41878,7.5242e-55
41879,7.50454e-55
41880,7.4821e-55
41881,7.4616e-55
41882,7.44037e-55
41883,7.41946e-55
41884,7.39816e-55
41885,7.37588e-55
41886,7.35398e-55
41887,7.33371e-55
41888,7.31003e-55
41889,7.28641e-55
41890,7.26612e-55
41891,7.24472e-55
41892,7.22352e-55
41893,7.19996e-55
41894,7.17805e-55
41895,7.15854e-55
41896,7.13696e-55
41897,7.11385e-55
41898,7.09218e-55
41899,7.07285e-55
41900,7.05234e-55
41901,7.03375e-55
41902,7.0116e-55
41903,6.98814e-55
41904,6.96847e-55
41905,6.94637e-55
41906,6.92754e-55
41907,6.90867e-55
41908,6.88939e-55
41909,6.8671e-55
41910,6.84813e-55
41911,6.82615e-55
41912,6.80763e-55
41913,6.78733e-55
41914,6.76856e-55
41915,6.74848e-55
41916,6.73002e-55
41917,6.70923e-55
41918,6.68794e-55
41919,6.66981e-55
41920,6.65002e-55
41921,6.63265e-55
41922,6.61265e-55
41923,6.59531e-55
41924,6.57417e-55
41925,6.55589e-55
41926,6.53799e-55
41927,6.51841e-55
41928,6.50089e-55
41929,6.48076e-55
41930,6.46016e-55
41931,6.44047e-55
41932,6.41983e-55
41933,6.39991e-55
41934,6.38053e-55
41935,6.36348e-55
41936,6.34489e-55
41937,6.32516e-55
41938,6.30733e-55
41939,6.28753e-55
41940,6.26796e-55
41941,6.24929e-55
41942,6.22981e-55
41943,6.20974e-55
41944,6.19312e-55
41945,6.17321e-55
41946,6.15532e-55
41947,6.13806e-55
41948,6.11918e-55
41949,6.10252e-55
41950,6.08489e-55
41951,6.0679e-55
41952,6.05137e-55
41953,6.03519e-55
41954,6.0183e-55
41955,6.00203e-55
41956,5.98505e-55
41957,5.96742e-55
41958,5.94869e-55
41959,5.93108e-55
41960,5.91445e-55
41961,5.8969e-55
41962,5.88128e-55
41963,5.86555e-55
41964,5.84954e-55
41965,5.83184e-55
41966,5.81574e-55
41967,5.79788e-55
41968,5.78118e-55
41969,5.76408e-55
41970,5.74698e-55
41971,5.73178e-55
41972,5.71677e-55
41973,5.70103e-55
41974,5.68283e-55
41975,5.66747e-55
41976,5.65197e-55
41977,5.6362e-55
41978,5.61992e-55
41979,5.60173e-55
41980,5.58515e-55
41981,5.56714e-55
41982,5.5518e-55
41983,5.53496e-55
41984,5.52058e-55
41985,5.50446e-55
41986,5.487e-55
41987,5.47125e-55
41988,5.45692e-55
41989,5.44073e-55
41990,5.42333e-55
41991,5.4079e-55
41992,5.39334e-55
41993,5.37614e-55
41994,5.36034e-55
41995,5.3451e-55
41996,5.32914e-55
41997,5.31273e-55
41998,5.29867e-55
41999,5.28169e-55
42000,5.26718e-55
42001,5.25145e-55
42002,5.23772e-55
42003,5.22336e-55
42004,5.20691e-55
42005,5.18973e-55
42006,5.17473e-55
42007,5.16111e-55
42008,5.14696e-55
42009,5.13087e-55
42010,5.11378e-55
42011,5.09766e-55
42012,5.08176e-55
42013,5.06786e-55
42014,5.05352e-55
42015,5.03801e-55
42016,5.02232e-55
42017,5.00861e-55
42018,4.99542e-55
42019,4.98012e-55
42020,4.96439e-55
42021,4.9481e-55
42022,4.93501e-55
42023,4.91935e-55
42024,4.9035e-55
42025,4.88883e-55
42026,4.87524e-55
42027,4.86129e-55
42028,4.84805e-55
42029,4.83443e-55
42030,4.82073e-55
42031,4.80696e-55
42032,4.79146e-55
42033,4.7776e-55
42034,4.76316e-55
42035,4.74817e-55
42036,4.73472e-55
42037,4.71926e-55
42038,4.704e-55
42039,4.68981e-55
42040,4.67494e-55
42041,4.65998e-55
42042,4.64703e-55
42043,4.63346e-55
42044,4.61825e-55
42045,4.6041e-55
42046,4.59152e-55
42047,4.57754e-55
42048,4.56308e-55
42049,4.5504e-55
42050,4.53729e-55
42051,4.52382e-55
42052,4.51161e-55
42053,4.49846e-55
42054,4.48538e-55
42055,4.47071e-55
42056,4.45909e-55
42057,4.44555e-55
42058,4.43283e-55
42059,4.42074e-55
42060,4.40918e-55
42061,4.39574e-55
42062,4.38248e-55
42063,4.36809e-55
42064,4.3564e-55
42065,4.34456e-55
42066,4.33126e-55
42067,4.3187e-55
42068,4.30695e-55
42069,4.29429e-55
42070,4.28025e-55
42071,4.26586e-55
42072,4.25368e-55
42073,4.24207e-55
42074,4.22978e-55
42075,4.21791e-55
42076,4.20471e-55
42077,4.19175e-55
42078,4.17781e-55
42079,4.16508e-55
42080,4.15156e-55
42081,4.13943e-55
42082,4.12839e-55
42083,4.11758e-55
42084,4.10454e-55
42085,4.09217e-55
42086,4.08153e-55
42087,4.0686e-55
42088,4.05725e-55
42089,4.04571e-55
42090,4.03491e-55
42091,4.02369e-55
42092,4.013e-55
42093,4.00083e-55
42094,3.98975e-55
42095,3.97888e-55
42096,3.96626e-55
42097,3.95309e-55
42098,3.94091e-55
42099,3.93051e-55
42100,3.91911e-55
42101,3.90738e-55
42102,3.89715e-55
42103,3.88507e-55
42104,3.87276e-55
42105,3.86125e-55
42106,3.85093e-55
42107,3.83955e-55
42108,3.8292e-55
42109,3.81901e-55
42110,3.8088e-55
42111,3.79883e-55
42112,3.78773e-55
42113,3.77729e-55
42114,3.76731e-55
42115,3.7565e-55
42116,3.74473e-55
42117,3.73479e-55
42118,3.72428e-55
42119,3.71451e-55
42120,3.70382e-55
42121,3.69304e-55
42122,3.6826e-55
42123,3.67169e-55
42124,3.66178e-55
42125,3.65091e-55
42126,3.63952e-55
42127,3.63001e-55
42128,3.61939e-55
42129,3.6091e-55
42130,3.59953e-55
42131,3.59016e-55
42132,3.57878e-55
42133,3.56917e-55
42134,3.55803e-55
42135,3.54696e-55
42136,3.53612e-55
42137,3.52454e-55
42138,3.51469e-55
42139,3.50378e-55
42140,3.49462e-55
42141,3.48471e-55
42142,3.47379e-55
42143,3.46334e-55
42144,3.45282e-55
42145,3.44168e-55
42146,3.43014e-55
42147,3.42014e-55
42148,3.409e-55
42149,3.39928e-55
42150,3.38943e-55
42151,3.3797e-55
42152,3.3691e-55
42153,3.3584e-55
42154,3.34728e-55
42155,3.33611e-55
42156,3.32652e-55
42157,3.31633e-55
42158,3.30539e-55
42159,3.2945e-55
42160,3.28588e-55
42161,3.27726e-55
42162,3.26692e-55
42163,3.25608e-55
42164,3.2472e-55
42165,3.23727e-55
42166,3.22733e-55
42167,3.2171e-55
42168,3.20719e-55
42169,3.19673e-55
42170,3.18708e-55
42171,3.17727e-55
42172,3.16836e-55
42173,3.15941e-55
42174,3.15076e-55
42175,3.14072e-55
42176,3.13207e-55
42177,3.12354e-55
42178,3.11482e-55
42179,3.10641e-55
42180,3.09731e-55
42181,3.08765e-55
42182,3.07835e-55
42183,3.06968e-55
42184,3.06064e-55
42185,3.05162e-55
42186,3.04319e-55
42187,3.03353e-55
42188,3.02525e-55
42189,3.017e-55
42190,3.00769e-55
42191,2.99942e-55
42192,2.99115e-55
42193,2.98211e-55
42194,2.97402e-55
42195,2.9655e-55
42196,2.95707e-55
42197,2.94777e-55
42198,2.93968e-55
42199,2.93206e-55
42200,2.92315e-55
42201,2.91398e-55
42202,2.90496e-55
42203,2.89743e-55
42204,2.88976e-55
42205,2.88065e-55
42206,2.87121e-55
42207,2.86309e-55
42208,2.85552e-55
42209,2.84774e-55
42210,2.8395e-55
42211,2.83097e-55
42212,2.82168e-55
42213,2.81433e-55
42214,2.80544e-55
42215,2.79715e-55
42216,2.78888e-55
42217,2.78136e-55
42218,2.77351e-55
42219,2.76503e-55
42220,2.75715e-55
42221,2.7498e-55
42222,2.74108e-55
42223,2.73274e-55
42224,2.72413e-55
42225,2.71693e-55
42226,2.70987e-55
42227,2.70264e-55
42228,2.69411e-55
42229,2.68671e-55
42230,2.67952e-55
42231,2.67155e-55
42232,2.66282e-55
42233,2.65426e-55
42234,2.64616e-55
42235,2.63923e-55
42236,2.63127e-55
42237,2.6235e-55
42238,2.61608e-55
42239,2.60797e-55
42240,2.59983e-55
42241,2.59156e-55
42242,2.58416e-55
42243,2.57629e-55
42244,2.56809e-55
42245,2.56096e-55
42246,2.55408e-55
42247,2.54693e-55
42248,2.53967e-55
42249,2.53222e-55
42250,2.52564e-55
42251,2.51794e-55
42252,2.5103e-55
42253,2.50213e-55
42254,2.49501e-55
42255,2.48791e-55
42256,2.47981e-55
42257,2.47273e-55
42258,2.46549e-55
42259,2.45762e-55
42260,2.45024e-55
42261,2.44279e-55
42262,2.43567e-55
42263,2.42853e-55
42264,2.42153e-55
42265,2.41519e-55
42266,2.40814e-55
42267,2.40175e-55
42268,2.39471e-55
42269,2.38706e-55
42270,2.37935e-55
42271,2.37274e-55
42272,2.36557e-55
42273,2.35914e-55
42274,2.35164e-55
42275,2.34473e-55
42276,2.33797e-55
42277,2.33183e-55
42278,2.32466e-55
42279,2.31726e-55
42280,2.3103e-55
42281,2.30302e-55
42282,2.29612e-55
42283,2.28992e-55
42284,2.28297e-55
42285,2.27563e-55
42286,2.26882e-55
42287,2.26187e-55
42288,2.25569e-55
42289,2.24983e-55
42290,2.24328e-55
42291,2.23633e-55
42292,2.22949e-55
42293,2.22215e-55
42294,2.21602e-55
42295,2.21021e-55
42296,2.20312e-55
42297,2.19616e-55
42298,2.19026e-55
42299,2.18385e-55
42300,2.17729e-55
42301,2.17014e-55
42302,2.16321e-55
42303,2.15722e-55
42304,2.15144e-55
42305,2.14495e-55
42306,2.13833e-55
42307,2.13192e-55
42308,2.12531e-55
42309,2.11909e-55
42310,2.11308e-55
42311,2.10724e-55
42312,2.10147e-55
42313,2.09481e-55
42314,2.08874e-55
42315,2.08201e-55
42316,2.07543e-55
42317,2.0686e-55
42318,2.06232e-55
42319,2.05559e-55
42320,2.04876e-55
42321,2.04333e-55
42322,2.0372e-55
42323,2.03109e-55
42324,2.0258e-55
42325,2.01947e-55
42326,2.01331e-55
42327,2.00808e-55
42328,2.00215e-55
42329,1.99591e-55
42330,1.98995e-55
42331,1.98455e-55
42332,1.9785e-55
42333,1.97297e-55
42334,1.96732e-55
42335,1.9611e-55
42336,1.95461e-55
42337,1.94941e-55
42338,1.94389e-55
42339,1.93798e-55
42340,1.93221e-55
42341,1.9262e-55
42342,1.91991e-55
42343,1.9138e-55
42344,1.90795e-55
42345,1.90257e-55
42346,1.89679e-55
42347,1.89142e-55
42348,1.88621e-55
42349,1.88105e-55
42350,1.87586e-55
42351,1.87079e-55
42352,1.86558e-55
42353,1.85963e-55
42354,1.85377e-55
42355,1.84851e-55
42356,1.84279e-55
42357,1.83754e-55
42358,1.83237e-55
42359,1.82722e-55
42360,1.82237e-55
42361,1.81667e-55
42362,1.81128e-55
42363,1.80557e-55
42364,1.80071e-55
42365,1.795e-55
42366,1.78951e-55
42367,1.78476e-55
42368,1.77903e-55
42369,1.77305e-55
42370,1.7674e-55
42371,1.76213e-55
42372,1.75665e-55
42373,1.75125e-55
42374,1.74638e-55
42375,1.74147e-55
42376,1.73583e-55
42377,1.73009e-55
42378,1.7247e-55
42379,1.71999e-55
42380,1.71537e-55
42381,1.70991e-55
42382,1.70501e-55
42383,1.70007e-55
42384,1.69472e-55
42385,1.69021e-55
42386,1.685e-55
42387,1.67995e-55
42388,1.67507e-55
42389,1.67062e-55
42390,1.66536e-55
42391,1.66038e-55
42392,1.65495e-55
42393,1.65019e-55
42394,1.64556e-55
42395,1.64121e-55
42396,1.63668e-55
42397,1.63143e-55
42398,1.627e-55
42399,1.62253e-55
42400,1.61733e-55
42401,1.61202e-55
42402,1.6069e-55
42403,1.60193e-55
42404,1.59713e-55
42405,1.59298e-55
42406,1.58788e-55
42407,1.58315e-55
42408,1.578e-55
42409,1.57312e-55
42410,1.56823e-55
42411,1.56408e-55
42412,1.55947e-55
42413,1.55537e-55
42414,1.55084e-55
42415,1.54643e-55
42416,1.54226e-55
42417,1.53798e-55
42418,1.53307e-55
42419,1.5284e-55
42420,1.52402e-55
42421,1.51926e-55
42422,1.51519e-55
42423,1.51095e-55
42424,1.50689e-55
42425,1.50256e-55
42426,1.49825e-55
42427,1.49396e-55
42428,1.48971e-55
42429,1.48528e-55
42430,1.48075e-55
42431,1.47658e-55
42432,1.4723e-55
42433,1.46809e-55
42434,1.46332e-55
42435,1.45952e-55
42436,1.45539e-55
42437,1.45068e-55
42438,1.44635e-55
42439,1.44227e-55
42440,1.43795e-55
42441,1.43402e-55
42442,1.42994e-55
42443,1.42608e-55
42444,1.42215e-55
42445,1.41761e-55
42446,1.41338e-55
42447,1.40931e-55
42448,1.40547e-55
42449,1.40144e-55
42450,1.39686e-55
42451,1.39261e-55
42452,1.3888e-55
42453,1.3851e-55
42454,1.38072e-55
42455,1.37679e-55
42456,1.37271e-55
42457,1.36886e-55
42458,1.36464e-55
42459,1.36017e-55
42460,1.35572e-55
42461,1.35182e-55
42462,1.3481e-55
42463,1.34432e-55
42464,1.34016e-55
42465,1.33649e-55
42466,1.33274e-55
42467,1.32916e-55
42468,1.32559e-55
42469,1.32145e-55
42470,1.31757e-55
42471,1.31346e-55
42472,1.31003e-55
42473,1.30593e-55
42474,1.30167e-55
42475,1.29801e-55
42476,1.29398e-55
42477,1.29022e-55
42478,1.28627e-55
42479,1.28202e-55
42480,1.27785e-55
42481,1.27387e-55
42482,1.27006e-55
42483,1.26674e-55
42484,1.26283e-55
42485,1.25915e-55
42486,1.25557e-55
42487,1.25202e-55
42488,1.24816e-55
42489,1.24483e-55
42490,1.2414e-55
42491,1.23769e-55
42492,1.23407e-55
42493,1.23044e-55
42494,1.22646e-55
42495,1.22307e-55
42496,1.21934e-55
42497,1.21597e-55
42498,1.21252e-55
42499,1.20868e-55
42500,1.20549e-55
42501,1.20173e-55
42502,1.19809e-55
42503,1.19489e-55
42504,1.19128e-55
42505,1.18777e-55
42506,1.18437e-55
42507,1.18094e-55
42508,1.17713e-55
42509,1.17402e-55
42510,1.17068e-55
42511,1.16704e-55
42512,1.16337e-55
42513,1.15954e-55
42514,1.15581e-55
42515,1.15234e-55
42516,1.14905e-55
42517,1.14595e-55
42518,1.14233e-55
42519,1.13928e-55
42520,1.13614e-55
42521,1.13309e-55
42522,1.12965e-55
42523,1.12612e-55
42524,1.12267e-55
42525,1.11926e-55
42526,1.11558e-55
42527,1.11239e-55
42528,1.10886e-55
42529,1.10572e-55
42530,1.10272e-55
42531,1.0992e-55
42532,1.09624e-55
42533,1.09284e-55
42534,1.08999e-55
42535,1.08661e-55
42536,1.08357e-55
42537,1.08047e-55
42538,1.07748e-55
42539,1.07455e-55
42540,1.07143e-55
42541,1.06816e-55
42542,1.06465e-55
42543,1.0617e-55
42544,1.05853e-55
42545,1.05523e-55
42546,1.0519e-55
42547,1.0484e-55
42548,1.04493e-55
42549,1.0417e-55
42550,1.03894e-55
42551,1.03615e-55
42552,1.03295e-55
42553,1.02968e-55
42554,1.02633e-55
42555,1.02333e-55
42556,1.02041e-55
42557,1.01718e-55
42558,1.01396e-55
42559,1.01116e-55
42560,1.00844e-55
42561,1.00521e-55
42562,1.00249e-55
42563,9.99704e-56
42564,9.96634e-56
42565,9.93921e-56
42566,9.91272e-56
42567,9.88072e-56
42568,9.85062e-56
42569,9.82237e-56
42570,9.79566e-56
42571,9.76984e-56
42572,9.74426e-56
42573,9.7182e-56
42574,9.69118e-56
42575,9.66189e-56
42576,9.63078e-56
42577,9.6054e-56
42578,9.57675e-56
42579,9.54672e-56
42580,9.51701e-56
42581,9.48739e-56
42582,9.45634e-56
42583,9.42833e-56
42584,9.40076e-56
42585,9.37115e-56
42586,9.34057e-56
42587,9.31014e-56
42588,9.28142e-56
42589,9.25292e-56
42590,9.22838e-56
42591,9.19987e-56
42592,9.17201e-56
42593,9.14667e-56
42594,9.12248e-56
42595,9.09705e-56
42596,9.07095e-56
42597,9.04621e-56
42598,9.02094e-56
42599,8.99753e-56
42600,8.97098e-56
42601,8.94457e-56
42602,8.92091e-56
42603,8.89426e-56
42604,8.86718e-56
42605,8.84178e-56
42606,8.81721e-56
42607,8.79141e-56
42608,8.76595e-56
42609,8.73778e-56
42610,8.71335e-56
42611,8.69001e-56
42612,8.66417e-56
42613,8.64061e-56
42614,8.61481e-56
42615,8.59207e-56
42616,8.56449e-56
42617,8.53902e-56
42618,8.51128e-56
42619,8.48516e-56
42620,8.46226e-56
42621,8.4403e-56
42622,8.41633e-56
42623,8.3903e-56
42624,8.36702e-56
42625,8.34265e-56
42626,8.32074e-56
42627,8.29569e-56
42628,8.27011e-56
42629,8.24646e-56
42630,8.22128e-56
42631,8.19838e-56
42632,8.17241e-56
42633,8.14655e-56
42634,8.11993e-56
42635,8.09571e-56
42636,8.07397e-56
42637,8.05218e-56
42638,8.0313e-56
42639,8.00764e-56
42640,7.98652e-56
42641,7.96446e-56
42642,7.94011e-56
42643,7.91567e-56
42644,7.89249e-56
42645,7.87032e-56
42646,7.84604e-56
42647,7.82317e-56
42648,7.79846e-56
42649,7.77436e-56
42650,7.75392e-56
42651,7.72914e-56
42652,7.70514e-56
42653,7.68258e-56
42654,7.65888e-56
42655,7.63383e-56
42656,7.60842e-56
42657,7.58411e-56
42658,7.56104e-56
42659,7.53801e-56
42660,7.5178e-56
42661,7.49705e-56
42662,7.4732e-56
42663,7.44819e-56
42664,7.42876e-56
42665,7.40586e-56
42666,7.38398e-56
42667,7.36403e-56
42668,7.34039e-56
42669,7.31855e-56
42670,7.29577e-56
42671,7.27674e-56
42672,7.25436e-56
42673,7.23323e-56
42674,7.21099e-56
42675,7.19106e-56
42676,7.16886e-56
42677,7.14801e-56
42678,7.12612e-56
42679,7.10471e-56
42680,7.08583e-56
42681,7.06419e-56
42682,7.04315e-56
42683,7.02106e-56
42684,7.00189e-56
42685,6.98268e-56
42686,6.96144e-56
42687,6.94276e-56
42688,6.92034e-56
42689,6.90092e-56
42690,6.87954e-56
42691,6.86111e-56
42692,6.84093e-56
42693,6.82007e-56
42694,6.80185e-56
42695,6.78175e-56
42696,6.76207e-56
42697,6.74169e-56
42698,6.72068e-56
42699,6.70127e-56
42700,6.68339e-56
42701,6.66411e-56
42702,6.64488e-56
42703,6.62358e-56
42704,6.60183e-56
42705,6.5841e-56
42706,6.56651e-56
42707,6.54675e-56
42708,6.52718e-56
42709,6.5065e-56
42710,6.48855e-56
42711,6.46897e-56
42712,6.44969e-56
42713,6.42952e-56
42714,6.41086e-56
42715,6.39102e-56
42716,6.36977e-56
42717,6.35274e-56
42718,6.33279e-56
42719,6.31169e-56
42720,6.2934e-56
42721,6.27441e-56
42722,6.25768e-56
42723,6.23774e-56
42724,6.2203e-56
42725,6.20327e-56
42726,6.18514e-56
42727,6.16604e-56
42728,6.14627e-56
42729,6.12923e-56
42730,6.1129e-56
42731,6.09338e-56
42732,6.07432e-56
42733,6.05612e-56
42734,6.03679e-56
42735,6.01835e-56
42736,5.99984e-56
42737,5.98001e-56
42738,5.96327e-56
42739,5.94696e-56
42740,5.92853e-56
42741,5.91102e-56
42742,5.89208e-56
42743,5.87538e-56
42744,5.85919e-56
42745,5.84292e-56
42746,5.8276e-56
42747,5.81165e-56
42748,5.79511e-56
42749,5.7765e-56
42750,5.76056e-56
42751,5.74267e-56
42752,5.72554e-56
42753,5.70936e-56
42754,5.69182e-56
42755,5.67373e-56
42756,5.65663e-56
42757,5.64108e-56
42758,5.62456e-56
42759,5.60847e-56
42760,5.59216e-56
42761,5.57524e-56
42762,5.55944e-56
42763,5.54441e-56
42764,5.52945e-56
42765,5.5145e-56
42766,5.49744e-56
42767,5.47981e-56
42768,5.46499e-56
42769,5.45068e-56
42770,5.43639e-56
42771,5.41914e-56
42772,5.4029e-56
42773,5.38533e-56
42774,5.37033e-56
42775,5.35362e-56
42776,5.33893e-56
42777,5.32404e-56
42778,5.31019e-56
42779,5.29446e-56
42780,5.27994e-56
42781,5.26543e-56
42782,5.25047e-56
42783,5.23422e-56
42784,5.21843e-56
42785,5.20455e-56
42786,5.18926e-56
42787,5.17535e-56
42788,5.16087e-56
42789,5.1473e-56
42790,5.13229e-56
42791,5.11617e-56
42792,5.10027e-56
42793,5.08379e-56
42794,5.06685e-56
42795,5.05025e-56
42796,5.03702e-56
42797,5.02164e-56
42798,5.00608e-56
42799,4.99242e-56
42800,4.97692e-56
42801,4.96126e-56
42802,4.94796e-56
42803,4.93413e-56
42804,4.91912e-56
42805,4.90504e-56
42806,4.89199e-56
42807,4.87657e-56
42808,4.86144e-56
42809,4.84839e-56
42810,4.83433e-56
42811,4.8188e-56
42812,4.80495e-56
42813,4.78962e-56
42814,4.77487e-56
42815,4.75917e-56
42816,4.7432e-56
42817,4.73019e-56
42818,4.7177e-56
42819,4.7046e-56
42820,4.69164e-56
42821,4.67762e-56
42822,4.66522e-56
42823,4.65035e-56
42824,4.63666e-56
42825,4.62449e-56
42826,4.61019e-56
42827,4.59652e-56
42828,4.58204e-56
42829,4.56845e-56
42830,4.55436e-56
42831,4.54062e-56
42832,4.52804e-56
42833,4.51385e-56
42834,4.4991e-56
42835,4.48419e-56
42836,4.47187e-56
42837,4.46027e-56
42838,4.44647e-56
42839,4.43206e-56
42840,4.42011e-56
42841,4.40781e-56
42842,4.39411e-56
42843,4.38107e-56
42844,4.36919e-56
42845,4.35668e-56
42846,4.34403e-56
42847,4.33235e-56
42848,4.31942e-56
42849,4.30657e-56
42850,4.29406e-56
42851,4.28035e-56
42852,4.26879e-56
42853,4.25627e-56
42854,4.24282e-56
42855,4.22987e-56
42856,4.21711e-56
42857,4.20432e-56
42858,4.19307e-56
42859,4.1812e-56
42860,4.17006e-56
42861,4.15708e-56
42862,4.14334e-56
42863,4.13142e-56
42864,4.11889e-56
42865,4.10564e-56
42866,4.09409e-56
42867,4.08116e-56
42868,4.06788e-56
42869,4.05703e-56
42870,4.04464e-56
42871,4.03412e-56
42872,4.02267e-56
42873,4.01086e-56
42874,3.99899e-56
42875,3.98701e-56
42876,3.97401e-56
42877,3.96065e-56
42878,3.94809e-56
42879,3.93622e-56
42880,3.92453e-56
42881,3.9139e-56
42882,3.9027e-56
42883,3.89079e-56
42884,3.87871e-56
42885,3.86801e-56
42886,3.85725e-56
42887,3.84651e-56
42888,3.83439e-56
42889,3.82327e-56
42890,3.81158e-56
42891,3.79903e-56
42892,3.78849e-56
42893,3.77708e-56
42894,3.76643e-56
42895,3.75443e-56
42896,3.74327e-56
42897,3.73194e-56
42898,3.7203e-56
42899,3.70962e-56
42900,3.69818e-56
42901,3.68735e-56
42902,3.67677e-56
42903,3.66695e-56
42904,3.65518e-56
42905,3.6431e-56
42906,3.63166e-56
42907,3.61977e-56
42908,3.60779e-56
42909,3.59724e-56
42910,3.58677e-56
42911,3.57635e-56
42912,3.56563e-56
42913,3.55414e-56
42914,3.54458e-56
42915,3.53472e-56
42916,3.52531e-56
42917,3.51523e-56
42918,3.5047e-56
42919,3.49322e-56
42920,3.48187e-56
42921,3.47212e-56
42922,3.461e-56
42923,3.45184e-56
42924,3.44091e-56
42925,3.43138e-56
42926,3.4203e-56
42927,3.41036e-56
42928,3.39949e-56
42929,3.38888e-56
42930,3.3781e-56
42931,3.36787e-56
42932,3.35876e-56
42933,3.34965e-56
42934,3.33946e-56
42935,3.33048e-56
42936,3.3216e-56
42937,3.31216e-56
42938,3.30348e-56
42939,3.29484e-56
42940,3.28461e-56
42941,3.27486e-56
42942,3.26523e-56
42943,3.25582e-56
42944,3.24651e-56
42945,3.23671e-56
42946,3.22665e-56
42947,3.21708e-56
42948,3.20863e-56
42949,3.19969e-56
42950,3.19041e-56
42951,3.18017e-56
42952,3.1705e-56
42953,3.1614e-56
42954,3.1511e-56
42955,3.14172e-56
42956,3.13217e-56
42957,3.12192e-56
42958,3.11161e-56
42959,3.10234e-56
42960,3.0929e-56
42961,3.0833e-56
42962,3.07516e-56
42963,3.06565e-56
42964,3.05566e-56
42965,3.04592e-56
42966,3.03585e-56
42967,3.02793e-56
42968,3.01977e-56
42969,3.01003e-56
42970,3.00207e-56
42971,2.99241e-56
42972,2.98351e-56
42973,2.97457e-56
42974,2.96599e-56
42975,2.95648e-56
42976,2.94836e-56
42977,2.94049e-56
42978,2.93211e-56
42979,2.924e-56
42980,2.91558e-56
42981,2.90626e-56
42982,2.89839e-56
42983,2.89084e-56
42984,2.88286e-56
42985,2.87515e-56
42986,2.86674e-56
42987,2.8575e-56
42988,2.84994e-56
42989,2.84177e-56
42990,2.83364e-56
42991,2.82492e-56
42992,2.8173e-56
42993,2.80915e-56
42994,2.80089e-56
42995,2.79353e-56
42996,2.78588e-56
42997,2.77784e-56
42998,2.77049e-56
42999,2.76259e-56
43000,2.75461e-56
43001,2.74718e-56
43002,2.73934e-56
43003,2.73048e-56
43004,2.72187e-56
43005,2.71313e-56
43006,2.70434e-56
43007,2.69537e-56
43008,2.68636e-56
43009,2.67885e-56
43010,2.67156e-56
43011,2.66396e-56
43012,2.65682e-56
43013,2.64933e-56
43014,2.64172e-56
43015,2.63413e-56
43016,2.62642e-56
43017,2.61786e-56
43018,2.61043e-56
43019,2.60266e-56
43020,2.5952e-56
43021,2.58719e-56
43022,2.57995e-56
43023,2.57233e-56
43024,2.56532e-56
43025,2.55735e-56
43026,2.54958e-56
43027,2.54216e-56
43028,2.53514e-56
43029,2.52742e-56
43030,2.5193e-56
43031,2.51143e-56
43032,2.50334e-56
43033,2.49633e-56
43034,2.4888e-56
43035,2.48131e-56
43036,2.47472e-56
43037,2.46755e-56
43038,2.46027e-56
43039,2.45381e-56
43040,2.44632e-56
43041,2.43868e-56
43042,2.43156e-56
43043,2.42377e-56
43044,2.41733e-56
43045,2.40973e-56
43046,2.40296e-56
43047,2.39579e-56
43048,2.38817e-56
43049,2.38086e-56
43050,2.37443e-56
43051,2.36794e-56
43052,2.36127e-56
43053,2.35446e-56
43054,2.34711e-56
43055,2.34008e-56
43056,2.33362e-56
43057,2.327e-56
43058,2.31941e-56
43059,2.31253e-56
43060,2.30643e-56
43061,2.29922e-56
43062,2.29296e-56
43063,2.28565e-56
43064,2.2795e-56
43065,2.2724e-56
43066,2.26566e-56
43067,2.25943e-56
43068,2.25313e-56
43069,2.24724e-56
43070,2.24104e-56
43071,2.23517e-56
43072,2.22831e-56
43073,2.22135e-56
43074,2.21405e-56
43075,2.20681e-56
43076,2.20007e-56
43077,2.194e-56
43078,2.18767e-56
43079,2.18137e-56
43080,2.17443e-56
43081,2.16779e-56
43082,2.16115e-56
43083,2.15522e-56
43084,2.14958e-56
43085,2.14344e-56
43086,2.13678e-56
43087,2.13079e-56
43088,2.12413e-56
43089,2.11743e-56
43090,2.11071e-56
43091,2.10384e-56
43092,2.09739e-56
43093,2.09048e-56
43094,2.08376e-56
43095,2.07716e-56
43096,2.07056e-56
43097,2.06472e-56
43098,2.05801e-56
43099,2.05254e-56
43100,2.04678e-56
43101,2.04113e-56
43102,2.03566e-56
43103,2.03024e-56
43104,2.02371e-56
43105,2.01836e-56
43106,2.01188e-56
43107,2.00577e-56
43108,2.00012e-56
43109,1.99436e-56
43110,1.98919e-56
43111,1.98382e-56
43112,1.97864e-56
43113,1.97269e-56
43114,1.96703e-56
43115,1.96182e-56
43116,1.95663e-56
43117,1.95138e-56
43118,1.94585e-56
43119,1.93963e-56
43120,1.93325e-56
43121,1.92801e-56
43122,1.92205e-56
43123,1.91632e-56
43124,1.9112e-56
43125,1.90556e-56
43126,1.90024e-56
43127,1.89418e-56
43128,1.88801e-56
43129,1.88273e-56
43130,1.87661e-56
43131,1.87143e-56
43132,1.86594e-56
43133,1.86093e-56
43134,1.85571e-56
43135,1.85027e-56
43136,1.8452e-56
43137,1.84004e-56
43138,1.83515e-56
43139,1.82978e-56
43140,1.82408e-56
43141,1.8192e-56
43142,1.81366e-56
43143,1.80792e-56
43144,1.80216e-56
43145,1.79735e-56
43146,1.79169e-56
43147,1.78586e-56
43148,1.78087e-56
43149,1.77594e-56
43150,1.77043e-56
43151,1.76561e-56
43152,1.76054e-56
43153,1.75533e-56
43154,1.74988e-56
43155,1.74464e-56
43156,1.73998e-56
43157,1.73546e-56
43158,1.73049e-56
43159,1.72601e-56
43160,1.72125e-56
43161,1.71629e-56
43162,1.71158e-56
43163,1.70624e-56
43164,1.70109e-56
43165,1.69599e-56
43166,1.6912e-56
43167,1.68592e-56
43168,1.68043e-56
43169,1.67551e-56
43170,1.67079e-56
43171,1.66574e-56
43172,1.66076e-56
43173,1.65641e-56
43174,1.65167e-56
43175,1.64701e-56
43176,1.64257e-56
43177,1.63797e-56
43178,1.6335e-56
43179,1.62882e-56
43180,1.62393e-56
43181,1.61856e-56
43182,1.61359e-56
43183,1.60937e-56
43184,1.60466e-56
43185,1.60013e-56
43186,1.59535e-56
43187,1.59046e-56
43188,1.58594e-56
43189,1.58179e-56
43190,1.57703e-56
43191,1.57224e-56
43192,1.56761e-56
43193,1.56255e-56
43194,1.55799e-56
43195,1.55388e-56
43196,1.54939e-56
43197,1.54457e-56
43198,1.53957e-56
43199,1.53514e-56
43200,1.53096e-56
43201,1.5268e-56
43202,1.52283e-56
43203,1.51818e-56
43204,1.51397e-56
43205,1.50958e-56
43206,1.50559e-56
43207,1.5013e-56
43208,1.4966e-56
43209,1.49238e-56
43210,1.48768e-56
43211,1.48337e-56
43212,1.47922e-56
43213,1.47494e-56
43214,1.47067e-56
43215,1.466e-56
43216,1.46132e-56
43217,1.45749e-56
43218,1.45325e-56
43219,1.44935e-56
43220,1.44552e-56
43221,1.44159e-56
43222,1.43715e-56
43223,1.43282e-56
43224,1.429e-56
43225,1.42512e-56
43226,1.42083e-56
43227,1.41655e-56
43228,1.4119e-56
43229,1.40767e-56
43230,1.40304e-56
43231,1.39925e-56
43232,1.39496e-56
43233,1.39034e-56
43234,1.38575e-56
43235,1.38108e-56
43236,1.37699e-56
43237,1.37247e-56
43238,1.36848e-56
43239,1.36468e-56
43240,1.36089e-56
43241,1.35715e-56
43242,1.35302e-56
43243,1.34894e-56
43244,1.34477e-56
43245,1.34115e-56
43246,1.33731e-56
43247,1.33339e-56
43248,1.32977e-56
43249,1.3255e-56
43250,1.32142e-56
43251,1.31774e-56
43252,1.31418e-56
43253,1.31044e-56
43254,1.3063e-56
43255,1.30264e-56
43256,1.29874e-56
43257,1.29491e-56
43258,1.29077e-56
43259,1.28687e-56
43260,1.28351e-56
43261,1.27951e-56
43262,1.27552e-56
43263,1.27149e-56
43264,1.26739e-56
43265,1.26352e-56
43266,1.25954e-56
43267,1.25599e-56
43268,1.25224e-56
43269,1.24885e-56
43270,1.24515e-56
43271,1.24116e-56
43272,1.23754e-56
43273,1.2341e-56
43274,1.23054e-56
43275,1.22724e-56
43276,1.22374e-56
43277,1.21983e-56
43278,1.21608e-56
43279,1.21241e-56
43280,1.20851e-56
43281,1.20513e-56
43282,1.20132e-56
43283,1.19818e-56
43284,1.19457e-56
43285,1.19087e-56
43286,1.18751e-56
43287,1.18421e-56
43288,1.18098e-56
43289,1.17777e-56
43290,1.17408e-56
43291,1.17083e-56
43292,1.16776e-56
43293,1.16434e-56
43294,1.16131e-56
43295,1.15766e-56
43296,1.15453e-56
43297,1.15095e-56
43298,1.14781e-56
43299,1.14427e-56
43300,1.14049e-56
43301,1.13684e-56
43302,1.13335e-56
43303,1.13009e-56
43304,1.12713e-56
43305,1.12416e-56
43306,1.12087e-56
43307,1.11761e-56
43308,1.11395e-56
43309,1.11093e-56
43310,1.10802e-56
43311,1.10456e-56
43312,1.10133e-56
43313,1.09779e-56
43314,1.09419e-56
43315,1.09125e-56
43316,1.08801e-56
43317,1.08501e-56
43318,1.08192e-56
43319,1.07852e-56
43320,1.07537e-56
43321,1.07241e-56
43322,1.06959e-56
43323,1.0665e-56
43324,1.06314e-56
43325,1.06032e-56
43326,1.05733e-56
43327,1.0539e-56
43328,1.05045e-56
43329,1.04727e-56
43330,1.04401e-56
43331,1.04065e-56
43332,1.03768e-56
43333,1.03474e-56
43334,1.0319e-56
43335,1.02896e-56
43336,1.02598e-56
43337,1.02278e-56
43338,1.01948e-56
43339,1.01649e-56
43340,1.01319e-56
43341,1.00986e-56
43342,1.00701e-56
43343,1.00414e-56
43344,1.00099e-56
43345,9.98243e-57
43346,9.95326e-57
43347,9.92467e-57
43348,9.89596e-57
43349,9.8641e-57
43350,9.83682e-57
43351,9.80565e-57
43352,9.77908e-57
43353,9.75188e-57
43354,9.72432e-57
43355,9.69277e-57
43356,9.66473e-57
43357,9.63487e-57
43358,9.60317e-57
43359,9.57625e-57
43360,9.54962e-57
43361,9.52058e-57
43362,9.49508e-57
43363,9.46668e-57
43364,9.44189e-57
43365,9.41527e-57
43366,9.39076e-57
43367,9.36357e-57
43368,9.33836e-57
43369,9.30892e-57
43370,9.27823e-57
43371,9.25349e-57
43372,9.22496e-57
43373,9.19943e-57
43374,9.17263e-57
43375,9.14519e-57
43376,9.11853e-57
43377,9.09492e-57
43378,9.0658e-57
43379,9.03604e-57
43380,9.00613e-57
43381,8.98123e-57
43382,8.95331e-57
43383,8.92959e-57
43384,8.90351e-57
43385,8.87954e-57
43386,8.85626e-57
43387,8.82821e-57
43388,8.79948e-57
43389,8.77668e-57
43390,8.75288e-57
43391,8.72927e-57
43392,8.7028e-57
43393,8.6782e-57
43394,8.65103e-57
43395,8.62385e-57
43396,8.59697e-57
43397,8.56939e-57
43398,8.54566e-57
43399,8.51869e-57
43400,8.49206e-57
43401,8.46897e-57
43402,8.44175e-57
43403,8.41671e-57
43404,8.3924e-57
43405,8.36803e-57
43406,8.34596e-57
43407,8.3197e-57
43408,8.29526e-57
43409,8.27341e-57
43410,8.24787e-57
43411,8.22416e-57
43412,8.20123e-57
43413,8.17681e-57
43414,8.1529e-57
43415,8.1271e-57
43416,8.10153e-57
43417,8.07731e-57
43418,8.05208e-57
43419,8.02752e-57
43420,8.00357e-57
43421,7.97741e-57
43422,7.95181e-57
43423,7.92981e-57
43424,7.9078e-57
43425,7.88419e-57
43426,7.85828e-57
43427,7.83181e-57
43428,7.8088e-57
43429,7.78742e-57
43430,7.76292e-57
43431,7.74196e-57
43432,7.71996e-57
43433,7.69568e-57
43434,7.67204e-57
43435,7.64755e-57
43436,7.62612e-57
43437,7.60272e-57
43438,7.57907e-57
43439,7.55523e-57
43440,7.53119e-57
43441,7.50879e-57
43442,7.48863e-57
43443,7.46885e-57
43444,7.44908e-57
43445,7.42691e-57
43446,7.40286e-57
43447,7.37891e-57
43448,7.35895e-57
43449,7.33675e-57
43450,7.31534e-57
43451,7.29286e-57
43452,7.27066e-57
43453,7.25051e-57
43454,7.22726e-57
43455,7.20351e-57
43456,7.18001e-57
43457,7.15632e-57
43458,7.13268e-57
43459,7.11257e-57
43460,7.09355e-57
43461,7.07174e-57
43462,7.05113e-57
43463,7.03029e-57
43464,7.0092e-57
43465,6.99061e-57
43466,6.97097e-57
43467,6.94886e-57
43468,6.92659e-57
43469,6.90832e-57
43470,6.88774e-57
43471,6.86695e-57
43472,6.84632e-57
43473,6.82486e-57
43474,6.80365e-57
43475,6.78262e-57
43476,6.76317e-57
43477,6.74284e-57
43478,6.72291e-57
43479,6.70297e-57
43480,6.68432e-57
43481,6.66269e-57
43482,6.64425e-57
43483,6.6231e-57
43484,6.6048e-57
43485,6.58698e-57
43486,6.56648e-57
43487,6.54906e-57
43488,6.53177e-57
43489,6.51191e-57
43490,6.49323e-57
43491,6.47547e-57
43492,6.45667e-57
43493,6.43621e-57
43494,6.41592e-57
43495,6.39898e-57
43496,6.37867e-57
43497,6.36167e-57
43498,6.34139e-57
43499,6.32138e-57
43500,6.30421e-57
43501,6.28559e-57
43502,6.26776e-57
43503,6.24835e-57
43504,6.23066e-57
43505,6.21434e-57
43506,6.19659e-57
43507,6.17754e-57
43508,6.15856e-57
43509,6.13833e-57
43510,6.12125e-57
43511,6.10158e-57
43512,6.08146e-57
43513,6.06339e-57
43514,6.04407e-57
43515,6.02771e-57
43516,6.00955e-57
43517,5.99116e-57
43518,5.97456e-57
43519,5.95616e-57
43520,5.93908e-57
43521,5.92111e-57
43522,5.90166e-57
43523,5.88237e-57
43524,5.86495e-57
43525,5.84681e-57
43526,5.82761e-57
43527,5.81066e-57
43528,5.79232e-57
43529,5.77346e-57
43530,5.75782e-57
43531,5.73922e-57
43532,5.72237e-57
43533,5.7055e-57
43534,5.68774e-57
43535,5.6697e-57
43536,5.6526e-57
43537,5.63725e-57
43538,5.62084e-57
43539,5.60541e-57
43540,5.59044e-57
43541,5.5733e-57
43542,5.55819e-57
43543,5.54362e-57
43544,5.52845e-57
43545,5.5141e-57
43546,5.4991e-57
43547,5.48166e-57
43548,5.46467e-57
43549,5.44863e-57
43550,5.43206e-57
43551,5.4178e-57
43552,5.40341e-57
43553,5.38733e-57
43554,5.36984e-57
43555,5.35348e-57
43556,5.33835e-57
43557,5.32141e-57
43558,5.30763e-57
43559,5.29342e-57
43560,5.27717e-57
43561,5.26288e-57
43562,5.24879e-57
43563,5.23451e-57
43564,5.21866e-57
43565,5.20178e-57
43566,5.18431e-57
43567,5.16987e-57
43568,5.15625e-57
43569,5.1413e-57
43570,5.1263e-57
43571,5.11231e-57
43572,5.09825e-57
43573,5.08289e-57
43574,5.06878e-57
43575,5.05401e-57
43576,5.0386e-57
43577,5.02378e-57
43578,5.0094e-57
43579,4.99528e-57
43580,4.97913e-57
43581,4.96609e-57
43582,4.95202e-57
43583,4.93897e-57
43584,4.92414e-57
43585,4.91027e-57
43586,4.89537e-57
43587,4.87918e-57
43588,4.86582e-57
43589,4.85109e-57
43590,4.83805e-57
43591,4.82259e-57
43592,4.80701e-57
43593,4.79351e-57
43594,4.78061e-57
43595,4.76664e-57
43596,4.7537e-57
43597,4.74094e-57
43598,4.72633e-57
43599,4.7132e-57
43600,4.69896e-57
43601,4.68596e-57
43602,4.67239e-57
43603,4.65737e-57
43604,4.6421e-57
43605,4.6274e-57
43606,4.61404e-57
43607,4.6003e-57
43608,4.58768e-57
43609,4.57341e-57
43610,4.55849e-57
43611,4.54606e-57
43612,4.53181e-57
43613,4.51905e-57
43614,4.50659e-57
43615,4.49344e-57
43616,4.47984e-57
43617,4.46526e-57
43618,4.45198e-57
43619,4.43786e-57
43620,4.42437e-57
43621,4.41086e-57
43622,4.39697e-57
43623,4.38414e-57
43624,4.36994e-57
43625,4.3555e-57
43626,4.3409e-57
43627,4.32927e-57
43628,4.31785e-57
43629,4.30466e-57
43630,4.29234e-57
43631,4.27907e-57
43632,4.26486e-57
43633,4.25095e-57
43634,4.23782e-57
43635,4.22405e-57
43636,4.2112e-57
43637,4.20017e-57
43638,4.18809e-57
43639,4.17492e-57
43640,4.16148e-57
43641,4.14952e-57
43642,4.13595e-57
43643,4.12304e-57
43644,4.11027e-57
43645,4.09888e-57
43646,4.08777e-57
43647,4.07637e-57
43648,4.06535e-57
43649,4.05303e-57
43650,4.04216e-57
43651,4.02969e-57
43652,4.01829e-57
43653,4.00543e-57
43654,3.99439e-57
43655,3.98338e-57
43656,3.97087e-57
43657,3.96005e-57
43658,3.94883e-57
43659,3.93614e-57
43660,3.92315e-57
43661,3.91065e-57
43662,3.89856e-57
43663,3.88581e-57
43664,3.8739e-57
43665,3.86302e-57
43666,3.85089e-57
43667,3.84036e-57
43668,3.82955e-57
43669,3.81891e-57
43670,3.80901e-57
43671,3.7987e-57
43672,3.78725e-57
43673,3.77744e-57
43674,3.76562e-57
43675,3.7549e-57
43676,3.74453e-57
43677,3.73468e-57
43678,3.72347e-57
43679,3.71267e-57
43680,3.70111e-57
43681,3.68934e-57
43682,3.67919e-57
43683,3.66947e-57
43684,3.65834e-57
43685,3.64772e-57
43686,3.63739e-57
43687,3.62664e-57
43688,3.61565e-57
43689,3.60438e-57
43690,3.5938e-57
43691,3.58309e-57
43692,3.57256e-57
43693,3.563e-57
43694,3.55268e-57
43695,3.54323e-57
43696,3.53309e-57
43697,3.5232e-57
43698,3.51338e-57
43699,3.50243e-57
43700,3.49181e-57
43701,3.48198e-57
43702,3.47066e-57
43703,3.46098e-57
43704,3.45128e-57
43705,3.44035e-57
43706,3.42985e-57
43707,3.41952e-57
43708,3.40836e-57
43709,3.39882e-57
43710,3.38998e-57
43711,3.37974e-57
43712,3.37082e-57
43713,3.3616e-57
43714,3.35116e-57
43715,3.34055e-57
43716,3.33019e-57
43717,3.32122e-57
43718,3.31194e-57
43719,3.30269e-57
43720,3.2922e-57
43721,3.2817e-57
43722,3.27103e-57
43723,3.26161e-57
43724,3.25109e-57
43725,3.24179e-57
43726,3.23233e-57
43727,3.22314e-57
43728,3.21334e-57
43729,3.20319e-57
43730,3.19452e-57
43731,3.1857e-57
43732,3.17724e-57
43733,3.16873e-57
43734,3.15945e-57
43735,3.15033e-57
43736,3.14215e-57
43737,3.13374e-57
43738,3.1256e-57
43739,3.11566e-57
43740,3.1066e-57
43741,3.09847e-57
43742,3.08919e-57
43743,3.0801e-57
43744,3.07152e-57
43745,3.06265e-57
43746,3.05415e-57
43747,3.04428e-57
43748,3.03501e-57
43749,3.02582e-57
43750,3.01738e-57
43751,3.00862e-57
43752,3e-57
43753,2.99193e-57
43754,2.98255e-57
43755,2.97409e-57
43756,2.96537e-57
43757,2.957e-57
43758,2.94795e-57
43759,2.93994e-57
43760,2.93209e-57
43761,2.9229e-57
43762,2.91435e-57
43763,2.90633e-57
43764,2.89879e-57
43765,2.88952e-57
43766,2.88056e-57
43767,2.87305e-57
43768,2.86538e-57
43769,2.85671e-57
43770,2.84727e-57
43771,2.83865e-57
43772,2.82979e-57
43773,2.82111e-57
43774,2.81369e-57
43775,2.80638e-57
43776,2.79896e-57
43777,2.79112e-57
43778,2.78204e-57
43779,2.77335e-57
43780,2.76421e-57
43781,2.75647e-57
43782,2.74903e-57
43783,2.74129e-57
43784,2.73342e-57
43785,2.7263e-57
43786,2.71808e-57
43787,2.70922e-57
43788,2.70144e-57
43789,2.69373e-57
43790,2.68655e-57
43791,2.67874e-57
43792,2.67135e-57
43793,2.66343e-57
43794,2.65515e-57
43795,2.64776e-57
43796,2.63993e-57
43797,2.63233e-57
43798,2.62498e-57
43799,2.61698e-57
43800,2.61001e-57
43801,2.60279e-57
43802,2.59562e-57
43803,2.58746e-57
43804,2.57895e-57
43805,2.57164e-57
43806,2.56347e-57
43807,2.55678e-57
43808,2.54912e-57
43809,2.54095e-57
43810,2.53296e-57
43811,2.52526e-57
43812,2.51848e-57
43813,2.51051e-57
43814,2.50219e-57
43815,2.49461e-57
43816,2.48647e-57
43817,2.47878e-57
43818,2.47146e-57
43819,2.46455e-57
43820,2.4581e-57
43821,2.45081e-57
43822,2.44307e-57
43823,2.4362e-57
43824,2.42961e-57
43825,2.42247e-57
43826,2.41524e-57
43827,2.40772e-57
43828,2.39977e-57
43829,2.39192e-57
43830,2.38492e-57
43831,2.37864e-57
43832,2.37226e-57
43833,2.36507e-57
43834,2.35739e-57
43835,2.35113e-57
43836,2.34504e-57
43837,2.33784e-57
43838,2.33158e-57
43839,2.32455e-57
43840,2.31746e-57
43841,2.31002e-57
43842,2.30356e-57
43843,2.2964e-57
43844,2.28916e-57
43845,2.28284e-57
43846,2.27642e-57
43847,2.26948e-57
43848,2.26213e-57
43849,2.25482e-57
43850,2.24725e-57
43851,2.23975e-57
43852,2.23316e-57
43853,2.22613e-57
43854,2.21998e-57
43855,2.21332e-57
43856,2.20705e-57
43857,2.20014e-57
43858,2.19384e-57
43859,2.18771e-57
43860,2.18107e-57
43861,2.17416e-57
43862,2.16792e-57
43863,2.16108e-57
43864,2.15468e-57
43865,2.14867e-57
43866,2.14179e-57
43867,2.13542e-57
43868,2.1298e-57
43869,2.12422e-57
43870,2.1185e-57
43871,2.11205e-57
43872,2.10518e-57
43873,2.09901e-57
43874,2.09286e-57
43875,2.08645e-57
43876,2.08001e-57
43877,2.07335e-57
43878,2.0674e-57
43879,2.06125e-57
43880,2.05493e-57
43881,2.04907e-57
43882,2.04306e-57
43883,2.03761e-57
43884,2.03213e-57
43885,2.0259e-57
43886,2.01955e-57
43887,2.01355e-57
43888,2.00756e-57
43889,2.00221e-57
43890,1.99598e-57
43891,1.9905e-57
43892,1.98414e-57
43893,1.97872e-57
43894,1.97354e-57
43895,1.96791e-57
43896,1.96218e-57
43897,1.95578e-57
43898,1.94929e-57
43899,1.9434e-57
43900,1.93834e-57
43901,1.93321e-57
43902,1.92789e-57
43903,1.92171e-57
43904,1.91592e-57
43905,1.90992e-57
43906,1.9041e-57
43907,1.89885e-57
43908,1.8932e-57
43909,1.88696e-57
43910,1.88089e-57
43911,1.87565e-57
43912,1.87034e-57
43913,1.86511e-57
43914,1.85982e-57
43915,1.85434e-57
43916,1.84947e-57
43917,1.84455e-57
43918,1.83972e-57
43919,1.83428e-57
43920,1.82922e-57
43921,1.82343e-57
43922,1.81759e-57
43923,1.81265e-57
43924,1.80789e-57
43925,1.80223e-57
43926,1.79676e-57
43927,1.79141e-57
43928,1.7857e-57
43929,1.78036e-57
43930,1.77564e-57
43931,1.77007e-57
43932,1.76465e-57
43933,1.75962e-57
43934,1.7541e-57
43935,1.74932e-57
43936,1.74466e-57
43937,1.73968e-57
43938,1.73467e-57
43939,1.72934e-57
43940,1.72433e-57
43941,1.7196e-57
43942,1.71405e-57
43943,1.70858e-57
43944,1.70345e-57
43945,1.69862e-57
43946,1.69386e-57
43947,1.6888e-57
43948,1.68385e-57
43949,1.67906e-57
43950,1.6745e-57
43951,1.66938e-57
43952,1.66477e-57
43953,1.66045e-57
43954,1.65523e-57
43955,1.65056e-57
43956,1.64532e-57
43957,1.64044e-57
43958,1.6352e-57
43959,1.63008e-57
43960,1.62582e-57
43961,1.62065e-57
43962,1.61575e-57
43963,1.61078e-57
43964,1.60625e-57
43965,1.60168e-57
43966,1.59659e-57
43967,1.59194e-57
43968,1.58693e-57
43969,1.58247e-57
43970,1.57822e-57
43971,1.57392e-57
43972,1.5693e-57
43973,1.56511e-57
43974,1.56106e-57
43975,1.55695e-57
43976,1.55246e-57
43977,1.54809e-57
43978,1.54338e-57
43979,1.53833e-57
43980,1.5335e-57
43981,1.52852e-57
43982,1.52377e-57
43983,1.51876e-57
43984,1.51376e-57
43985,1.50917e-57
43986,1.50499e-57
43987,1.50033e-57
43988,1.49637e-57
43989,1.4924e-57
43990,1.48808e-57
43991,1.48412e-57
43992,1.48023e-57
43993,1.47634e-57
43994,1.47179e-57
43995,1.46759e-57
43996,1.46334e-57
43997,1.45889e-57
43998,1.45427e-57
43999,1.45022e-57
44000,1.44555e-57
44001,1.44075e-57
44002,1.43647e-57
44003,1.43226e-57
44004,1.42849e-57
44005,1.42435e-57
44006,1.4201e-57
44007,1.41589e-57
44008,1.4114e-57
44009,1.40748e-57
44010,1.40339e-57
44011,1.39925e-57
44012,1.3955e-57
44013,1.39176e-57
44014,1.38774e-57
44015,1.38412e-57
44016,1.37992e-57
44017,1.37563e-57
44018,1.37124e-57
44019,1.36687e-57
44020,1.36246e-57
44021,1.35862e-57
44022,1.35428e-57
44023,1.34986e-57
44024,1.34597e-57
44025,1.34186e-57
44026,1.33813e-57
44027,1.33393e-57
44028,1.33015e-57
44029,1.32665e-57
44030,1.32315e-57
44031,1.31948e-57
44032,1.31606e-57
44033,1.31219e-57
44034,1.30807e-57
44035,1.30462e-57
44036,1.30118e-57
44037,1.29753e-57
44038,1.29364e-57
44039,1.28946e-57
44040,1.28552e-57
44041,1.28211e-57
44042,1.27844e-57
44043,1.27449e-57
44044,1.27097e-57
44045,1.26692e-57
44046,1.2629e-57
44047,1.25871e-57
44048,1.25482e-57
44049,1.25103e-57
44050,1.24713e-57
44051,1.24346e-57
44052,1.23947e-57
44053,1.23565e-57
44054,1.23212e-57
44055,1.22872e-57
44056,1.22528e-57
44057,1.22159e-57
44058,1.21835e-57
44059,1.21469e-57
44060,1.21094e-57
44061,1.20764e-57
44062,1.20377e-57
44063,1.20001e-57
44064,1.19621e-57
44065,1.19246e-57
44066,1.18867e-57
44067,1.18483e-57
44068,1.18169e-57
44069,1.17834e-57
44070,1.17469e-57
44071,1.17105e-57
44072,1.16761e-57
44073,1.16443e-57
44074,1.16109e-57
44075,1.15753e-57
44076,1.15443e-57
44077,1.1513e-57
44078,1.14783e-57
44079,1.14423e-57
44080,1.1406e-57
44081,1.1373e-57
44082,1.13417e-57
44083,1.13074e-57
44084,1.12778e-57
44085,1.12444e-57
44086,1.12078e-57
44087,1.11756e-57
44088,1.11449e-57
44089,1.11159e-57
44090,1.10869e-57
44091,1.10519e-57
44092,1.10215e-57
44093,1.09858e-57
44094,1.0952e-57
44095,1.09157e-57
44096,1.08813e-57
44097,1.08497e-57
44098,1.08153e-57
44099,1.07808e-57
44100,1.07463e-57
44101,1.07135e-57
44102,1.0682e-57
44103,1.06523e-57
44104,1.0619e-57
44105,1.05843e-57
44106,1.05487e-57
44107,1.05136e-57
44108,1.04855e-57
44109,1.04539e-57
44110,1.04218e-57
44111,1.03879e-57
44112,1.03605e-57
44113,1.03277e-57
44114,1.02966e-57
44115,1.02691e-57
44116,1.02392e-57
44117,1.02091e-57
44118,1.01792e-57
44119,1.01475e-57
44120,1.01173e-57
44121,1.00873e-57
44122,1.00563e-57
44123,1.00248e-57
44124,9.99505e-58
44125,9.96698e-58
44126,9.93626e-58
44127,9.90893e-58
44128,9.87852e-58
44129,9.84875e-58
44130,9.82317e-58
44131,9.79445e-58
44132,9.76782e-58
44133,9.73941e-58
44134,9.70861e-58
44135,9.6835e-58
44136,9.65602e-58
44137,9.62568e-58
44138,9.59405e-58
44139,9.56533e-58
44140,9.53733e-58
44141,9.50856e-58
44142,9.48115e-58
44143,9.45306e-58
44144,9.42505e-58
44145,9.39416e-58
44146,9.36492e-58
44147,9.34037e-58
44148,9.31346e-58
44149,9.28829e-58
44150,9.25948e-58
44151,9.22867e-58
44152,9.19963e-58
44153,9.17256e-58
44154,9.14403e-58
44155,9.11891e-58
44156,9.0906e-58
44157,9.06383e-58
44158,9.03757e-58
44159,9.01092e-58
44160,8.98721e-58
44161,8.96138e-58
44162,8.93779e-58
44163,8.91323e-58
44164,8.88458e-58
44165,8.85548e-58
44166,8.83076e-58
44167,8.80579e-58
44168,8.77876e-58
44169,8.75482e-58
44170,8.72715e-58
44171,8.70331e-58
44172,8.6762e-58
44173,8.65188e-58
44174,8.62521e-58
44175,8.60074e-58
44176,8.57694e-58
44177,8.55243e-58
44178,8.52804e-58
44179,8.50167e-58
44180,8.47603e-58
44181,8.45297e-58
44182,8.42704e-58
44183,8.4035e-58
44184,8.37804e-58
44185,8.35344e-58
44186,8.32889e-58
44187,8.30471e-58
44188,8.27765e-58
44189,8.25014e-58
44190,8.22239e-58
44191,8.20091e-58
44192,8.17764e-58
44193,8.15625e-58
44194,8.13367e-58
44195,8.1107e-58
44196,8.08457e-58
44197,8.06021e-58
44198,8.03515e-58
44199,8.01045e-58
44200,7.98533e-58
44201,7.96105e-58
44202,7.93554e-58
44203,7.91164e-58
44204,7.88605e-58
44205,7.86205e-58
44206,7.83658e-58
44207,7.81531e-58
44208,7.7951e-58
44209,7.77356e-58
44210,7.7488e-58
44211,7.72531e-58
44212,7.70266e-58
44213,7.67926e-58
44214,7.65454e-58
44215,7.63393e-58
44216,7.61356e-58
44217,7.59207e-58
44218,7.5694e-58
44219,7.54931e-58
44220,7.52828e-58
44221,7.50596e-58
44222,7.48585e-58
44223,7.46304e-58
44224,7.44041e-58
44225,7.41887e-58
44226,7.39929e-58
44227,7.37756e-58
44228,7.3534e-58
44229,7.32975e-58
44230,7.30961e-58
44231,7.28721e-58
44232,7.26619e-58
44233,7.2471e-58
44234,7.22707e-58
44235,7.20692e-58
44236,7.18515e-58
44237,7.16563e-58
44238,7.1449e-58
44239,7.12319e-58
44240,7.10234e-58
44241,7.08209e-58
44242,7.06263e-58
44243,7.03997e-58
44244,7.02164e-58
44245,7.00302e-58
44246,6.98453e-58
44247,6.96579e-58
44248,6.94565e-58
44249,6.92443e-58
44250,6.90524e-58
44251,6.88376e-58
44252,6.86469e-58
44253,6.84518e-58
44254,6.82511e-58
44255,6.80333e-58
44256,6.78151e-58
44257,6.76091e-58
44258,6.74138e-58
44259,6.72024e-58
44260,6.7009e-58
44261,6.68067e-58
44262,6.66088e-58
44263,6.63988e-58
44264,6.61926e-58
44265,6.59817e-58
44266,6.58059e-58
44267,6.56214e-58
44268,6.54082e-58
44269,6.52097e-58
44270,6.49939e-58
44271,6.48022e-58
44272,6.45909e-58
44273,6.44122e-58
44274,6.42283e-58
44275,6.40191e-58
44276,6.38368e-58
44277,6.36502e-58
44278,6.34796e-58
44279,6.32823e-58
44280,6.31105e-58
44281,6.29314e-58
44282,6.27428e-58
44283,6.25615e-58
44284,6.23662e-58
44285,6.21996e-58
44286,6.20275e-58
44287,6.18429e-58
44288,6.16521e-58
44289,6.14606e-58
44290,6.12842e-58
44291,6.1122e-58
44292,6.09511e-58
44293,6.07566e-58
44294,6.05582e-58
44295,6.04006e-58
44296,6.02177e-58
44297,6.00186e-58
44298,5.98462e-58
44299,5.96626e-58
44300,5.94834e-58
44301,5.93144e-58
44302,5.91545e-58
44303,5.89816e-58
44304,5.88048e-58
44305,5.86288e-58
44306,5.84559e-58
44307,5.82666e-58
44308,5.81132e-58
44309,5.79394e-58
44310,5.7759e-58
44311,5.75995e-58
44312,5.74494e-58
44313,5.72886e-58
44314,5.71151e-58
44315,5.69341e-58
44316,5.67671e-58
44317,5.65826e-58
44318,5.64189e-58
44319,5.62669e-58
44320,5.60979e-58
44321,5.59215e-58
44322,5.57664e-58
44323,5.55859e-58
44324,5.54128e-58
44325,5.52638e-58
44326,5.51209e-58
44327,5.4965e-58
44328,5.48181e-58
44329,5.46636e-58
44330,5.45189e-58
44331,5.43537e-58
44332,5.41848e-58
44333,5.40345e-58
44334,5.38867e-58
44335,5.37366e-58
44336,5.35682e-58
44337,5.34003e-58
44338,5.32531e-58
44339,5.30842e-58
44340,5.2932e-58
44341,5.276e-58
44342,5.26186e-58
44343,5.2469e-58
44344,5.23223e-58
44345,5.21597e-58
44346,5.20168e-58
44347,5.18562e-58
44348,5.16942e-58
44349,5.15373e-58
44350,5.13694e-58
44351,5.12215e-58
44352,5.10757e-58
44353,5.09377e-58
44354,5.07943e-58
44355,5.0661e-58
44356,5.05202e-58
44357,5.03775e-58
44358,5.02319e-58
44359,5.00868e-58
44360,4.99323e-58
44361,4.97831e-58
44362,4.96494e-58
44363,4.95071e-58
44364,4.9352e-58
44365,4.92109e-58
44366,4.90586e-58
44367,4.89092e-58
44368,4.87794e-58
44369,4.86231e-58
44370,4.84786e-58
44371,4.83372e-58
44372,4.81805e-58
44373,4.80325e-58
44374,4.78777e-58
44375,4.77448e-58
44376,4.76084e-58
44377,4.7483e-58
44378,4.73599e-58
44379,4.72335e-58
44380,4.7091e-58
44381,4.69375e-58
44382,4.67974e-58
44383,4.66747e-58
44384,4.6551e-58
44385,4.6405e-58
44386,4.62813e-58
44387,4.61494e-58
44388,4.6023e-58
44389,4.58871e-58
44390,4.57409e-58
44391,4.55896e-58
44392,4.5468e-58
44393,4.53217e-58
44394,4.51911e-58
44395,4.50462e-58
44396,4.49175e-58
44397,4.47975e-58
44398,4.46668e-58
44399,4.45373e-58
44400,4.44192e-58
44401,4.43037e-58
44402,4.4164e-58
44403,4.40487e-58
44404,4.39169e-58
44405,4.37789e-58
44406,4.36565e-58
44407,4.35419e-58
44408,4.34061e-58
44409,4.32845e-58
44410,4.3167e-58
44411,4.30408e-58
44412,4.29228e-58
44413,4.2792e-58
44414,4.26635e-58
44415,4.25432e-58
44416,4.24168e-58
44417,4.22866e-58
44418,4.21543e-58
44419,4.20202e-58
44420,4.19039e-58
44421,4.17792e-58
44422,4.16491e-58
44423,4.15309e-58
44424,4.14072e-58
44425,4.12965e-58
44426,4.11834e-58
44427,4.10518e-58
44428,4.09379e-58
44429,4.08113e-58
44430,4.06944e-58
44431,4.05797e-58
44432,4.04532e-58
44433,4.03399e-58
44434,4.02256e-58
44435,4.01096e-58
44436,4.00042e-58
44437,3.98843e-58
44438,3.97671e-58
44439,3.96387e-58
44440,3.95074e-58
44441,3.93836e-58
44442,3.9269e-58
44443,3.91631e-58
44444,3.9052e-58
44445,3.89509e-58
44446,3.88385e-58
44447,3.87123e-58
44448,3.85916e-58
44449,3.84854e-58
44450,3.83667e-58
44451,3.82414e-58
44452,3.81183e-58
44453,3.80052e-58
44454,3.78999e-58
44455,3.77922e-58
44456,3.76786e-58
44457,3.75676e-58
44458,3.74621e-58
44459,3.73435e-58
44460,3.72395e-58
44461,3.71261e-58
44462,3.70246e-58
44463,3.69278e-58
44464,3.68097e-58
44465,3.66983e-58
44466,3.65905e-58
44467,3.64949e-58
44468,3.63954e-58
44469,3.62781e-58
44470,3.61576e-58
44471,3.60594e-58
44472,3.59506e-58
44473,3.58477e-58
44474,3.57471e-58
44475,3.56534e-58
44476,3.55526e-58
44477,3.54412e-58
44478,3.53493e-58
44479,3.52564e-58
44480,3.51645e-58
44481,3.50568e-58
44482,3.49407e-58
44483,3.48271e-58
44484,3.473e-58
44485,3.46345e-58
44486,3.45398e-58
44487,3.44307e-58
44488,3.43221e-58
44489,3.42194e-58
44490,3.41129e-58
44491,3.40244e-58
44492,3.39317e-58
44493,3.38232e-58
44494,3.37342e-58
44495,3.36427e-58
44496,3.35446e-58
44497,3.34451e-58
44498,3.3353e-58
44499,3.32505e-58
44500,3.31519e-58
44501,3.30617e-58
44502,3.29569e-58
44503,3.28671e-58
44504,3.27699e-58
44505,3.26801e-58
44506,3.25906e-58
44507,3.24859e-58
44508,3.24012e-58
44509,3.23125e-58
44510,3.22285e-58
44511,3.2144e-58
44512,3.20607e-58
44513,3.19776e-58
44514,3.18771e-58
44515,3.17883e-58
44516,3.17007e-58
44517,3.16162e-58
44518,3.15317e-58
44519,3.145e-58
44520,3.13558e-58
44521,3.12551e-58
44522,3.11739e-58
44523,3.10761e-58
44524,3.09769e-58
44525,3.0895e-58
44526,3.08135e-58
44527,3.07277e-58
44528,3.06356e-58
44529,3.05492e-58
44530,3.04692e-58
44531,3.03879e-58
44532,3.02994e-58
44533,3.0201e-58
44534,3.01156e-58
44535,3.0036e-58
44536,2.99553e-58
44537,2.98673e-58
44538,2.97893e-58
44539,2.97087e-58
44540,2.96167e-58
44541,2.95389e-58
44542,2.94579e-58
44543,2.93663e-58
44544,2.92889e-58
44545,2.92105e-58
44546,2.91338e-58
44547,2.90526e-58
44548,2.89724e-58
44549,2.88936e-58
44550,2.88128e-58
44551,2.87205e-58
44552,2.86447e-58
44553,2.85643e-58
44554,2.84751e-58
44555,2.83827e-58
44556,2.83001e-58
44557,2.82094e-58
44558,2.81323e-58
44559,2.80589e-58
44560,2.79827e-58
44561,2.7906e-58
44562,2.78307e-58
44563,2.77459e-58
44564,2.76704e-58
44565,2.75901e-58
44566,2.75035e-58
44567,2.74252e-58
44568,2.73537e-58
44569,2.72688e-58
44570,2.71874e-58
44571,2.71012e-58
44572,2.70128e-58
44573,2.69264e-58
44574,2.68441e-58
44575,2.6756e-58
44576,2.66672e-58
44577,2.6584e-58
44578,2.65098e-58
44579,2.64379e-58
44580,2.63546e-58
44581,2.62745e-58
44582,2.62044e-58
44583,2.61209e-58
44584,2.60345e-58
44585,2.59484e-58
44586,2.58645e-58
44587,2.57903e-58
44588,2.57096e-58
44589,2.5643e-58
44590,2.55703e-58
44591,2.54868e-58
44592,2.54161e-58
44593,2.53407e-58
44594,2.52623e-58
44595,2.5189e-58
44596,2.51229e-58
44597,2.50499e-58
44598,2.49716e-58
44599,2.49055e-58
44600,2.48357e-58
44601,2.47664e-58
44602,2.46874e-58
44603,2.46193e-58
44604,2.45542e-58
44605,2.44827e-58
44606,2.44164e-58
44607,2.4353e-58
44608,2.42873e-58
44609,2.42174e-58
44610,2.41514e-58
44611,2.40881e-58
44612,2.40251e-58
44613,2.39582e-58
44614,2.38804e-58
44615,2.38002e-58
44616,2.37344e-58
44617,2.36603e-58
44618,2.35929e-58
44619,2.35316e-58
44620,2.34589e-58
44621,2.33851e-58
44622,2.33244e-58
44623,2.32633e-58
44624,2.31985e-58
44625,2.31272e-58
44626,2.30592e-58
44627,2.29935e-58
44628,2.29303e-58
44629,2.28672e-58
44630,2.28013e-58
44631,2.27332e-58
44632,2.26653e-58
44633,2.2601e-58
44634,2.25302e-58
44635,2.2461e-58
44636,2.23887e-58
44637,2.23139e-58
44638,2.22444e-58
44639,2.21861e-58
44640,2.21228e-58
44641,2.20525e-58
44642,2.19939e-58
44643,2.19304e-58
44644,2.1871e-58
44645,2.18131e-58
44646,2.17504e-58
44647,2.16882e-58
44648,2.16187e-58
44649,2.15494e-58
44650,2.14869e-58
44651,2.14206e-58
44652,2.13564e-58
44653,2.12947e-58
44654,2.12283e-58
44655,2.11595e-58
44656,2.11022e-58
44657,2.10443e-58
44658,2.09865e-58
44659,2.09268e-58
44660,2.08656e-58
44661,2.08014e-58
44662,2.07328e-58
44663,2.06783e-58
44664,2.06243e-58
44665,2.05609e-58
44666,2.04973e-58
44667,2.04305e-58
44668,2.03656e-58
44669,2.03075e-58
44670,2.02418e-58
44671,2.01866e-58
44672,2.01316e-58
44673,2.0079e-58
44674,2.00189e-58
44675,1.99616e-58
44676,1.99081e-58
44677,1.98552e-58
44678,1.9794e-58
44679,1.97424e-58
44680,1.968e-58
44681,1.96263e-58
44682,1.9566e-58
44683,1.95085e-58
44684,1.94497e-58
44685,1.93922e-58
44686,1.93372e-58
44687,1.92772e-58
44688,1.92166e-58
44689,1.91582e-58
44690,1.91066e-58
44691,1.90541e-58
44692,1.90011e-58
44693,1.89505e-58
44694,1.88979e-58
44695,1.88448e-58
44696,1.87847e-58
44697,1.8722e-58
44698,1.86699e-58
44699,1.86136e-58
44700,1.85609e-58
44701,1.85106e-58
44702,1.84528e-58
44703,1.83975e-58
44704,1.8347e-58
44705,1.82937e-58
44706,1.82346e-58
44707,1.81824e-58
44708,1.8128e-58
44709,1.80719e-58
44710,1.802e-58
44711,1.79671e-58
44712,1.79094e-58
44713,1.78612e-58
44714,1.78037e-58
44715,1.77509e-58
44716,1.76969e-58
44717,1.76468e-58
44718,1.75981e-58
44719,1.7548e-58
44720,1.74915e-58
44721,1.74408e-58
44722,1.73879e-58
44723,1.73402e-58
44724,1.72894e-58
44725,1.72333e-58
44726,1.71813e-58
44727,1.71317e-58
44728,1.70765e-58
44729,1.70218e-58
44730,1.6977e-58
44731,1.69304e-58
44732,1.68757e-58
44733,1.68204e-58
44734,1.67665e-58
44735,1.67205e-58
44736,1.66732e-58
44737,1.6622e-58
44738,1.65721e-58
44739,1.65178e-58
44740,1.64697e-58
44741,1.64162e-58
44742,1.63677e-58
44743,1.63219e-58
44744,1.62788e-58
44745,1.62321e-58
44746,1.61812e-58
44747,1.61306e-58
44748,1.60795e-58
44749,1.60373e-58
44750,1.59947e-58
44751,1.59461e-58
44752,1.58996e-58
44753,1.58501e-58
44754,1.57982e-58
44755,1.57452e-58
44756,1.56959e-58
44757,1.56497e-58
44758,1.56049e-58
44759,1.55582e-58
44760,1.55149e-58
44761,1.54701e-58
44762,1.5421e-58
44763,1.53782e-58
44764,1.53349e-58
44765,1.52888e-58
44766,1.52442e-58
44767,1.51972e-58
44768,1.51541e-58
44769,1.51147e-58
44770,1.50694e-58
44771,1.50222e-58
44772,1.49725e-58
44773,1.49322e-58
44774,1.4893e-58
44775,1.48541e-58
44776,1.48103e-58
44777,1.47631e-58
44778,1.47163e-58
44779,1.46743e-58
44780,1.46273e-58
44781,1.45797e-58
44782,1.45414e-58
44783,1.45005e-58
44784,1.4457e-58
44785,1.44094e-58
44786,1.43683e-58
44787,1.43283e-58
44788,1.42869e-58
44789,1.42428e-58
44790,1.41967e-58
44791,1.4152e-58
44792,1.41134e-58
44793,1.40703e-58
44794,1.40239e-58
44795,1.39819e-58
44796,1.39423e-58
44797,1.39021e-58
44798,1.3864e-58
44799,1.38219e-58
44800,1.37817e-58
44801,1.37375e-58
44802,1.36974e-58
44803,1.36581e-58
44804,1.36225e-58
44805,1.35831e-58
44806,1.35438e-58
44807,1.35032e-58
44808,1.34649e-58
44809,1.34283e-58
44810,1.33852e-58
44811,1.33481e-58
44812,1.3313e-58
44813,1.32702e-58
44814,1.32296e-58
44815,1.31889e-58
44816,1.31453e-58
44817,1.31015e-58
44818,1.30575e-58
44819,1.30193e-58
44820,1.29795e-58
44821,1.29379e-58
44822,1.29031e-58
44823,1.28627e-58
44824,1.2824e-58
44825,1.27898e-58
44826,1.27537e-58
44827,1.2713e-58
44828,1.26749e-58
44829,1.26367e-58
44830,1.25988e-58
44831,1.25573e-58
44832,1.252e-58
44833,1.24876e-58
44834,1.24523e-58
44835,1.24158e-58
44836,1.23794e-58
44837,1.23402e-58
44838,1.23074e-58
44839,1.2269e-58
44840,1.22371e-58
44841,1.22051e-58
44842,1.21729e-58
44843,1.21408e-58
44844,1.2109e-58
44845,1.20725e-58
44846,1.20347e-58
44847,1.20035e-58
44848,1.19678e-58
44849,1.19307e-58
44850,1.18961e-58
44851,1.18629e-58
44852,1.18277e-58
44853,1.17924e-58
44854,1.17608e-58
44855,1.17295e-58
44856,1.16941e-58
44857,1.16597e-58
44858,1.16294e-58
44859,1.15978e-58
44860,1.15672e-58
44861,1.15329e-58
44862,1.15016e-58
44863,1.14676e-58
44864,1.14331e-58
44865,1.13989e-58
44866,1.13688e-58
44867,1.13388e-58
44868,1.13068e-58
44869,1.12762e-58
44870,1.12403e-58
44871,1.12079e-58
44872,1.11772e-58
44873,1.1141e-58
44874,1.1108e-58
44875,1.10773e-58
44876,1.10437e-58
44877,1.10132e-58
44878,1.09829e-58
44879,1.09523e-58
44880,1.0917e-58
44881,1.0883e-58
44882,1.08502e-58
44883,1.0818e-58
44884,1.07882e-58
44885,1.07552e-58
44886,1.07224e-58
44887,1.06875e-58
44888,1.06582e-58
44889,1.06261e-58
44890,1.05977e-58
44891,1.05683e-58
44892,1.05394e-58
44893,1.05101e-58
44894,1.04769e-58
44895,1.04433e-58
44896,1.04094e-58
44897,1.0375e-58
44898,1.03407e-58
44899,1.03121e-58
44900,1.02848e-58
44901,1.02528e-58
44902,1.02216e-58
44903,1.01928e-58
44904,1.01609e-58
44905,1.01338e-58
44906,1.01039e-58
44907,1.00744e-58
44908,1.0046e-58
44909,1.00144e-58
44910,9.98277e-59
44911,9.95477e-59
44912,9.92564e-59
44913,9.89761e-59
44914,9.86662e-59
44915,9.8356e-59
44916,9.80982e-59
44917,9.78176e-59
44918,9.75209e-59
44919,9.7251e-59
44920,9.69945e-59
44921,9.66968e-59
44922,9.64086e-59
44923,9.61382e-59
44924,9.5886e-59
44925,9.56145e-59
44926,9.53592e-59
44927,9.50574e-59
44928,9.47889e-59
44929,9.45422e-59
44930,9.42901e-59
44931,9.40215e-59
44932,9.37245e-59
44933,9.34291e-59
44934,9.31364e-59
44935,9.28509e-59
44936,9.25532e-59
44937,9.22934e-59
44938,9.2048e-59
44939,9.17997e-59
44940,9.15557e-59
44941,9.12683e-59
44942,9.10008e-59
44943,9.07262e-59
44944,9.04783e-59
44945,9.02289e-59
44946,8.99745e-59
44947,8.97269e-59
44948,8.94539e-59
44949,8.91572e-59
44950,8.88918e-59
44951,8.86133e-59
44952,8.83336e-59
44953,8.81035e-59
44954,8.78719e-59
44955,8.75997e-59
44956,8.73465e-59
44957,8.71091e-59
44958,8.68435e-59
44959,8.65731e-59
44960,8.63358e-59
44961,8.6065e-59
44962,8.58342e-59
44963,8.56099e-59
44964,8.53574e-59
44965,8.50855e-59
44966,8.48214e-59
44967,8.45757e-59
44968,8.43492e-59
44969,8.40887e-59
44970,8.38346e-59
44971,8.36034e-59
44972,8.33515e-59
44973,8.31333e-59
44974,8.28742e-59
44975,8.26075e-59
44976,8.23749e-59
44977,8.2151e-59
44978,8.19339e-59
44979,8.16707e-59
44980,8.14475e-59
44981,8.12062e-59
44982,8.0953e-59
44983,8.06863e-59
44984,8.04398e-59
44985,8.01837e-59
44986,7.99303e-59
44987,7.96629e-59
44988,7.93931e-59
44989,7.91581e-59
44990,7.89131e-59
44991,7.86971e-59
44992,7.84785e-59
44993,7.82315e-59
44994,7.8015e-59
44995,7.77683e-59
44996,7.75268e-59
44997,7.72735e-59
44998,7.70567e-59
44999,7.68152e-59
45000,7.65767e-59
45001,7.63293e-59
45002,7.61292e-59
45003,7.59163e-59
45004,7.5674e-59
45005,7.54268e-59
45006,7.52215e-59
45007,7.50172e-59
45008,7.48193e-59
45009,7.46137e-59
45010,7.44119e-59
45011,7.42065e-59
45012,7.39741e-59
45013,7.37314e-59
45014,7.35285e-59
45015,7.33182e-59
45016,7.30916e-59
45017,7.28507e-59
45018,7.26385e-59
45019,7.24137e-59
45020,7.22042e-59
45021,7.20111e-59
45022,7.17821e-59
45023,7.15581e-59
45024,7.13213e-59
45025,7.11276e-59
45026,7.09176e-59
45027,7.07017e-59
45028,7.05151e-59
45029,7.02953e-59
45030,7.00895e-59
45031,6.98709e-59
45032,6.96537e-59
45033,6.94477e-59
45034,6.92637e-59
45035,6.90582e-59
45036,6.88608e-59
45037,6.86706e-59
45038,6.8457e-59
45039,6.82566e-59
45040,6.80557e-59
45041,6.78332e-59
45042,6.76194e-59
45043,6.74278e-59
45044,6.72128e-59
45045,6.69913e-59
45046,6.67789e-59
45047,6.65749e-59
45048,6.63597e-59
45049,6.61805e-59
45050,6.59948e-59
45051,6.58112e-59
45052,6.56292e-59
45053,6.5448e-59
45054,6.5236e-59
45055,6.50556e-59
45056,6.48692e-59
45057,6.46771e-59
45058,6.44698e-59
45059,6.42788e-59
45060,6.40953e-59
45061,6.39153e-59
45062,6.37395e-59
45063,6.35716e-59
45064,6.33744e-59
45065,6.3195e-59
45066,6.30029e-59
45067,6.28311e-59
45068,6.26447e-59
45069,6.24625e-59
45070,6.22727e-59
45071,6.21078e-59
45072,6.19309e-59
45073,6.17553e-59
45074,6.15784e-59
45075,6.14067e-59
45076,6.1236e-59
45077,6.10718e-59
45078,6.08783e-59
45079,6.07132e-59
45080,6.05449e-59
45081,6.03786e-59
45082,6.02045e-59
45083,6.0026e-59
45084,5.98494e-59
45085,5.96764e-59
45086,5.949e-59
45087,5.92953e-59
45088,5.90968e-59
45089,5.89136e-59
45090,5.87436e-59
45091,5.85776e-59
45092,5.83881e-59
45093,5.82081e-59
45094,5.80397e-59
45095,5.78586e-59
45096,5.76672e-59
45097,5.75147e-59
45098,5.7331e-59
45099,5.71589e-59
45100,5.69896e-59
45101,5.68179e-59
45102,5.66454e-59
45103,5.64606e-59
45104,5.62721e-59
45105,5.61255e-59
45106,5.59726e-59
45107,5.58189e-59
45108,5.56686e-59
45109,5.55203e-59
45110,5.53624e-59
45111,5.52025e-59
45112,5.5046e-59
45113,5.4872e-59
45114,5.4689e-59
45115,5.45103e-59
45116,5.43576e-59
45117,5.41895e-59
45118,5.40187e-59
45119,5.38691e-59
45120,5.37159e-59
45121,5.35711e-59
45122,5.34124e-59
45123,5.32613e-59
45124,5.30949e-59
45125,5.29181e-59
45126,5.27768e-59
45127,5.26148e-59
45128,5.24764e-59
45129,5.23388e-59
45130,5.21938e-59
45131,5.20389e-59
45132,5.188e-59
45133,5.17115e-59
45134,5.15576e-59
45135,5.14018e-59
45136,5.12344e-59
45137,5.10733e-59
45138,5.09085e-59
45139,5.07736e-59
45140,5.06156e-59
45141,5.04754e-59
45142,5.03274e-59
45143,5.01909e-59
45144,5.00581e-59
45145,4.99127e-59
45146,4.97828e-59
45147,4.96429e-59
45148,4.95061e-59
45149,4.93525e-59
45150,4.92031e-59
45151,4.90531e-59
45152,4.88928e-59
45153,4.87598e-59
45154,4.86028e-59
45155,4.84501e-59
45156,4.8319e-59
45157,4.81919e-59
45158,4.8053e-59
45159,4.79216e-59
45160,4.77939e-59
45161,4.76472e-59
45162,4.74965e-59
45163,4.7346e-59
45164,4.72e-59
45165,4.70682e-59
45166,4.69347e-59
45167,4.6795e-59
45168,4.66411e-59
45169,4.65125e-59
45170,4.63721e-59
45171,4.62252e-59
45172,4.60895e-59
45173,4.59649e-59
45174,4.58169e-59
45175,4.56792e-59
45176,4.55393e-59
45177,4.53882e-59
45178,4.52385e-59
45179,4.50891e-59
45180,4.49449e-59
45181,4.4812e-59
45182,4.46792e-59
45183,4.45414e-59
45184,4.44049e-59
45185,4.42738e-59
45186,4.41463e-59
45187,4.40077e-59
45188,4.38753e-59
45189,4.37341e-59
45190,4.36207e-59
45191,4.34896e-59
45192,4.33575e-59
45193,4.32206e-59
45194,4.30944e-59
45195,4.29748e-59
45196,4.28621e-59
45197,4.27294e-59
45198,4.25922e-59
45199,4.24811e-59
45200,4.23706e-59
45201,4.22482e-59
45202,4.21146e-59
45203,4.19906e-59
45204,4.18629e-59
45205,4.17301e-59
45206,4.16219e-59
45207,4.15065e-59
45208,4.13772e-59
45209,4.12425e-59
45210,4.11294e-59
45211,4.10079e-59
45212,4.0891e-59
45213,4.07649e-59
45214,4.06519e-59
45215,4.05463e-59
45216,4.04359e-59
45217,4.0314e-59
45218,4.0186e-59
45219,4.00584e-59
45220,3.99388e-59
45221,3.98122e-59
45222,3.96958e-59
45223,3.95891e-59
45224,3.94717e-59
45225,3.93449e-59
45226,3.92307e-59
45227,3.91119e-59
45228,3.89914e-59
45229,3.88835e-59
45230,3.87659e-59
45231,3.86461e-59
45232,3.85254e-59
45233,3.84118e-59
45234,3.8308e-59
45235,3.82e-59
45236,3.80939e-59
45237,3.79912e-59
45238,3.78769e-59
45239,3.77771e-59
45240,3.7678e-59
45241,3.75605e-59
45242,3.74459e-59
45243,3.73375e-59
45244,3.72263e-59
45245,3.7107e-59
45246,3.69987e-59
45247,3.68829e-59
45248,3.67732e-59
45249,3.66719e-59
45250,3.65639e-59
45251,3.64684e-59
45252,3.63731e-59
45253,3.62566e-59
45254,3.6158e-59
45255,3.60497e-59
45256,3.59344e-59
45257,3.58255e-59
45258,3.57263e-59
45259,3.56214e-59
45260,3.55087e-59
45261,3.53925e-59
45262,3.5295e-59
45263,3.51912e-59
45264,3.50907e-59
45265,3.4991e-59
45266,3.48793e-59
45267,3.47715e-59
45268,3.4668e-59
45269,3.45651e-59
45270,3.4458e-59
45271,3.43541e-59
45272,3.4256e-59
45273,3.41596e-59
45274,3.40484e-59
45275,3.39356e-59
45276,3.38426e-59
45277,3.37458e-59
45278,3.36423e-59
45279,3.35379e-59
45280,3.34351e-59
45281,3.33428e-59
45282,3.32404e-59
45283,3.31377e-59
45284,3.30468e-59
45285,3.29418e-59
45286,3.28491e-59
45287,3.27629e-59
45288,3.26684e-59
45289,3.25716e-59
45290,3.24741e-59
45291,3.23835e-59
45292,3.22901e-59
45293,3.21891e-59
45294,3.20863e-59
45295,3.19832e-59
45296,3.18969e-59
45297,3.18001e-59
45298,3.1707e-59
45299,3.16101e-59
45300,3.15233e-59
45301,3.1438e-59
45302,3.13518e-59
45303,3.12587e-59
45304,3.11665e-59
45305,3.1081e-59
45306,3.09903e-59
45307,3.08951e-59
45308,3.08008e-59
45309,3.07167e-59
45310,3.06294e-59
45311,3.05446e-59
45312,3.04568e-59
45313,3.03757e-59
45314,3.02788e-59
45315,3.01859e-59
45316,3.00855e-59
45317,3.00021e-59
45318,2.99109e-59
45319,2.98234e-59
45320,2.973e-59
45321,2.96476e-59
45322,2.95563e-59
45323,2.94753e-59
45324,2.93986e-59
45325,2.93126e-59
45326,2.92363e-59
45327,2.91577e-59
45328,2.9078e-59
45329,2.89936e-59
45330,2.8902e-59
45331,2.88177e-59
45332,2.87299e-59
45333,2.86545e-59
45334,2.85802e-59
45335,2.85034e-59
45336,2.84247e-59
45337,2.83417e-59
45338,2.82516e-59
45339,2.81593e-59
45340,2.80711e-59
45341,2.79937e-59
45342,2.79185e-59
45343,2.78441e-59
45344,2.77662e-59
45345,2.76927e-59
45346,2.7608e-59
45347,2.75301e-59
45348,2.74529e-59
45349,2.73742e-59
45350,2.72887e-59
45351,2.72164e-59
45352,2.71346e-59
45353,2.70544e-59
45354,2.69789e-59
45355,2.6897e-59
45356,2.68264e-59
45357,2.6752e-59
45358,2.66681e-59
45359,2.65937e-59
45360,2.65111e-59
45361,2.64299e-59
45362,2.6348e-59
45363,2.62716e-59
45364,2.6191e-59
45365,2.61098e-59
45366,2.60312e-59
45367,2.5946e-59
45368,2.58749e-59
45369,2.58009e-59
45370,2.57195e-59
45371,2.56357e-59
45372,2.55568e-59
45373,2.54722e-59
45374,2.53862e-59
45375,2.5301e-59
45376,2.52343e-59
45377,2.51574e-59
45378,2.50875e-59
45379,2.50163e-59
45380,2.49493e-59
45381,2.48841e-59
45382,2.48127e-59
45383,2.47351e-59
45384,2.46611e-59
45385,2.45843e-59
45386,2.45125e-59
45387,2.44391e-59
45388,2.43754e-59
45389,2.43084e-59
45390,2.42319e-59
45391,2.41548e-59
45392,2.40758e-59
45393,2.40034e-59
45394,2.39378e-59
45395,2.38668e-59
45396,2.38013e-59
45397,2.37276e-59
45398,2.36571e-59
45399,2.3589e-59
45400,2.35251e-59
45401,2.3459e-59
45402,2.33937e-59
45403,2.33208e-59
45404,2.3255e-59
45405,2.31905e-59
45406,2.31191e-59
45407,2.30531e-59
45408,2.29776e-59
45409,2.29003e-59
45410,2.28275e-59
45411,2.27663e-59
45412,2.27071e-59
45413,2.26458e-59
45414,2.2574e-59
45415,2.2506e-59
45416,2.24331e-59
45417,2.23692e-59
45418,2.23093e-59
45419,2.22384e-59
45420,2.21709e-59
45421,2.20978e-59
45422,2.20284e-59
45423,2.19635e-59
45424,2.1899e-59
45425,2.18284e-59
45426,2.17711e-59
45427,2.17051e-59
45428,2.16385e-59
45429,2.15735e-59
45430,2.1516e-59
45431,2.1449e-59
45432,2.13791e-59
45433,2.13173e-59
45434,2.1253e-59
45435,2.11949e-59
45436,2.11309e-59
45437,2.1071e-59
45438,2.10084e-59
45439,2.09444e-59
45440,2.08852e-59
45441,2.08271e-59
45442,2.07626e-59
45443,2.07037e-59
45444,2.06436e-59
45445,2.05807e-59
45446,2.05142e-59
45447,2.04555e-59
45448,2.03886e-59
45449,2.03198e-59
45450,2.02629e-59
45451,2.02026e-59
45452,2.01364e-59
45453,2.00691e-59
45454,2.00165e-59
45455,1.99589e-59
45456,1.98956e-59
45457,1.98428e-59
45458,1.97895e-59
45459,1.97319e-59
45460,1.9672e-59
45461,1.96174e-59
45462,1.95624e-59
45463,1.95048e-59
45464,1.94455e-59
45465,1.93821e-59
45466,1.93209e-59
45467,1.92667e-59
45468,1.92135e-59
45469,1.91602e-59
45470,1.90988e-59
45471,1.90409e-59
45472,1.89838e-59
45473,1.89254e-59
45474,1.88638e-59
45475,1.88147e-59
45476,1.87621e-59
45477,1.87038e-59
45478,1.86503e-59
45479,1.8598e-59
45480,1.85402e-59
45481,1.84836e-59
45482,1.84238e-59
45483,1.83657e-59
45484,1.83101e-59
45485,1.82506e-59
45486,1.82008e-59
45487,1.81487e-59
45488,1.80893e-59
45489,1.80379e-59
45490,1.798e-59
45491,1.79247e-59
45492,1.78707e-59
45493,1.78216e-59
45494,1.77737e-59
45495,1.77253e-59
45496,1.76778e-59
45497,1.76221e-59
45498,1.757e-59
45499,1.75197e-59
45500,1.74726e-59
45501,1.74227e-59
45502,1.73663e-59
45503,1.73118e-59
45504,1.72659e-59
45505,1.72119e-59
45506,1.71581e-59
45507,1.71085e-59
45508,1.70568e-59
45509,1.70118e-59
45510,1.69601e-59
45511,1.69114e-59
45512,1.68596e-59
45513,1.68087e-59
45514,1.67638e-59
45515,1.67177e-59
45516,1.6669e-59
45517,1.66225e-59
45518,1.65721e-59
45519,1.65234e-59
45520,1.64735e-59
45521,1.64242e-59
45522,1.63804e-59
45523,1.63362e-59
45524,1.62857e-59
45525,1.62405e-59
45526,1.61943e-59
45527,1.61425e-59
45528,1.60992e-59
45529,1.60486e-59
45530,1.60037e-59
45531,1.59594e-59
45532,1.59154e-59
45533,1.58718e-59
45534,1.58207e-59
45535,1.57757e-59
45536,1.57341e-59
45537,1.56867e-59
45538,1.56378e-59
45539,1.55894e-59
45540,1.55406e-59
45541,1.54952e-59
45542,1.54544e-59
45543,1.54104e-59
45544,1.53703e-59
45545,1.53289e-59
45546,1.52828e-59
45547,1.52376e-59
45548,1.51934e-59
45549,1.51508e-59
45550,1.51016e-59
45551,1.5062e-59
45552,1.50148e-59
45553,1.4975e-59
45554,1.49342e-59
45555,1.48895e-59
45556,1.48474e-59
45557,1.48031e-59
45558,1.47593e-59
45559,1.47164e-59
45560,1.46738e-59
45561,1.46278e-59
45562,1.45823e-59
45563,1.4537e-59
45564,1.44885e-59
45565,1.44435e-59
45566,1.44059e-59
45567,1.4368e-59
45568,1.4328e-59
45569,1.42838e-59
45570,1.4239e-59
45571,1.42018e-59
45572,1.41635e-59
45573,1.41196e-59
45574,1.40785e-59
45575,1.40402e-59
45576,1.39952e-59
45577,1.39581e-59
45578,1.39158e-59
45579,1.3876e-59
45580,1.38365e-59
45581,1.37943e-59
45582,1.37544e-59
45583,1.37167e-59
45584,1.36744e-59
45585,1.36327e-59
45586,1.35891e-59
45587,1.35532e-59
45588,1.35164e-59
45589,1.34783e-59
45590,1.34389e-59
45591,1.33981e-59
45592,1.33622e-59
45593,1.3326e-59
45594,1.32887e-59
45595,1.32532e-59
45596,1.32119e-59
45597,1.31744e-59
45598,1.31387e-59
45599,1.31036e-59
45600,1.30691e-59
45601,1.30278e-59
45602,1.29925e-59
45603,1.29569e-59
45604,1.29175e-59
45605,1.28786e-59
45606,1.28414e-59
45607,1.28026e-59
45608,1.27634e-59
45609,1.27295e-59
45610,1.26884e-59
45611,1.26554e-59
45612,1.26167e-59
45613,1.25802e-59
45614,1.25456e-59
45615,1.25091e-59
45616,1.24764e-59
45617,1.24436e-59
45618,1.24072e-59
45619,1.2373e-59
45620,1.23377e-59
45621,1.23055e-59
45622,1.22671e-59
45623,1.22305e-59
45624,1.21971e-59
45625,1.21641e-59
45626,1.21277e-59
45627,1.2096e-59
45628,1.2061e-59
45629,1.2023e-59
45630,1.19905e-59
45631,1.19553e-59
45632,1.19184e-59
45633,1.18848e-59
45634,1.1848e-59
45635,1.18139e-59
45636,1.17761e-59
45637,1.17442e-59
45638,1.17137e-59
45639,1.16796e-59
45640,1.16474e-59
45641,1.16095e-59
45642,1.15746e-59
45643,1.15364e-59
45644,1.15028e-59
45645,1.1467e-59
45646,1.14333e-59
45647,1.14002e-59
45648,1.13643e-59
45649,1.13264e-59
45650,1.12911e-59
45651,1.12601e-59
45652,1.12235e-59
45653,1.119e-59
45654,1.11553e-59
45655,1.11248e-59
45656,1.10911e-59
45657,1.10596e-59
45658,1.10293e-59
45659,1.09997e-59
45660,1.09702e-59
45661,1.09392e-59
45662,1.09059e-59
45663,1.0871e-59
45664,1.08373e-59
45665,1.08058e-59
45666,1.07762e-59
45667,1.07445e-59
45668,1.07124e-59
45669,1.06829e-59
45670,1.0655e-59
45671,1.0622e-59
45672,1.05927e-59
45673,1.05614e-59
45674,1.05281e-59
45675,1.0496e-59
45676,1.04664e-59
45677,1.04376e-59
45678,1.04103e-59
45679,1.03826e-59
45680,1.03542e-59
45681,1.03227e-59
45682,1.02937e-59
45683,1.02655e-59
45684,1.02377e-59
45685,1.0211e-59
45686,1.01819e-59
45687,1.01497e-59
45688,1.01207e-59
45689,1.00901e-59
45690,1.00569e-59
45691,1.0027e-59
45692,9.99395e-60
45693,9.96303e-60
45694,9.9349e-60
45695,9.90484e-60
45696,9.87883e-60
45697,9.84996e-60
45698,9.82331e-60
45699,9.79396e-60
45700,9.76338e-60
45701,9.73665e-60
45702,9.7088e-60
45703,9.67731e-60
45704,9.64657e-60
45705,9.62023e-60
45706,9.59176e-60
45707,9.56653e-60
45708,9.53926e-60
45709,9.51064e-60
45710,9.48489e-60
45711,9.45651e-60
45712,9.43011e-60
45713,9.40273e-60
45714,9.37297e-60
45715,9.34544e-60
45716,9.31806e-60
45717,9.29243e-60
45718,9.26658e-60
45719,9.23745e-60
45720,9.20763e-60
45721,9.18195e-60
45722,9.15628e-60
45723,9.1275e-60
45724,9.09775e-60
45725,9.06983e-60
45726,9.04328e-60
45727,9.01394e-60
45728,8.98968e-60
45729,8.96282e-60
45730,8.93617e-60
45731,8.90751e-60
45732,8.87892e-60
45733,8.84951e-60
45734,8.8209e-60
45735,8.79429e-60
45736,8.77078e-60
45737,8.746e-60
45738,8.7198e-60
45739,8.69396e-60
45740,8.66554e-60
45741,8.63797e-60
45742,8.61474e-60
45743,8.59116e-60
45744,8.56769e-60
45745,8.54017e-60
45746,8.51361e-60
45747,8.48718e-60
45748,8.46415e-60
45749,8.43694e-60
45750,8.41177e-60
45751,8.38394e-60
45752,8.36084e-60
45753,8.33472e-60
45754,8.30801e-60
45755,8.28593e-60
45756,8.26228e-60
45757,8.23935e-60
45758,8.21795e-60
45759,8.19391e-60
45760,8.16765e-60
45761,8.14311e-60
45762,8.11972e-60
45763,8.09492e-60
45764,8.07118e-60
45765,8.04918e-60
45766,8.02719e-60
45767,8.00336e-60
45768,7.97951e-60
45769,7.95424e-60
45770,7.93311e-60
45771,7.91006e-60
45772,7.88652e-60
45773,7.86492e-60
45774,7.84085e-60
45775,7.81618e-60
45776,7.79506e-60
45777,7.77294e-60
45778,7.75048e-60
45779,7.72876e-60
45780,7.70702e-60
45781,7.68216e-60
45782,7.66048e-60
45783,7.63788e-60
45784,7.6141e-60
45785,7.59373e-60
45786,7.57108e-60
45787,7.5507e-60
45788,7.52931e-60
45789,7.50666e-60
45790,7.4836e-60
45791,7.46287e-60
45792,7.44283e-60
45793,7.4233e-60
45794,7.39982e-60
45795,7.37727e-60
45796,7.35689e-60
45797,7.33727e-60
45798,7.31746e-60
45799,7.29483e-60
45800,7.27099e-60
45801,7.25075e-60
45802,7.2307e-60
45803,7.20978e-60
45804,7.18886e-60
45805,7.1654e-60
45806,7.14569e-60
45807,7.12441e-60
45808,7.10423e-60
45809,7.08275e-60
45810,7.05987e-60
45811,7.03797e-60
45812,7.01676e-60
45813,6.99769e-60
45814,6.97873e-60
45815,6.9593e-60
45816,6.93996e-60
45817,6.91835e-60
45818,6.8982e-60
45819,6.87721e-60
45820,6.85744e-60
45821,6.83925e-60
45822,6.81769e-60
45823,6.79733e-60
45824,6.77908e-60
45825,6.7581e-60
45826,6.74001e-60
45827,6.721e-60
45828,6.69955e-60
45829,6.68076e-60
45830,6.6629e-60
45831,6.64225e-60
45832,6.62249e-60
45833,6.60356e-60
45834,6.58537e-60
45835,6.56414e-60
45836,6.54546e-60
45837,6.52655e-60
45838,6.50722e-60
45839,6.48731e-60
45840,6.4702e-60
45841,6.45176e-60
45842,6.43367e-60
45843,6.41431e-60
45844,6.39501e-60
45845,6.37621e-60
45846,6.3556e-60
45847,6.33494e-60
45848,6.31725e-60
45849,6.29948e-60
45850,6.28108e-60
45851,6.26199e-60
45852,6.24388e-60
45853,6.22614e-60
45854,6.20935e-60
45855,6.19111e-60
45856,6.17449e-60
45857,6.15745e-60
45858,6.13789e-60
45859,6.12193e-60
45860,6.10404e-60
45861,6.08395e-60
45862,6.06437e-60
45863,6.04848e-60
45864,6.03142e-60
45865,6.01569e-60
45866,5.99638e-60
45867,5.97768e-60
45868,5.96018e-60
45869,5.94258e-60
45870,5.92577e-60
45871,5.90838e-60
45872,5.88927e-60
45873,5.87109e-60
45874,5.85537e-60
45875,5.83837e-60
45876,5.82278e-60
45877,5.80762e-60
45878,5.79139e-60
45879,5.77497e-60
45880,5.75866e-60
45881,5.7406e-60
45882,5.72144e-60
45883,5.7032e-60
45884,5.68774e-60
45885,5.67249e-60
45886,5.6568e-60
45887,5.64108e-60
45888,5.625e-60
45889,5.60986e-60
45890,5.59429e-60
45891,5.57639e-60
45892,5.56136e-60
45893,5.5467e-60
45894,5.52902e-60
45895,5.51262e-60
45896,5.498e-60
45897,5.48054e-60
45898,5.46563e-60
45899,5.44959e-60
45900,5.43384e-60
45901,5.4179e-60
45902,5.40377e-60
45903,5.38865e-60
45904,5.37423e-60
45905,5.35985e-60
45906,5.34319e-60
45907,5.32843e-60
45908,5.31412e-60
45909,5.29994e-60
45910,5.28422e-60
45911,5.26875e-60
45912,5.25171e-60
45913,5.23579e-60
45914,5.22143e-60
45915,5.20768e-60
45916,5.19189e-60
45917,5.17666e-60
45918,5.16203e-60
45919,5.14838e-60
45920,5.13304e-60
45921,5.11751e-60
45922,5.10061e-60
45923,5.08442e-60
45924,5.06865e-60
45925,5.05208e-60
45926,5.03813e-60
45927,5.02259e-60
45928,5.00652e-60
45929,4.9921e-60
45930,4.97826e-60
45931,4.96457e-60
45932,4.94888e-60
45933,4.93502e-60
45934,4.92039e-60
45935,4.90422e-60
45936,4.88997e-60
45937,4.87611e-60
45938,4.86281e-60
45939,4.84852e-60
45940,4.83438e-60
45941,4.81924e-60
45942,4.80315e-60
45943,4.78931e-60
45944,4.7758e-60
45945,4.76279e-60
45946,4.74915e-60
45947,4.73678e-60
45948,4.72255e-60
45949,4.7078e-60
45950,4.69529e-60
45951,4.68235e-60
45952,4.66916e-60
45953,4.65688e-60
45954,4.64193e-60
45955,4.62632e-60
45956,4.61076e-60
45957,4.59811e-60
45958,4.58395e-60
45959,4.56947e-60
45960,4.5557e-60
45961,4.54063e-60
45962,4.52529e-60
45963,4.51206e-60
45964,4.49954e-60
45965,4.48627e-60
45966,4.47343e-60
45967,4.45985e-60
45968,4.44544e-60
45969,4.43196e-60
45970,4.41994e-60
45971,4.40754e-60
45972,4.39512e-60
45973,4.38328e-60
45974,4.36999e-60
45975,4.35658e-60
45976,4.3442e-60
45977,4.33269e-60
45978,4.31962e-60
45979,4.30535e-60
45980,4.29141e-60
45981,4.27781e-60
45982,4.26597e-60
45983,4.2545e-60
45984,4.2413e-60
45985,4.22967e-60
45986,4.21831e-60
45987,4.20537e-60
45988,4.19329e-60
45989,4.17992e-60
45990,4.16749e-60
45991,4.15393e-60
45992,4.14041e-60
45993,4.12813e-60
45994,4.11646e-60
45995,4.10552e-60
45996,4.09484e-60
45997,4.08244e-60
45998,4.06968e-60
45999,4.05645e-60
46000,4.04512e-60
46001,4.03222e-60
46002,4.02116e-60
46003,4.0092e-60
46004,3.9987e-60
46005,3.98615e-60
46006,3.97515e-60
46007,3.96388e-60
46008,3.95106e-60
46009,3.93812e-60
46010,3.92687e-60
46011,3.91466e-60
46012,3.90272e-60
46013,3.89101e-60
46014,3.87843e-60
46015,3.86719e-60
46016,3.85514e-60
46017,3.8451e-60
46018,3.83483e-60
46019,3.82458e-60
46020,3.81252e-60
46021,3.80088e-60
46022,3.7909e-60
46023,3.77937e-60
46024,3.76934e-60
46025,3.7587e-60
46026,3.74691e-60
46027,3.73697e-60
46028,3.72715e-60
46029,3.71625e-60
46030,3.70413e-60
46031,3.69366e-60
46032,3.68306e-60
46033,3.67315e-60
46034,3.66157e-60
46035,3.65087e-60
46036,3.63885e-60
46037,3.62917e-60
46038,3.61794e-60
46039,3.60604e-60
46040,3.59398e-60
46041,3.58433e-60
46042,3.57346e-60
46043,3.56274e-60
46044,3.5518e-60
46045,3.54113e-60
46046,3.52954e-60
46047,3.51926e-60
46048,3.50874e-60
46049,3.49949e-60
46050,3.48926e-60
46051,3.47916e-60
46052,3.46854e-60
46053,3.45814e-60
46054,3.44883e-60
46055,3.43825e-60
46056,3.42704e-60
46057,3.41567e-60
46058,3.40462e-60
46059,3.39328e-60
46060,3.38329e-60
46061,3.37271e-60
46062,3.36336e-60
46063,3.35276e-60
46064,3.34182e-60
46065,3.3329e-60
46066,3.32369e-60
46067,3.31313e-60
46068,3.30411e-60
46069,3.29544e-60
46070,3.28523e-60
46071,3.27642e-60
46072,3.26761e-60
46073,3.25813e-60
46074,3.24816e-60
46075,3.23782e-60
46076,3.22937e-60
46077,3.21976e-60
46078,3.21095e-60
46079,3.20139e-60
46080,3.1916e-60
46081,3.18164e-60
46082,3.171e-60
46083,3.16201e-60
46084,3.15324e-60
46085,3.14479e-60
46086,3.13658e-60
46087,3.12812e-60
46088,3.11991e-60
46089,3.1102e-60
46090,3.10189e-60
46091,3.09289e-60
46092,3.08365e-60
46093,3.07491e-60
46094,3.06628e-60
46095,3.05741e-60
46096,3.04859e-60
46097,3.03948e-60
46098,3.03092e-60
46099,3.02185e-60
46100,3.01271e-60
46101,3.00466e-60
46102,2.99553e-60
46103,2.98614e-60
46104,2.97711e-60
46105,2.96862e-60
46106,2.95983e-60
46107,2.95091e-60
46108,2.94123e-60
46109,2.93191e-60
46110,2.92395e-60
46111,2.91523e-60
46112,2.90675e-60
46113,2.8989e-60
46114,2.88971e-60
46115,2.88069e-60
46116,2.87263e-60
46117,2.86343e-60
46118,2.85414e-60
46119,2.84605e-60
46120,2.83726e-60
46121,2.82793e-60
46122,2.81885e-60
46123,2.81092e-60
46124,2.80314e-60
46125,2.7957e-60
46126,2.78717e-60
46127,2.77857e-60
46128,2.77003e-60
46129,2.7628e-60
46130,2.7552e-60
46131,2.74762e-60
46132,2.74027e-60
46133,2.73151e-60
46134,2.72239e-60
46135,2.71384e-60
46136,2.70622e-60
46137,2.69829e-60
46138,2.69079e-60
46139,2.68341e-60
46140,2.67605e-60
46141,2.66837e-60
46142,2.65997e-60
46143,2.65176e-60
46144,2.64378e-60
46145,2.63561e-60
46146,2.62812e-60
46147,2.61982e-60
46148,2.61185e-60
46149,2.60476e-60
46150,2.59778e-60
46151,2.59053e-60
46152,2.58364e-60
46153,2.57545e-60
46154,2.56763e-60
46155,2.56032e-60
46156,2.55196e-60
46157,2.54477e-60
46158,2.53814e-60
46159,2.53057e-60
46160,2.52346e-60
46161,2.51649e-60
46162,2.50854e-60
46163,2.50125e-60
46164,2.49445e-60
46165,2.48665e-60
46166,2.48003e-60
46167,2.47288e-60
46168,2.46595e-60
46169,2.45898e-60
46170,2.45149e-60
46171,2.44421e-60
46172,2.43655e-60
46173,2.42938e-60
46174,2.42282e-60
46175,2.41604e-60
46176,2.40954e-60
46177,2.40255e-60
46178,2.3961e-60
46179,2.38877e-60
46180,2.38145e-60
46181,2.37484e-60
46182,2.36865e-60
46183,2.36144e-60
46184,2.35506e-60
46185,2.34806e-60
46186,2.34186e-60
46187,2.3356e-60
46188,2.32825e-60
46189,2.3221e-60
46190,2.31499e-60
46191,2.30873e-60
46192,2.30228e-60
46193,2.29542e-60
46194,2.28855e-60
46195,2.28183e-60
46196,2.2753e-60
46197,2.26841e-60
46198,2.26101e-60
46199,2.25396e-60
46200,2.24647e-60
46201,2.23961e-60
46202,2.23352e-60
46203,2.22667e-60
46204,2.22085e-60
46205,2.21465e-60
46206,2.20886e-60
46207,2.20292e-60
46208,2.19608e-60
46209,2.19015e-60
46210,2.18323e-60
46211,2.17688e-60
46212,2.17065e-60
46213,2.16372e-60
46214,2.15789e-60
46215,2.15156e-60
46216,2.14531e-60
46217,2.13947e-60
46218,2.13303e-60
46219,2.12704e-60
46220,2.12118e-60
46221,2.11517e-60
46222,2.10906e-60
46223,2.1028e-60
46224,2.09596e-60
46225,2.08893e-60
46226,2.08349e-60
46227,2.07771e-60
46228,2.07148e-60
46229,2.06474e-60
46230,2.05786e-60
46231,2.05158e-60
46232,2.04553e-60
46233,2.04007e-60
46234,2.03441e-60
46235,2.02845e-60
46236,2.02259e-60
46237,2.01693e-60
46238,2.01082e-60
46239,2.00532e-60
46240,1.99955e-60
46241,1.99366e-60
46242,1.98765e-60
46243,1.98133e-60
46244,1.97564e-60
46245,1.96954e-60
46246,1.96396e-60
46247,1.9578e-60
46248,1.9514e-60
46249,1.9449e-60
46250,1.93973e-60
46251,1.93454e-60
46252,1.92916e-60
46253,1.9235e-60
46254,1.91763e-60
46255,1.91236e-60
46256,1.90681e-60
46257,1.90099e-60
46258,1.89539e-60
46259,1.89038e-60
46260,1.8848e-60
46261,1.87935e-60
46262,1.87366e-60
46263,1.86875e-60
46264,1.86329e-60
46265,1.85729e-60
46266,1.85171e-60
46267,1.84567e-60
46268,1.84062e-60
46269,1.83564e-60
46270,1.83076e-60
46271,1.8253e-60
46272,1.8197e-60
46273,1.81405e-60
46274,1.80881e-60
46275,1.80409e-60
46276,1.79896e-60
46277,1.79342e-60
46278,1.7877e-60
46279,1.78268e-60
46280,1.77728e-60
46281,1.77154e-60
46282,1.7664e-60
46283,1.76068e-60
46284,1.75561e-60
46285,1.75101e-60
46286,1.74633e-60
46287,1.74087e-60
46288,1.73546e-60
46289,1.73019e-60
46290,1.72459e-60
46291,1.7198e-60
46292,1.7142e-60
46293,1.70908e-60
46294,1.70432e-60
46295,1.69933e-60
46296,1.69446e-60
46297,1.68915e-60
46298,1.68424e-60
46299,1.67922e-60
46300,1.67373e-60
46301,1.66873e-60
46302,1.66422e-60
46303,1.65926e-60
46304,1.65474e-60
46305,1.64986e-60
46306,1.64488e-60
46307,1.63993e-60
46308,1.63539e-60
46309,1.63072e-60
46310,1.62554e-60
46311,1.62025e-60
46312,1.61572e-60
46313,1.61128e-60
46314,1.60626e-60
46315,1.60135e-60
46316,1.59691e-60
46317,1.5918e-60
46318,1.58715e-60
46319,1.582e-60
46320,1.5773e-60
46321,1.57287e-60
46322,1.56863e-60
46323,1.56409e-60
46324,1.55916e-60
46325,1.55465e-60
46326,1.54958e-60
46327,1.54536e-60
46328,1.54117e-60
46329,1.53681e-60
46330,1.53208e-60
46331,1.52798e-60
46332,1.52318e-60
46333,1.51826e-60
46334,1.5135e-60
46335,1.50954e-60
46336,1.50527e-60
46337,1.50108e-60
46338,1.49659e-60
46339,1.49207e-60
46340,1.48747e-60
46341,1.48315e-60
46342,1.47883e-60
46343,1.47404e-60
46344,1.4695e-60
46345,1.46542e-60
46346,1.46111e-60
46347,1.45643e-60
46348,1.4525e-60
46349,1.44785e-60
46350,1.44323e-60
46351,1.43882e-60
46352,1.43484e-60
46353,1.43025e-60
46354,1.42647e-60
46355,1.42275e-60
46356,1.41879e-60
46357,1.41415e-60
46358,1.4103e-60
46359,1.40621e-60
46360,1.40221e-60
46361,1.39774e-60
46362,1.39351e-60
46363,1.38969e-60
46364,1.38545e-60
46365,1.3816e-60
46366,1.37781e-60
46367,1.37419e-60
46368,1.37017e-60
46369,1.36585e-60
46370,1.36164e-60
46371,1.35793e-60
46372,1.35423e-60
46373,1.35063e-60
46374,1.34706e-60
46375,1.34286e-60
46376,1.33905e-60
46377,1.33504e-60
46378,1.33093e-60
46379,1.32705e-60
46380,1.32312e-60
46381,1.31927e-60
46382,1.31582e-60
46383,1.31179e-60
46384,1.30806e-60
46385,1.3046e-60
46386,1.30059e-60
46387,1.29662e-60
46388,1.29318e-60
46389,1.28908e-60
46390,1.28566e-60
46391,1.28197e-60
46392,1.27798e-60
46393,1.27406e-60
46394,1.27017e-60
46395,1.26647e-60
46396,1.26242e-60
46397,1.25833e-60
46398,1.2546e-60
46399,1.25102e-60
46400,1.24724e-60
46401,1.24391e-60
46402,1.24025e-60
46403,1.23632e-60
46404,1.23294e-60
46405,1.22925e-60
46406,1.22552e-60
46407,1.2219e-60
46408,1.21857e-60
46409,1.21518e-60
46410,1.21128e-60
46411,1.2075e-60
46412,1.20372e-60
46413,1.19975e-60
46414,1.19625e-60
46415,1.19311e-60
46416,1.18926e-60
46417,1.18604e-60
46418,1.18245e-60
46419,1.17932e-60
46420,1.17624e-60
46421,1.17265e-60
46422,1.16918e-60
46423,1.16551e-60
46424,1.16218e-60
46425,1.15909e-60
46426,1.15593e-60
46427,1.15278e-60
46428,1.1491e-60
46429,1.14553e-60
46430,1.14209e-60
46431,1.13869e-60
46432,1.13512e-60
46433,1.13211e-60
46434,1.12894e-60
46435,1.1253e-60
46436,1.1218e-60
46437,1.11811e-60
46438,1.11485e-60
46439,1.1113e-60
46440,1.10825e-60
46441,1.10514e-60
46442,1.1019e-60
46443,1.09833e-60
46444,1.09527e-60
46445,1.09177e-60
46446,1.08815e-60
46447,1.08513e-60
46448,1.08229e-60
46449,1.07908e-60
46450,1.07606e-60
46451,1.07322e-60
46452,1.07024e-60
46453,1.06691e-60
46454,1.06349e-60
46455,1.06022e-60
46456,1.05679e-60
46457,1.05324e-60
46458,1.04981e-60
46459,1.04646e-60
46460,1.04323e-60
46461,1.04024e-60
46462,1.03734e-60
46463,1.03438e-60
46464,1.0314e-60
46465,1.02829e-60
46466,1.0254e-60
46467,1.02269e-60
46468,1.01969e-60
46469,1.01655e-60
46470,1.01324e-60
46471,1.01004e-60
46472,1.00666e-60
46473,1.00374e-60
46474,1.00071e-60
46475,9.9794e-61
46476,9.95173e-61
46477,9.92233e-61
46478,9.89339e-61
46479,9.86573e-61
46480,9.83938e-61
46481,9.80921e-61
46482,9.78141e-61
46483,9.75336e-61
46484,9.72475e-61
46485,9.69867e-61
46486,9.67337e-61
46487,9.6462e-61
46488,9.62051e-61
46489,9.59047e-61
46490,9.5649e-61
46491,9.53561e-61
46492,9.50969e-61
46493,9.48272e-61
46494,9.45746e-61
46495,9.42943e-61
46496,9.39855e-61
46497,9.37131e-61
46498,9.34285e-61
46499,9.31544e-61
46500,9.29079e-61
46501,9.26364e-61
46502,9.23852e-61
46503,9.21416e-61
46504,9.18511e-61
46505,9.15596e-61
46506,9.13024e-61
46507,9.10571e-61
46508,9.08037e-61
46509,9.05243e-61
46510,9.0262e-61
46511,9.00034e-61
46512,8.97425e-61
46513,8.94646e-61
46514,8.9181e-61
46515,8.88872e-61
46516,8.85983e-61
46517,8.83145e-61
46518,8.80688e-61
46519,8.77863e-61
46520,8.75186e-61
46521,8.72706e-61
46522,8.70066e-61
46523,8.67338e-61
46524,8.64642e-61
46525,8.61936e-61
46526,8.59501e-61
46527,8.56907e-61
46528,8.54627e-61
46529,8.51902e-61
46530,8.49642e-61
46531,8.47355e-61
46532,8.44922e-61
46533,8.42596e-61
46534,8.40298e-61
46535,8.37955e-61
46536,8.35231e-61
46537,8.32761e-61
46538,8.30354e-61
46539,8.28052e-61
46540,8.25807e-61
46541,8.23227e-61
46542,8.20704e-61
46543,8.18211e-61
46544,8.15779e-61
46545,8.13436e-61
46546,8.1104e-61
46547,8.08744e-61
46548,8.0656e-61
46549,8.04081e-61
46550,8.01853e-61
46551,7.99382e-61
46552,7.97278e-61
46553,7.94777e-61
46554,7.92439e-61
46555,7.89981e-61
46556,7.87602e-61
46557,7.8513e-61
46558,7.82899e-61
46559,7.80527e-61
46560,7.78123e-61
46561,7.7588e-61
46562,7.73453e-61
46563,7.71398e-61
46564,7.691e-61
46565,7.66578e-61
46566,7.64372e-61
46567,7.62089e-61
46568,7.59889e-61
46569,7.57515e-61
46570,7.55092e-61
46571,7.52804e-61
46572,7.50544e-61
46573,7.4837e-61
46574,7.46347e-61
46575,7.44379e-61
46576,7.42073e-61
46577,7.3979e-61
46578,7.37662e-61
46579,7.35272e-61
46580,7.33153e-61
46581,7.30943e-61
46582,7.28703e-61
46583,7.26594e-61
46584,7.24483e-61
46585,7.22554e-61
46586,7.20628e-61
46587,7.18299e-61
46588,7.15971e-61
46589,7.13879e-61
46590,7.11719e-61
46591,7.09619e-61
46592,7.07378e-61
46593,7.05344e-61
46594,7.03244e-61
46595,7.01226e-61
46596,6.99256e-61
46597,6.97016e-61
46598,6.94708e-61
46599,6.92516e-61
46600,6.90379e-61
46601,6.88218e-61
46602,6.86298e-61
46603,6.84428e-61
46604,6.82594e-61
46605,6.80647e-61
46606,6.78768e-61
46607,6.76599e-61
46608,6.74827e-61
46609,6.72817e-61
46610,6.70675e-61
46611,6.68737e-61
46612,6.66909e-61
46613,6.64978e-61
46614,6.62892e-61
46615,6.60857e-61
46616,6.58881e-61
46617,6.56759e-61
46618,6.54745e-61
46619,6.52874e-61
46620,6.51055e-61
46621,6.49275e-61
46622,6.47235e-61
46623,6.45528e-61
46624,6.43622e-61
46625,6.41783e-61
46626,6.3993e-61
46627,6.37888e-61
46628,6.36108e-61
46629,6.34311e-61
46630,6.32428e-61
46631,6.30386e-61
46632,6.28726e-61
46633,6.26778e-61
46634,6.25121e-61
46635,6.23433e-61
46636,6.21743e-61
46637,6.20011e-61
46638,6.1838e-61
46639,6.16698e-61
46640,6.14742e-61
46641,6.12744e-61
46642,6.10885e-61
46643,6.09269e-61
46644,6.07571e-61
46645,6.0586e-61
46646,6.04008e-61
46647,6.02076e-61
46648,6.00429e-61
46649,5.98761e-61
46650,5.9714e-61
46651,5.95417e-61
46652,5.93678e-61
46653,5.9173e-61
46654,5.89968e-61
46655,5.88429e-61
46656,5.86778e-61
46657,5.84901e-61
46658,5.82996e-61
46659,5.81223e-61
46660,5.79621e-61
46661,5.77963e-61
46662,5.76287e-61
46663,5.74688e-61
46664,5.73128e-61
46665,5.71456e-61
46666,5.69811e-61
46667,5.68199e-61
46668,5.66427e-61
46669,5.6477e-61
46670,5.63101e-61
46671,5.61384e-61
46672,5.5981e-61
46673,5.58333e-61
46674,5.56639e-61
46675,5.54964e-61
46676,5.53373e-61
46677,5.51801e-61
46678,5.50227e-61
46679,5.48594e-61
46680,5.46928e-61
46681,5.453e-61
46682,5.43506e-61
46683,5.42064e-61
46684,5.40488e-61
46685,5.38918e-61
46686,5.37491e-61
46687,5.35821e-61
46688,5.34301e-61
46689,5.32579e-61
46690,5.31049e-61
46691,5.29476e-61
46692,5.27988e-61
46693,5.26337e-61
46694,5.24666e-61
46695,5.2312e-61
46696,5.21663e-61
46697,5.20254e-61
46698,5.18638e-61
46699,5.17285e-61
46700,5.15753e-61
46701,5.1431e-61
46702,5.12754e-61
46703,5.11106e-61
46704,5.0965e-61
46705,5.08217e-61
46706,5.06759e-61
46707,5.05203e-61
46708,5.03648e-61
46709,5.02056e-61
46710,5.00671e-61
46711,4.99285e-61
46712,4.97899e-61
46713,4.96549e-61
46714,4.95157e-61
46715,4.93625e-61
46716,4.92124e-61
46717,4.90712e-61
46718,4.89259e-61
46719,4.87674e-61
46720,4.86302e-61
46721,4.84753e-61
46722,4.8334e-61
46723,4.81893e-61
46724,4.80419e-61
46725,4.79112e-61
46726,4.7755e-61
46727,4.75977e-61
46728,4.74624e-61
46729,4.73138e-61
46730,4.71591e-61
46731,4.70042e-61
46732,4.68804e-61
46733,4.67432e-61
46734,4.65984e-61
46735,4.64649e-61
46736,4.6318e-61
46737,4.61943e-61
46738,4.60732e-61
46739,4.59402e-61
46740,4.5794e-61
46741,4.56669e-61
46742,4.5527e-61
46743,4.54053e-61
46744,4.52761e-61
46745,4.51275e-61
46746,4.49809e-61
46747,4.48301e-61
46748,4.47008e-61
46749,4.45741e-61
46750,4.44323e-61
46751,4.42957e-61
46752,4.41743e-61
46753,4.4052e-61
46754,4.39323e-61
46755,4.37946e-61
46756,4.36672e-61
46757,4.35484e-61
46758,4.34153e-61
46759,4.32799e-61
46760,4.31369e-61
46761,4.30051e-61
46762,4.28753e-61
46763,4.27336e-61
46764,4.26198e-61
46765,4.25016e-61
46766,4.2382e-61
46767,4.22466e-61
46768,4.21252e-61
46769,4.20058e-61
46770,4.18873e-61
46771,4.1773e-61
46772,4.16492e-61
46773,4.1511e-61
46774,4.13939e-61
46775,4.12603e-61
46776,4.11212e-61
46777,4.10113e-61
46778,4.08815e-61
46779,4.07646e-61
46780,4.06469e-61
46781,4.05208e-61
46782,4.03868e-61
46783,4.02627e-61
46784,4.01292e-61
46785,4.00212e-61
46786,3.99067e-61
46787,3.97928e-61
46788,3.96818e-61
46789,3.95762e-61
46790,3.94715e-61
46791,3.93637e-61
46792,3.92446e-61
46793,3.91246e-61
46794,3.9018e-61
46795,3.88982e-61
46796,3.87716e-61
46797,3.86564e-61
46798,3.85397e-61
46799,3.84329e-61
46800,3.83125e-61
46801,3.81868e-61
46802,3.80752e-61
46803,3.79669e-61
46804,3.78448e-61
46805,3.77267e-61
46806,3.76211e-61
46807,3.75009e-61
46808,3.73817e-61
46809,3.72807e-61
46810,3.71785e-61
46811,3.70779e-61
46812,3.6961e-61
46813,3.68606e-61
46814,3.67468e-61
46815,3.66293e-61
46816,3.65268e-61
46817,3.64285e-61
46818,3.63298e-61
46819,3.6223e-61
46820,3.61233e-61
46821,3.60241e-61
46822,3.59134e-61
46823,3.57974e-61
46824,3.5681e-61
46825,3.5564e-61
46826,3.54559e-61
46827,3.53451e-61
46828,3.52443e-61
46829,3.51493e-61
46830,3.50365e-61
46831,3.4942e-61
46832,3.48505e-61
46833,3.47523e-61
46834,3.46511e-61
46835,3.45388e-61
46836,3.44219e-61
46837,3.43126e-61
46838,3.42026e-61
46839,3.40939e-61
46840,3.39836e-61
46841,3.38689e-61
46842,3.37563e-61
46843,3.36505e-61
46844,3.35593e-61
46845,3.34584e-61
46846,3.33601e-61
46847,3.32641e-61
46848,3.31604e-61
46849,3.30588e-61
46850,3.29509e-61
46851,3.28407e-61
46852,3.27334e-61
46853,3.26327e-61
46854,3.25288e-61
46855,3.24279e-61
46856,3.23322e-61
46857,3.22404e-61
46858,3.21485e-61
46859,3.20475e-61
46860,3.1953e-61
46861,3.18632e-61
46862,3.17609e-61
46863,3.16666e-61
46864,3.15701e-61
46865,3.14799e-61
46866,3.13896e-61
46867,3.12946e-61
46868,3.1212e-61
46869,3.11275e-61
46870,3.10393e-61
46871,3.09401e-61
46872,3.08559e-61
46873,3.07708e-61
46874,3.06799e-61
46875,3.05938e-61
46876,3.04967e-61
46877,3.03945e-61
46878,3.02991e-61
46879,3.02068e-61
46880,3.01151e-61
46881,3.00245e-61
46882,2.9935e-61
46883,2.98483e-61
46884,2.97674e-61
46885,2.96841e-61
46886,2.96057e-61
46887,2.95171e-61
46888,2.94271e-61
46889,2.93416e-61
46890,2.92572e-61
46891,2.91795e-61
46892,2.90906e-61
46893,2.90089e-61
46894,2.89228e-61
46895,2.88411e-61
46896,2.87539e-61
46897,2.86599e-61
46898,2.85647e-61
46899,2.84753e-61
46900,2.83995e-61
46901,2.83209e-61
46902,2.82373e-61
46903,2.81594e-61
46904,2.8077e-61
46905,2.8003e-61
46906,2.79213e-61
46907,2.78422e-61
46908,2.77694e-61
46909,2.76944e-61
46910,2.7606e-61
46911,2.75215e-61
46912,2.74357e-61
46913,2.73556e-61
46914,2.72652e-61
46915,2.7176e-61
46916,2.70901e-61
46917,2.70185e-61
46918,2.69405e-61
46919,2.68643e-61
46920,2.6786e-61
46921,2.67009e-61
46922,2.66234e-61
46923,2.65514e-61
46924,2.64806e-61
46925,2.6396e-61
46926,2.63183e-61
46927,2.62366e-61
46928,2.61521e-61
46929,2.60769e-61
46930,2.60025e-61
46931,2.59188e-61
46932,2.58393e-61
46933,2.57554e-61
46934,2.56862e-61
46935,2.56179e-61
46936,2.55364e-61
46937,2.54583e-61
46938,2.53846e-61
46939,2.53023e-61
46940,2.52219e-61
46941,2.51506e-61
46942,2.50764e-61
46943,2.50035e-61
46944,2.49261e-61
46945,2.48519e-61
46946,2.47825e-61
46947,2.47112e-61
46948,2.46376e-61
46949,2.45611e-61
46950,2.44839e-61
46951,2.4402e-61
46952,2.43283e-61
46953,2.42631e-61
46954,2.4198e-61
46955,2.41256e-61
46956,2.40624e-61
46957,2.39914e-61
46958,2.39237e-61
46959,2.38478e-61
46960,2.37695e-61
46961,2.36953e-61
46962,2.36206e-61
46963,2.35504e-61
46964,2.34804e-61
46965,2.34053e-61
46966,2.33343e-61
46967,2.32665e-61
46968,2.31991e-61
46969,2.31234e-61
46970,2.30574e-61
46971,2.2995e-61
46972,2.29316e-61
46973,2.28595e-61
46974,2.279e-61
46975,2.27153e-61
46976,2.26506e-61
46977,2.25788e-61
46978,2.25144e-61
46979,2.24428e-61
46980,2.23754e-61
46981,2.23166e-61
46982,2.22469e-61
46983,2.21884e-61
46984,2.21288e-61
46985,2.20579e-61
46986,2.19897e-61
46987,2.19303e-61
46988,2.18664e-61
46989,2.17952e-61
46990,2.17221e-61
46991,2.16592e-61
46992,2.15941e-61
46993,2.15272e-61
46994,2.14577e-61
46995,2.14004e-61
46996,2.13376e-61
46997,2.12763e-61
46998,2.12136e-61
46999,2.11446e-61
47000,2.10842e-61
47001,2.10176e-61
47002,2.09619e-61
47003,2.09e-61
47004,2.08364e-61
47005,2.07727e-61
47006,2.07115e-61
47007,2.06442e-61
47008,2.05832e-61
47009,2.05183e-61
47010,2.04532e-61
47011,2.0385e-61
47012,2.03188e-61
47013,2.0257e-61
47014,2.01897e-61
47015,2.01223e-61
47016,2.00622e-61
47017,2.00011e-61
47018,1.99484e-61
47019,1.98845e-61
47020,1.98246e-61
47021,1.97587e-61
47022,1.97024e-61
47023,1.96498e-61
47024,1.95901e-61
47025,1.95372e-61
47026,1.94841e-61
47027,1.94311e-61
47028,1.93741e-61
47029,1.93146e-61
47030,1.92631e-61
47031,1.92028e-61
47032,1.91462e-61
47033,1.90945e-61
47034,1.90403e-61
47035,1.89899e-61
47036,1.89314e-61
47037,1.88707e-61
47038,1.88075e-61
47039,1.87557e-61
47040,1.86997e-61
47041,1.86414e-61
47042,1.85909e-61
47043,1.85381e-61
47044,1.84864e-61
47045,1.84368e-61
47046,1.83855e-61
47047,1.83286e-61
47048,1.82711e-61
47049,1.82192e-61
47050,1.81634e-61
47051,1.81129e-61
47052,1.80621e-61
47053,1.80033e-61
47054,1.79518e-61
47055,1.78932e-61
47056,1.78453e-61
47057,1.77932e-61
47058,1.77453e-61
47059,1.76923e-61
47060,1.76444e-61
47061,1.75962e-61
47062,1.75456e-61
47063,1.74929e-61
47064,1.74433e-61
47065,1.73888e-61
47066,1.73353e-61
47067,1.72894e-61
47068,1.72381e-61
47069,1.71859e-61
47070,1.71382e-61
47071,1.70921e-61
47072,1.70442e-61
47073,1.69957e-61
47074,1.69457e-61
47075,1.6895e-61
47076,1.68452e-61
47077,1.67924e-61
47078,1.67451e-61
47079,1.66994e-61
47080,1.66553e-61
47081,1.66019e-61
47082,1.65535e-61
47083,1.65065e-61
47084,1.64532e-61
47085,1.64012e-61
47086,1.63549e-61
47087,1.63012e-61
47088,1.62562e-61
47089,1.62096e-61
47090,1.61608e-61
47091,1.61149e-61
47092,1.60665e-61
47093,1.60133e-61
47094,1.59602e-61
47095,1.59072e-61
47096,1.58565e-61
47097,1.58089e-61
47098,1.57569e-61
47099,1.57123e-61
47100,1.56702e-61
47101,1.56277e-61
47102,1.55828e-61
47103,1.5538e-61
47104,1.54918e-61
47105,1.54417e-61
47106,1.53903e-61
47107,1.5338e-61
47108,1.52902e-61
47109,1.5248e-61
47110,1.52067e-61
47111,1.51604e-61
47112,1.51193e-61
47113,1.50745e-61
47114,1.50245e-61
47115,1.49848e-61
47116,1.49432e-61
47117,1.49016e-61
47118,1.48624e-61
47119,1.48194e-61
47120,1.4774e-61
47121,1.47289e-61
47122,1.46822e-61
47123,1.46413e-61
47124,1.45975e-61
47125,1.45526e-61
47126,1.45133e-61
47127,1.44727e-61
47128,1.44333e-61
47129,1.43951e-61
47130,1.43523e-61
47131,1.43123e-61
47132,1.42728e-61
47133,1.42264e-61
47134,1.41822e-61
47135,1.41374e-61
47136,1.40915e-61
47137,1.40485e-61
47138,1.40045e-61
47139,1.39631e-61
47140,1.39191e-61
47141,1.38737e-61
47142,1.38362e-61
47143,1.3792e-61
47144,1.37518e-61
47145,1.37148e-61
47146,1.36708e-61
47147,1.36281e-61
47148,1.35887e-61
47149,1.35443e-61
47150,1.35078e-61
47151,1.34723e-61
47152,1.34325e-61
47153,1.33892e-61
47154,1.33515e-61
47155,1.33157e-61
47156,1.32766e-61
47157,1.32383e-61
47158,1.32002e-61
47159,1.31596e-61
47160,1.3121e-61
47161,1.30779e-61
47162,1.30343e-61
47163,1.29935e-61
47164,1.29506e-61
47165,1.29111e-61
47166,1.28737e-61
47167,1.28334e-61
47168,1.27987e-61
47169,1.27645e-61
47170,1.27295e-61
47171,1.26889e-61
47172,1.26465e-61
47173,1.26102e-61
47174,1.25706e-61
47175,1.25344e-61
47176,1.24979e-61
47177,1.24593e-61
47178,1.24267e-61
47179,1.23879e-61
47180,1.23497e-61
47181,1.23164e-61
47182,1.22775e-61
47183,1.2244e-61
47184,1.22042e-61
47185,1.21713e-61
47186,1.21375e-61
47187,1.21018e-61
47188,1.20662e-61
47189,1.20292e-61
47190,1.19963e-61
47191,1.19578e-61
47192,1.19211e-61
47193,1.18893e-61
47194,1.1854e-61
47195,1.18187e-61
47196,1.17825e-61
47197,1.17436e-61
47198,1.17105e-61
47199,1.1674e-61
47200,1.16433e-61
47201,1.16094e-61
47202,1.15741e-61
47203,1.15356e-61
47204,1.14982e-61
47205,1.14648e-61
47206,1.14322e-61
47207,1.14005e-61
47208,1.13704e-61
47209,1.13382e-61
47210,1.13083e-61
47211,1.1274e-61
47212,1.12407e-61
47213,1.12044e-61
47214,1.1168e-61
47215,1.11349e-61
47216,1.10982e-61
47217,1.10686e-61
47218,1.1033e-61
47219,1.10004e-61
47220,1.09662e-61
47221,1.09367e-61
47222,1.09056e-61
47223,1.08749e-61
47224,1.08452e-61
47225,1.08104e-61
47226,1.07755e-61
47227,1.07405e-61
47228,1.07055e-61
47229,1.06769e-61
47230,1.06452e-61
47231,1.06109e-61
47232,1.05788e-61
47233,1.05499e-61
47234,1.05165e-61
47235,1.04864e-61
47236,1.04552e-61
47237,1.04265e-61
47238,1.03956e-61
47239,1.03641e-61
47240,1.0333e-61
47241,1.03018e-61
47242,1.02731e-61
47243,1.02394e-61
47244,1.0209e-61
47245,1.0182e-61
47246,1.01525e-61
47247,1.0123e-61
47248,1.00958e-61
47249,1.00669e-61
47250,1.00347e-61
47251,1.00021e-61
47252,9.97215e-62
47253,9.94472e-62
47254,9.91791e-62
47255,9.88769e-62
47256,9.86122e-62
47257,9.82954e-62
47258,9.8002e-62
47259,9.76814e-62
47260,9.73497e-62
47261,9.70923e-62
47262,9.67905e-62
47263,9.64998e-62
47264,9.62333e-62
47265,9.59421e-62
47266,9.56329e-62
47267,9.53282e-62
47268,9.50208e-62
47269,9.47444e-62
47270,9.44758e-62
47271,9.42079e-62
47272,9.39005e-62
47273,9.36142e-62
47274,9.33476e-62
47275,9.30781e-62
47276,9.27959e-62
47277,9.25017e-62
47278,9.22031e-62
47279,9.19106e-62
47280,9.16598e-62
47281,9.13809e-62
47282,9.11058e-62
47283,9.08257e-62
47284,9.05316e-62
47285,9.02481e-62
47286,8.99913e-62
47287,8.96989e-62
47288,8.94226e-62
47289,8.91368e-62
47290,8.88458e-62
47291,8.85722e-62
47292,8.82869e-62
47293,8.80133e-62
47294,8.77756e-62
47295,8.75447e-62
47296,8.73021e-62
47297,8.70185e-62
47298,8.67392e-62
47299,8.65094e-62
47300,8.62649e-62
47301,8.60347e-62
47302,8.57893e-62
47303,8.55482e-62
47304,8.52879e-62
47305,8.5022e-62
47306,8.47562e-62
47307,8.45195e-62
47308,8.42729e-62
47309,8.40236e-62
47310,8.37468e-62
47311,8.3488e-62
47312,8.32607e-62
47313,8.3016e-62
47314,8.27849e-62
47315,8.25137e-62
47316,8.22874e-62
47317,8.20427e-62
47318,8.17743e-62
47319,8.15118e-62
47320,8.12779e-62
47321,8.10224e-62
47322,8.0789e-62
47323,8.05693e-62
47324,8.03379e-62
47325,8.0102e-62
47326,7.98826e-62
47327,7.96401e-62
47328,7.94075e-62
47329,7.91475e-62
47330,7.88981e-62
47331,7.86469e-62
47332,7.844e-62
47333,7.82322e-62
47334,7.80257e-62
47335,7.77894e-62
47336,7.75441e-62
47337,7.72989e-62
47338,7.70446e-62
47339,7.68313e-62
47340,7.66196e-62
47341,7.63764e-62
47342,7.61305e-62
47343,7.59103e-62
47344,7.56938e-62
47345,7.54941e-62
47346,7.52801e-62
47347,7.50575e-62
47348,7.48304e-62
47349,7.46202e-62
47350,7.4412e-62
47351,7.41721e-62
47352,7.39762e-62
47353,7.3754e-62
47354,7.35579e-62
47355,7.33456e-62
47356,7.31498e-62
47357,7.29474e-62
47358,7.27535e-62
47359,7.25402e-62
47360,7.23414e-62
47361,7.21167e-62
47362,7.19147e-62
47363,7.17172e-62
47364,7.14918e-62
47365,7.12894e-62
47366,7.10619e-62
47367,7.08465e-62
47368,7.06609e-62
47369,7.04433e-62
47370,7.02209e-62
47371,7.00255e-62
47372,6.98152e-62
47373,6.9606e-62
47374,6.93951e-62
47375,6.91672e-62
47376,6.89556e-62
47377,6.87285e-62
47378,6.85258e-62
47379,6.83398e-62
47380,6.81526e-62
47381,6.79438e-62
47382,6.77637e-62
47383,6.75768e-62
47384,6.73869e-62
47385,6.72058e-62
47386,6.70019e-62
47387,6.68086e-62
47388,6.66179e-62
47389,6.64112e-62
47390,6.61947e-62
47391,6.59946e-62
47392,6.58e-62
47393,6.56226e-62
47394,6.54205e-62
47395,6.52369e-62
47396,6.50489e-62
47397,6.48533e-62
47398,6.46463e-62
47399,6.44572e-62
47400,6.42749e-62
47401,6.40835e-62
47402,6.38874e-62
47403,6.36789e-62
47404,6.35093e-62
47405,6.33351e-62
47406,6.3136e-62
47407,6.29412e-62
47408,6.27709e-62
47409,6.25976e-62
47410,6.24023e-62
47411,6.22246e-62
47412,6.20233e-62
47413,6.18221e-62
47414,6.16348e-62
47415,6.14647e-62
47416,6.12666e-62
47417,6.10978e-62
47418,6.09151e-62
47419,6.07444e-62
47420,6.0549e-62
47421,6.03705e-62
47422,6.01792e-62
47423,6.00057e-62
47424,5.98263e-62
47425,5.96484e-62
47426,5.94665e-62
47427,5.92701e-62
47428,5.91121e-62
47429,5.89421e-62
47430,5.87741e-62
47431,5.86057e-62
47432,5.84146e-62
47433,5.82178e-62
47434,5.80539e-62
47435,5.78629e-62
47436,5.77042e-62
47437,5.75515e-62
47438,5.73783e-62
47439,5.72165e-62
47440,5.70564e-62
47441,5.68926e-62
47442,5.67206e-62
47443,5.65651e-62
47444,5.641e-62
47445,5.62579e-62
47446,5.60972e-62
47447,5.59465e-62
47448,5.57892e-62
47449,5.5608e-62
47450,5.54468e-62
47451,5.52942e-62
47452,5.51362e-62
47453,5.49866e-62
47454,5.48232e-62
47455,5.46444e-62
47456,5.44741e-62
47457,5.43253e-62
47458,5.41532e-62
47459,5.39827e-62
47460,5.38187e-62
47461,5.36707e-62
47462,5.3528e-62
47463,5.3371e-62
47464,5.3226e-62
47465,5.3076e-62
47466,5.29195e-62
47467,5.27696e-62
47468,5.26188e-62
47469,5.24772e-62
47470,5.23201e-62
47471,5.21598e-62
47472,5.20045e-62
47473,5.1862e-62
47474,5.16992e-62
47475,5.15375e-62
47476,5.13912e-62
47477,5.1251e-62
47478,5.10907e-62
47479,5.09341e-62
47480,5.07971e-62
47481,5.06595e-62
47482,5.05009e-62
47483,5.03511e-62
47484,5.02092e-62
47485,5.00664e-62
47486,4.99228e-62
47487,4.97605e-62
47488,4.96114e-62
47489,4.9474e-62
47490,4.93241e-62
47491,4.91934e-62
47492,4.90524e-62
47493,4.8901e-62
47494,4.87535e-62
47495,4.8607e-62
47496,4.8445e-62
47497,4.83171e-62
47498,4.81649e-62
47499,4.80263e-62
47500,4.78961e-62
47501,4.77575e-62
47502,4.76005e-62
47503,4.74523e-62
47504,4.7307e-62
47505,4.71567e-62
47506,4.70224e-62
47507,4.68707e-62
47508,4.67144e-62
47509,4.65891e-62
47510,4.64525e-62
47511,4.63301e-62
47512,4.62023e-62
47513,4.60729e-62
47514,4.59372e-62
47515,4.58005e-62
47516,4.56606e-62
47517,4.55124e-62
47518,4.53782e-62
47519,4.52561e-62
47520,4.51357e-62
47521,4.50162e-62
47522,4.48943e-62
47523,4.47634e-62
47524,4.46233e-62
47525,4.44837e-62
47526,4.4334e-62
47527,4.41921e-62
47528,4.40523e-62
47529,4.39091e-62
47530,4.37919e-62
47531,4.36535e-62
47532,4.35307e-62
47533,4.34157e-62
47534,4.32891e-62
47535,4.31499e-62
47536,4.30105e-62
47537,4.2872e-62
47538,4.27351e-62
47539,4.25997e-62
47540,4.24604e-62
47541,4.23415e-62
47542,4.22095e-62
47543,4.20965e-62
47544,4.19724e-62
47545,4.18557e-62
47546,4.17299e-62
47547,4.16168e-62
47548,4.15055e-62
47549,4.13966e-62
47550,4.12823e-62
47551,4.11701e-62
47552,4.10608e-62
47553,4.09435e-62
47554,4.08193e-62
47555,4.06891e-62
47556,4.05808e-62
47557,4.0459e-62
47558,4.03382e-62
47559,4.02105e-62
47560,4.00919e-62
47561,3.99706e-62
47562,3.98482e-62
47563,3.97236e-62
47564,3.96015e-62
47565,3.94952e-62
47566,3.9378e-62
47567,3.92636e-62
47568,3.91372e-62
47569,3.90261e-62
47570,3.89206e-62
47571,3.88006e-62
47572,3.8684e-62
47573,3.85587e-62
47574,3.84337e-62
47575,3.83321e-62
47576,3.82295e-62
47577,3.812e-62
47578,3.80159e-62
47579,3.7912e-62
47580,3.7803e-62
47581,3.76937e-62
47582,3.75866e-62
47583,3.74767e-62
47584,3.73584e-62
47585,3.72342e-62
47586,3.71297e-62
47587,3.7012e-62
47588,3.69001e-62
47589,3.67836e-62
47590,3.66708e-62
47591,3.65488e-62
47592,3.64438e-62
47593,3.63433e-62
47594,3.62323e-62
47595,3.61128e-62
47596,3.601e-62
47597,3.59108e-62
47598,3.58089e-62
47599,3.57115e-62
47600,3.56066e-62
47601,3.5502e-62
47602,3.53873e-62
47603,3.52944e-62
47604,3.5195e-62
47605,3.50869e-62
47606,3.49939e-62
47607,3.48932e-62
47608,3.48006e-62
47609,3.47049e-62
47610,3.46007e-62
47611,3.4499e-62
47612,3.43942e-62
47613,3.42814e-62
47614,3.41675e-62
47615,3.40682e-62
47616,3.3959e-62
47617,3.38668e-62
47618,3.3774e-62
47619,3.36773e-62
47620,3.3569e-62
47621,3.34611e-62
47622,3.33648e-62
47623,3.32731e-62
47624,3.31646e-62
47625,3.3052e-62
47626,3.29623e-62
47627,3.28703e-62
47628,3.27801e-62
47629,3.26846e-62
47630,3.25895e-62
47631,3.24888e-62
47632,3.23821e-62
47633,3.229e-62
47634,3.21904e-62
47635,3.2101e-62
47636,3.19965e-62
47637,3.18946e-62
47638,3.17959e-62
47639,3.17125e-62
47640,3.16109e-62
47641,3.15232e-62
47642,3.14311e-62
47643,3.13373e-62
47644,3.12527e-62
47645,3.11639e-62
47646,3.10635e-62
47647,3.09593e-62
47648,3.08665e-62
47649,3.07842e-62
47650,3.06972e-62
47651,3.06097e-62
47652,3.0512e-62
47653,3.04167e-62
47654,3.0325e-62
47655,3.02277e-62
47656,3.01334e-62
47657,3.004e-62
47658,2.99596e-62
47659,2.9865e-62
47660,2.97848e-62
47661,2.96974e-62
47662,2.96088e-62
47663,2.95103e-62
47664,2.94148e-62
47665,2.93333e-62
47666,2.92524e-62
47667,2.91618e-62
47668,2.90654e-62
47669,2.89703e-62
47670,2.88777e-62
47671,2.87833e-62
47672,2.87072e-62
47673,2.86287e-62
47674,2.85468e-62
47675,2.84692e-62
47676,2.83849e-62
47677,2.83054e-62
47678,2.82295e-62
47679,2.81375e-62
47680,2.80567e-62
47681,2.79752e-62
47682,2.78954e-62
47683,2.78192e-62
47684,2.77451e-62
47685,2.76571e-62
47686,2.75642e-62
47687,2.7476e-62
47688,2.73933e-62
47689,2.73206e-62
47690,2.72393e-62
47691,2.71564e-62
47692,2.70745e-62
47693,2.70022e-62
47694,2.69214e-62
47695,2.68448e-62
47696,2.67696e-62
47697,2.66853e-62
47698,2.66146e-62
47699,2.65417e-62
47700,2.64615e-62
47701,2.63774e-62
47702,2.63076e-62
47703,2.62279e-62
47704,2.61411e-62
47705,2.60641e-62
47706,2.59814e-62
47707,2.59039e-62
47708,2.58238e-62
47709,2.57394e-62
47710,2.56625e-62
47711,2.55771e-62
47712,2.55043e-62
47713,2.54234e-62
47714,2.53539e-62
47715,2.52816e-62
47716,2.52038e-62
47717,2.51355e-62
47718,2.50685e-62
47719,2.50001e-62
47720,2.49317e-62
47721,2.48561e-62
47722,2.47771e-62
47723,2.46987e-62
47724,2.46209e-62
47725,2.45499e-62
47726,2.44851e-62
47727,2.4406e-62
47728,2.43395e-62
47729,2.42747e-62
47730,2.42086e-62
47731,2.41334e-62
47732,2.40552e-62
47733,2.39886e-62
47734,2.39195e-62
47735,2.38439e-62
47736,2.37706e-62
47737,2.37053e-62
47738,2.36391e-62
47739,2.3573e-62
47740,2.35105e-62
47741,2.3438e-62
47742,2.33723e-62
47743,2.33059e-62
47744,2.32363e-62
47745,2.31689e-62
47746,2.30971e-62
47747,2.30331e-62
47748,2.29648e-62
47749,2.28924e-62
47750,2.28258e-62
47751,2.27551e-62
47752,2.2689e-62
47753,2.26273e-62
47754,2.2562e-62
47755,2.25016e-62
47756,2.24356e-62
47757,2.237e-62
47758,2.23106e-62
47759,2.22432e-62
47760,2.2177e-62
47761,2.21157e-62
47762,2.20522e-62
47763,2.19895e-62
47764,2.19259e-62
47765,2.18569e-62
47766,2.17978e-62
47767,2.17266e-62
47768,2.16538e-62
47769,2.15906e-62
47770,2.15301e-62
47771,2.14596e-62
47772,2.14016e-62
47773,2.13386e-62
47774,2.1278e-62
47775,2.1213e-62
47776,2.11435e-62
47777,2.10717e-62
47778,2.10019e-62
47779,2.09401e-62
47780,2.08742e-62
47781,2.08161e-62
47782,2.07601e-62
47783,2.0704e-62
47784,2.06449e-62
47785,2.05838e-62
47786,2.05268e-62
47787,2.04614e-62
47788,2.03932e-62
47789,2.03356e-62
47790,2.02757e-62
47791,2.02165e-62
47792,2.0157e-62
47793,2.00921e-62
47794,2.00278e-62
47795,1.99622e-62
47796,1.99002e-62
47797,1.98354e-62
47798,1.97702e-62
47799,1.97099e-62
47800,1.96549e-62
47801,1.9602e-62
47802,1.9544e-62
47803,1.94882e-62
47804,1.94291e-62
47805,1.93664e-62
47806,1.93011e-62
47807,1.92428e-62
47808,1.91809e-62
47809,1.91186e-62
47810,1.90551e-62
47811,1.89965e-62
47812,1.89463e-62
47813,1.88846e-62
47814,1.88249e-62
47815,1.877e-62
47816,1.87142e-62
47817,1.86532e-62
47818,1.86007e-62
47819,1.85466e-62
47820,1.84959e-62
47821,1.84388e-62
47822,1.83788e-62
47823,1.83218e-62
47824,1.8266e-62
47825,1.82101e-62
47826,1.81561e-62
47827,1.81062e-62
47828,1.80533e-62
47829,1.80018e-62
47830,1.79458e-62
47831,1.78896e-62
47832,1.78369e-62
47833,1.7787e-62
47834,1.77403e-62
47835,1.76934e-62
47836,1.76461e-62
47837,1.75888e-62
47838,1.75355e-62
47839,1.7478e-62
47840,1.74214e-62
47841,1.73699e-62
47842,1.73186e-62
47843,1.72631e-62
47844,1.72122e-62
47845,1.71651e-62
47846,1.71178e-62
47847,1.70624e-62
47848,1.70169e-62
47849,1.69673e-62
47850,1.69186e-62
47851,1.68718e-62
47852,1.68256e-62
47853,1.67792e-62
47854,1.6726e-62
47855,1.66728e-62
47856,1.66188e-62
47857,1.65713e-62
47858,1.65174e-62
47859,1.64708e-62
47860,1.64206e-62
47861,1.63699e-62
47862,1.63155e-62
47863,1.6272e-62
47864,1.62201e-62
47865,1.61658e-62
47866,1.61222e-62
47867,1.60699e-62
47868,1.60161e-62
47869,1.59662e-62
47870,1.5914e-62
47871,1.58633e-62
47872,1.58212e-62
47873,1.57763e-62
47874,1.57292e-62
47875,1.56826e-62
47876,1.5636e-62
47877,1.55867e-62
47878,1.55411e-62
47879,1.54943e-62
47880,1.54515e-62
47881,1.54032e-62
47882,1.5354e-62
47883,1.53094e-62
47884,1.5259e-62
47885,1.52118e-62
47886,1.51707e-62
47887,1.51234e-62
47888,1.50735e-62
47889,1.50337e-62
47890,1.4994e-62
47891,1.49497e-62
47892,1.49035e-62
47893,1.48537e-62
47894,1.48077e-62
47895,1.47629e-62
47896,1.47143e-62
47897,1.46678e-62
47898,1.46237e-62
47899,1.45764e-62
47900,1.45348e-62
47901,1.44929e-62
47902,1.44493e-62
47903,1.44078e-62
47904,1.4363e-62
47905,1.43243e-62
47906,1.42791e-62
47907,1.42395e-62
47908,1.41942e-62
47909,1.41546e-62
47910,1.41102e-62
47911,1.40729e-62
47912,1.40272e-62
47913,1.39847e-62
47914,1.3944e-62
47915,1.38982e-62
47916,1.38604e-62
47917,1.38196e-62
47918,1.37763e-62
47919,1.37398e-62
47920,1.36993e-62
47921,1.36561e-62
47922,1.36145e-62
47923,1.35771e-62
47924,1.35351e-62
47925,1.34981e-62
47926,1.34563e-62
47927,1.34146e-62
47928,1.33712e-62
47929,1.33337e-62
47930,1.32944e-62
47931,1.32584e-62
47932,1.32183e-62
47933,1.31832e-62
47934,1.31447e-62
47935,1.31073e-62
47936,1.30716e-62
47937,1.30349e-62
47938,1.29961e-62
47939,1.29529e-62
47940,1.29137e-62
47941,1.28771e-62
47942,1.28433e-62
47943,1.28056e-62
47944,1.27647e-62
47945,1.27273e-62
47946,1.269e-62
47947,1.26483e-62
47948,1.26062e-62
47949,1.25715e-62
47950,1.25304e-62
47951,1.24936e-62
47952,1.24528e-62
47953,1.24149e-62
47954,1.23771e-62
47955,1.2339e-62
47956,1.23004e-62
47957,1.22654e-62
47958,1.2231e-62
47959,1.21947e-62
47960,1.21581e-62
47961,1.21196e-62
47962,1.2082e-62
47963,1.2049e-62
47964,1.20111e-62
47965,1.19787e-62
47966,1.19437e-62
47967,1.19045e-62
47968,1.18696e-62
47969,1.18302e-62
47970,1.17906e-62
47971,1.17512e-62
47972,1.17176e-62
47973,1.16795e-62
47974,1.16454e-62
47975,1.16139e-62
47976,1.15811e-62
47977,1.15443e-62
47978,1.15135e-62
47979,1.14818e-62
47980,1.14442e-62
47981,1.14139e-62
47982,1.13795e-62
47983,1.13424e-62
47984,1.13076e-62
47985,1.12763e-62
47986,1.12429e-62
47987,1.12114e-62
47988,1.11783e-62
47989,1.11428e-62
47990,1.1107e-62
47991,1.10778e-62
47992,1.1045e-62
47993,1.10129e-62
47994,1.09828e-62
47995,1.09516e-62
47996,1.09191e-62
47997,1.08856e-62
47998,1.0855e-62
47999,1.082e-62
48000,1.07864e-62
48001,1.07567e-62
48002,1.07229e-62
48003,1.06874e-62
48004,1.06586e-62
48005,1.06295e-62
48006,1.06014e-62
48007,1.0571e-62
48008,1.0536e-62
48009,1.05077e-62
48010,1.0476e-62
48011,1.04412e-62
48012,1.04128e-62
48013,1.03841e-62
48014,1.03509e-62
48015,1.03184e-62
48016,1.02882e-62
48017,1.02585e-62
48018,1.02249e-62
48019,1.0191e-62
48020,1.01629e-62
48021,1.01315e-62
48022,1.00982e-62
48023,1.00662e-62
48024,1.0039e-62
48025,1.00123e-62
48026,9.98587e-63
48027,9.95581e-63
48028,9.92492e-63
48029,9.89671e-63
48030,9.86735e-63
48031,9.83947e-63
48032,9.81056e-63
48033,9.78281e-63
48034,9.75584e-63
48035,9.72672e-63
48036,9.69798e-63
48037,9.67102e-63
48038,9.63958e-63
48039,9.61087e-63
48040,9.58357e-63
48041,9.55489e-63
48042,9.5269e-63
48043,9.4991e-63
48044,9.46918e-63
48045,9.44228e-63
48046,9.41684e-63
48047,9.39123e-63
48048,9.36251e-63
48049,9.33767e-63
48050,9.313e-63
48051,9.28366e-63
48052,9.25411e-63
48053,9.2233e-63
48054,9.19519e-63
48055,9.16539e-63
48056,9.13445e-63
48057,9.10633e-63
48058,9.07939e-63
48059,9.05149e-63
48060,9.02205e-63
48061,8.99164e-63
48062,8.9614e-63
48063,8.93559e-63
48064,8.91062e-63
48065,8.88658e-63
48066,8.8583e-63
48067,8.83027e-63
48068,8.80488e-63
48069,8.77689e-63
48070,8.75278e-63
48071,8.72616e-63
48072,8.70106e-63
48073,8.67471e-63
48074,8.65161e-63
48075,8.62838e-63
48076,8.60089e-63
48077,8.5773e-63
48078,8.55341e-63
48079,8.52789e-63
48080,8.50433e-63
48081,8.48047e-63
48082,8.45611e-63
48083,8.42848e-63
48084,8.40507e-63
48085,8.37799e-63
48086,8.35096e-63
48087,8.328e-63
48088,8.30362e-63
48089,8.28049e-63
48090,8.25437e-63
48091,8.23075e-63
48092,8.20811e-63
48093,8.18274e-63
48094,8.15744e-63
48095,8.13343e-63
48096,8.10739e-63
48097,8.08305e-63
48098,8.06103e-63
48099,8.0391e-63
48100,8.01645e-63
48101,7.99379e-63
48102,7.96858e-63
48103,7.9438e-63
48104,7.91771e-63
48105,7.89173e-63
48106,7.86645e-63
48107,7.84122e-63
48108,7.81468e-63
48109,7.78795e-63
48110,7.76562e-63
48111,7.74427e-63
48112,7.72265e-63
48113,7.69896e-63
48114,7.6781e-63
48115,7.65571e-63
48116,7.63262e-63
48117,7.60766e-63
48118,7.58405e-63
48119,7.56404e-63
48120,7.54361e-63
48121,7.52183e-63
48122,7.50036e-63
48123,7.47911e-63
48124,7.45891e-63
48125,7.4347e-63
48126,7.41093e-63
48127,7.38619e-63
48128,7.36414e-63
48129,7.34021e-63
48130,7.3205e-63
48131,7.29776e-63
48132,7.27769e-63
48133,7.25447e-63
48134,7.23327e-63
48135,7.21401e-63
48136,7.1919e-63
48137,7.17236e-63
48138,7.14975e-63
48139,7.12732e-63
48140,7.10805e-63
48141,7.08891e-63
48142,7.06638e-63
48143,7.0459e-63
48144,7.02364e-63
48145,7.00004e-63
48146,6.97711e-63
48147,6.957e-63
48148,6.93459e-63
48149,6.91416e-63
48150,6.89432e-63
48151,6.87155e-63
48152,6.84905e-63
48153,6.82743e-63
48154,6.80803e-63
48155,6.78583e-63
48156,6.76464e-63
48157,6.74678e-63
48158,6.72538e-63
48159,6.70728e-63
48160,6.68582e-63
48161,6.66345e-63
48162,6.64149e-63
48163,6.62375e-63
48164,6.60298e-63
48165,6.58454e-63
48166,6.56676e-63
48167,6.54745e-63
48168,6.52867e-63
48169,6.50738e-63
48170,6.48948e-63
48171,6.47051e-63
48172,6.45339e-63
48173,6.43638e-63
48174,6.4162e-63
48175,6.39551e-63
48176,6.37383e-63
48177,6.35392e-63
48178,6.33665e-63
48179,6.3165e-63
48180,6.29978e-63
48181,6.28136e-63
48182,6.2612e-63
48183,6.24067e-63
48184,6.22357e-63
48185,6.20674e-63
48186,6.18731e-63
48187,6.16744e-63
48188,6.15058e-63
48189,6.13184e-63
48190,6.11186e-63
48191,6.09567e-63
48192,6.07741e-63
48193,6.0584e-63
48194,6.04209e-63
48195,6.02475e-63
48196,6.00512e-63
48197,5.9884e-63
48198,5.96922e-63
48199,5.95234e-63
48200,5.9362e-63
48201,5.92052e-63
48202,5.9023e-63
48203,5.88612e-63
48204,5.87051e-63
48205,5.85315e-63
48206,5.83383e-63
48207,5.81838e-63
48208,5.80262e-63
48209,5.78709e-63
48210,5.76864e-63
48211,5.75278e-63
48212,5.73561e-63
48213,5.71763e-63
48214,5.70258e-63
48215,5.68512e-63
48216,5.66672e-63
48217,5.64838e-63
48218,5.63149e-63
48219,5.61278e-63
48220,5.59612e-63
48221,5.58009e-63
48222,5.56543e-63
48223,5.55078e-63
48224,5.53608e-63
48225,5.52122e-63
48226,5.50535e-63
48227,5.48727e-63
48228,5.47159e-63
48229,5.45629e-63
48230,5.44116e-63
48231,5.42535e-63
48232,5.41007e-63
48233,5.39246e-63
48234,5.37588e-63
48235,5.36052e-63
48236,5.34478e-63
48237,5.32876e-63
48238,5.31346e-63
48239,5.29737e-63
48240,5.28114e-63
48241,5.26642e-63
48242,5.24997e-63
48243,5.23561e-63
48244,5.21866e-63
48245,5.20191e-63
48246,5.18489e-63
48247,5.16818e-63
48248,5.15245e-63
48249,5.13777e-63
48250,5.1217e-63
48251,5.10453e-63
48252,5.0885e-63
48253,5.07231e-63
48254,5.05521e-63
48255,5.03917e-63
48256,5.02277e-63
48257,5.00815e-63
48258,4.9928e-63
48259,4.97925e-63
48260,4.96418e-63
48261,4.9481e-63
48262,4.93303e-63
48263,4.91688e-63
48264,4.90096e-63
48265,4.88765e-63
48266,4.87419e-63
48267,4.86065e-63
48268,4.8458e-63
48269,4.83117e-63
48270,4.81563e-63
48271,4.80207e-63
48272,4.78701e-63
48273,4.77243e-63
48274,4.75852e-63
48275,4.74374e-63
48276,4.73019e-63
48277,4.71703e-63
48278,4.70323e-63
48279,4.68808e-63
48280,4.67383e-63
48281,4.66094e-63
48282,4.64619e-63
48283,4.63336e-63
48284,4.61838e-63
48285,4.60342e-63
48286,4.58829e-63
48287,4.57355e-63
48288,4.561e-63
48289,4.54758e-63
48290,4.53287e-63
48291,4.51827e-63
48292,4.50527e-63
48293,4.49219e-63
48294,4.47835e-63
48295,4.46625e-63
48296,4.45303e-63
48297,4.43865e-63
48298,4.42585e-63
48299,4.41374e-63
48300,4.40103e-63
48301,4.38903e-63
48302,4.37635e-63
48303,4.36442e-63
48304,4.35096e-63
48305,4.33698e-63
48306,4.32281e-63
48307,4.31143e-63
48308,4.30004e-63
48309,4.28799e-63
48310,4.27426e-63
48311,4.26121e-63
48312,4.24858e-63
48313,4.23541e-63
48314,4.22197e-63
48315,4.20968e-63
48316,4.19728e-63
48317,4.18453e-63
48318,4.17318e-63
48319,4.16056e-63
48320,4.14945e-63
48321,4.13596e-63
48322,4.12387e-63
48323,4.11193e-63
48324,4.10005e-63
48325,4.0892e-63
48326,4.0772e-63
48327,4.06393e-63
48328,4.05046e-63
48329,4.0372e-63
48330,4.02644e-63
48331,4.01518e-63
48332,4.00205e-63
48333,3.99012e-63
48334,3.97848e-63
48335,3.96619e-63
48336,3.95506e-63
48337,3.94404e-63
48338,3.93192e-63
48339,3.92082e-63
48340,3.90916e-63
48341,3.89743e-63
48342,3.88489e-63
48343,3.87177e-63
48344,3.86101e-63
48345,3.84944e-63
48346,3.83837e-63
48347,3.82658e-63
48348,3.81615e-63
48349,3.80497e-63
48350,3.79429e-63
48351,3.78383e-63
48352,3.77279e-63
48353,3.76121e-63
48354,3.74973e-63
48355,3.73764e-63
48356,3.7259e-63
48357,3.71595e-63
48358,3.7045e-63
48359,3.69329e-63
48360,3.68125e-63
48361,3.66939e-63
48362,3.65747e-63
48363,3.6455e-63
48364,3.63532e-63
48365,3.62525e-63
48366,3.61456e-63
48367,3.6039e-63
48368,3.59329e-63
48369,3.58346e-63
48370,3.57236e-63
48371,3.56042e-63
48372,3.54915e-63
48373,3.53837e-63
48374,3.52666e-63
48375,3.51499e-63
48376,3.5055e-63
48377,3.49565e-63
48378,3.48528e-63
48379,3.47557e-63
48380,3.46471e-63
48381,3.45364e-63
48382,3.44346e-63
48383,3.43397e-63
48384,3.42406e-63
48385,3.41271e-63
48386,3.40103e-63
48387,3.39195e-63
48388,3.38293e-63
48389,3.37252e-63
48390,3.36218e-63
48391,3.35107e-63
48392,3.34103e-63
48393,3.3313e-63
48394,3.3208e-63
48395,3.31038e-63
48396,3.30017e-63
48397,3.29092e-63
48398,3.28199e-63
48399,3.27325e-63
48400,3.26384e-63
48401,3.25337e-63
48402,3.24477e-63
48403,3.23613e-63
48404,3.22683e-63
48405,3.21624e-63
48406,3.20546e-63
48407,3.19582e-63
48408,3.18689e-63
48409,3.17761e-63
48410,3.16772e-63
48411,3.15709e-63
48412,3.14834e-63
48413,3.13983e-63
48414,3.13126e-63
48415,3.12186e-63
48416,3.11342e-63
48417,3.10493e-63
48418,3.09551e-63
48419,3.08703e-63
48420,3.07717e-63
48421,3.06858e-63
48422,3.06037e-63
48423,3.05168e-63
48424,3.0424e-63
48425,3.03258e-63
48426,3.0246e-63
48427,3.01625e-63
48428,3.00821e-63
48429,3.00005e-63
48430,2.99164e-63
48431,2.98289e-63
48432,2.97302e-63
48433,2.96453e-63
48434,2.95572e-63
48435,2.94721e-63
48436,2.93897e-63
48437,2.93043e-63
48438,2.92104e-63
48439,2.91231e-63
48440,2.9029e-63
48441,2.8941e-63
48442,2.88556e-63
48443,2.87794e-63
48444,2.86922e-63
48445,2.86042e-63
48446,2.85168e-63
48447,2.84264e-63
48448,2.83353e-63
48449,2.82565e-63
48450,2.81654e-63
48451,2.80778e-63
48452,2.79954e-63
48453,2.79028e-63
48454,2.78084e-63
48455,2.7735e-63
48456,2.76482e-63
48457,2.75558e-63
48458,2.74783e-63
48459,2.73904e-63
48460,2.73167e-63
48461,2.72361e-63
48462,2.7159e-63
48463,2.70867e-63
48464,2.70019e-63
48465,2.6915e-63
48466,2.68358e-63
48467,2.67648e-63
48468,2.6691e-63
48469,2.66168e-63
48470,2.65381e-63
48471,2.64675e-63
48472,2.63853e-63
48473,2.62975e-63
48474,2.62271e-63
48475,2.61517e-63
48476,2.60732e-63
48477,2.59926e-63
48478,2.5922e-63
48479,2.58488e-63
48480,2.57661e-63
48481,2.56982e-63
48482,2.56157e-63
48483,2.55433e-63
48484,2.54593e-63
48485,2.53749e-63
48486,2.53027e-63
48487,2.52231e-63
48488,2.51411e-63
48489,2.50652e-63
48490,2.49883e-63
48491,2.49061e-63
48492,2.48406e-63
48493,2.47613e-63
48494,2.46782e-63
48495,2.45977e-63
48496,2.452e-63
48497,2.44488e-63
48498,2.43708e-63
48499,2.42903e-63
48500,2.42151e-63
48501,2.4146e-63
48502,2.40672e-63
48503,2.39977e-63
48504,2.39305e-63
48505,2.38518e-63
48506,2.37757e-63
48507,2.36988e-63
48508,2.36251e-63
48509,2.35482e-63
48510,2.34847e-63
48511,2.34159e-63
48512,2.33405e-63
48513,2.3279e-63
48514,2.32072e-63
48515,2.31322e-63
48516,2.30555e-63
48517,2.29768e-63
48518,2.29055e-63
48519,2.28333e-63
48520,2.27648e-63
48521,2.2702e-63
48522,2.26332e-63
48523,2.25656e-63
48524,2.25052e-63
48525,2.24379e-63
48526,2.23745e-63
48527,2.23044e-63
48528,2.22303e-63
48529,2.21703e-63
48530,2.21031e-63
48531,2.20368e-63
48532,2.19727e-63
48533,2.19065e-63
48534,2.18356e-63
48535,2.17674e-63
48536,2.17015e-63
48537,2.16357e-63
48538,2.15722e-63
48539,2.15131e-63
48540,2.1451e-63
48541,2.13871e-63
48542,2.13213e-63
48543,2.12617e-63
48544,2.11984e-63
48545,2.11375e-63
48546,2.10812e-63
48547,2.10205e-63
48548,2.09604e-63
48549,2.08963e-63
48550,2.08399e-63
48551,2.07739e-63
48552,2.07067e-63
48553,2.06409e-63
48554,2.05817e-63
48555,2.05153e-63
48556,2.04571e-63
48557,2.0395e-63
48558,2.03324e-63
48559,2.02761e-63
48560,2.02136e-63
48561,2.0157e-63
48562,2.00946e-63
48563,2.00407e-63
48564,1.99779e-63
48565,1.99173e-63
48566,1.98548e-63
48567,1.97978e-63
48568,1.97446e-63
48569,1.96911e-63
48570,1.96333e-63
48571,1.9575e-63
48572,1.95148e-63
48573,1.94621e-63
48574,1.94019e-63
48575,1.9349e-63
48576,1.92924e-63
48577,1.92315e-63
48578,1.91732e-63
48579,1.91119e-63
48580,1.90561e-63
48581,1.89976e-63
48582,1.89392e-63
48583,1.8887e-63
48584,1.88331e-63
48585,1.87717e-63
48586,1.87218e-63
48587,1.86654e-63
48588,1.86093e-63
48589,1.85518e-63
48590,1.84921e-63
48591,1.84406e-63
48592,1.83814e-63
48593,1.83261e-63
48594,1.82744e-63
48595,1.82182e-63
48596,1.817e-63
48597,1.8111e-63
48598,1.80497e-63
48599,1.80006e-63
48600,1.79522e-63
48601,1.78998e-63
48602,1.78453e-63
48603,1.77891e-63
48604,1.77349e-63
48605,1.76844e-63
48606,1.76276e-63
48607,1.75677e-63
48608,1.75208e-63
48609,1.74705e-63
48610,1.74151e-63
48611,1.73637e-63
48612,1.73179e-63
48613,1.72682e-63
48614,1.72157e-63
48615,1.7166e-63
48616,1.71172e-63
48617,1.70649e-63
48618,1.70081e-63
48619,1.69521e-63
48620,1.69039e-63
48621,1.68509e-63
48622,1.68063e-63
48623,1.67605e-63
48624,1.6714e-63
48625,1.66667e-63
48626,1.66138e-63
48627,1.6567e-63
48628,1.65205e-63
48629,1.64684e-63
48630,1.64206e-63
48631,1.63734e-63
48632,1.63277e-63
48633,1.62745e-63
48634,1.62308e-63
48635,1.618e-63
48636,1.61345e-63
48637,1.60821e-63
48638,1.603e-63
48639,1.59843e-63
48640,1.5939e-63
48641,1.5891e-63
48642,1.5841e-63
48643,1.57957e-63
48644,1.57439e-63
48645,1.56987e-63
48646,1.56504e-63
48647,1.56063e-63
48648,1.55554e-63
48649,1.55071e-63
48650,1.54654e-63
48651,1.54227e-63
48652,1.53786e-63
48653,1.5337e-63
48654,1.52932e-63
48655,1.5247e-63
48656,1.52025e-63
48657,1.51609e-63
48658,1.51128e-63
48659,1.50655e-63
48660,1.50154e-63
48661,1.49737e-63
48662,1.49342e-63
48663,1.48934e-63
48664,1.48531e-63
48665,1.48132e-63
48666,1.47653e-63
48667,1.47223e-63
48668,1.46734e-63
48669,1.46264e-63
48670,1.45806e-63
48671,1.45391e-63
48672,1.4498e-63
48673,1.44563e-63
48674,1.44124e-63
48675,1.43721e-63
48676,1.43278e-63
48677,1.42876e-63
48678,1.42454e-63
48679,1.42018e-63
48680,1.41556e-63
48681,1.41122e-63
48682,1.40667e-63
48683,1.40275e-63
48684,1.39844e-63
48685,1.3946e-63
48686,1.39022e-63
48687,1.38651e-63
48688,1.38259e-63
48689,1.37839e-63
48690,1.37405e-63
48691,1.3702e-63
48692,1.36587e-63
48693,1.36153e-63
48694,1.35754e-63
48695,1.35311e-63
48696,1.3487e-63
48697,1.34481e-63
48698,1.34102e-63
48699,1.33678e-63
48700,1.33321e-63
48701,1.32892e-63
48702,1.32534e-63
48703,1.32157e-63
48704,1.31785e-63
48705,1.31378e-63
48706,1.30978e-63
48707,1.30543e-63
48708,1.30104e-63
48709,1.29758e-63
48710,1.29371e-63
48711,1.2896e-63
48712,1.28562e-63
48713,1.28189e-63
48714,1.27766e-63
48715,1.27405e-63
48716,1.27025e-63
48717,1.26624e-63
48718,1.26261e-63
48719,1.25858e-63
48720,1.25494e-63
48721,1.25163e-63
48722,1.24829e-63
48723,1.24491e-63
48724,1.24104e-63
48725,1.23736e-63
48726,1.23409e-63
48727,1.23042e-63
48728,1.22651e-63
48729,1.22301e-63
48730,1.21952e-63
48731,1.21562e-63
48732,1.21224e-63
48733,1.20872e-63
48734,1.20541e-63
48735,1.20185e-63
48736,1.19862e-63
48737,1.19492e-63
48738,1.1914e-63
48739,1.18742e-63
48740,1.18359e-63
48741,1.17958e-63
48742,1.17574e-63
48743,1.17233e-63
48744,1.16897e-63
48745,1.16531e-63
48746,1.16173e-63
48747,1.15794e-63
48748,1.15447e-63
48749,1.15069e-63
48750,1.14705e-63
48751,1.14334e-63
48752,1.13951e-63
48753,1.13585e-63
48754,1.13206e-63
48755,1.12848e-63
48756,1.12537e-63
48757,1.12171e-63
48758,1.11859e-63
48759,1.11494e-63
48760,1.11181e-63
48761,1.10849e-63
48762,1.10497e-63
48763,1.1017e-63
48764,1.09808e-63
48765,1.09439e-63
48766,1.09071e-63
48767,1.08783e-63
48768,1.08454e-63
48769,1.08142e-63
48770,1.07857e-63
48771,1.07547e-63
48772,1.07241e-63
48773,1.06902e-63
48774,1.06563e-63
48775,1.0623e-63
48776,1.0591e-63
48777,1.05608e-63
48778,1.05294e-63
48779,1.04944e-63
48780,1.0465e-63
48781,1.04363e-63
48782,1.04036e-63
48783,1.03752e-63
48784,1.03418e-63
48785,1.03091e-63
48786,1.02758e-63
48787,1.02483e-63
48788,1.02172e-63
48789,1.0183e-63
48790,1.01561e-63
48791,1.0124e-63
48792,1.00935e-63
48793,1.00613e-63
48794,1.00327e-63
48795,1.00033e-63
48796,9.97215e-64
48797,9.94465e-64
48798,9.91548e-64
48799,9.88716e-64
48800,9.85776e-64
48801,9.82853e-64
48802,9.79781e-64
48803,9.76609e-64
48804,9.73854e-64
48805,9.71019e-64
48806,9.68158e-64
48807,9.65099e-64
48808,9.62028e-64
48809,9.58801e-64
48810,9.55728e-64
48811,9.52521e-64
48812,9.49926e-64
48813,9.47129e-64
48814,9.44588e-64
48815,9.42095e-64
48816,9.39521e-64
48817,9.36517e-64
48818,9.33998e-64
48819,9.31071e-64
48820,9.28028e-64
48821,9.25525e-64
48822,9.22719e-64
48823,9.20053e-64
48824,9.17085e-64
48825,9.14045e-64
48826,9.11061e-64
48827,9.08272e-64
48828,9.05848e-64
48829,9.03319e-64
48830,9.00417e-64
48831,8.97666e-64
48832,8.94831e-64
48833,8.92096e-64
48834,8.89515e-64
48835,8.8658e-64
48836,8.83564e-64
48837,8.80656e-64
48838,8.77845e-64
48839,8.75066e-64
48840,8.72261e-64
48841,8.69683e-64
48842,8.67001e-64
48843,8.64161e-64
48844,8.61277e-64
48845,8.5852e-64
48846,8.5568e-64
48847,8.53389e-64
48848,8.50829e-64
48849,8.48004e-64
48850,8.45208e-64
48851,8.42703e-64
48852,8.40462e-64
48853,8.38007e-64
48854,8.35348e-64
48855,8.32579e-64
48856,8.30165e-64
48857,8.27653e-64
48858,8.25208e-64
48859,8.2281e-64
48860,8.20177e-64
48861,8.17822e-64
48862,8.15143e-64
48863,8.12656e-64
48864,8.09998e-64
48865,8.07681e-64
48866,8.05281e-64
48867,8.02677e-64
48868,8.00503e-64
48869,7.9829e-64
48870,7.95903e-64
48871,7.93321e-64
48872,7.90848e-64
48873,7.88661e-64
48874,7.86208e-64
48875,7.83832e-64
48876,7.81264e-64
48877,7.78838e-64
48878,7.76452e-64
48879,7.74145e-64
48880,7.71801e-64
48881,7.69537e-64
48882,7.67035e-64
48883,7.6466e-64
48884,7.62156e-64
48885,7.59759e-64
48886,7.57477e-64
48887,7.55374e-64
48888,7.53276e-64
48889,7.50824e-64
48890,7.48504e-64
48891,7.46515e-64
48892,7.44433e-64
48893,7.42214e-64
48894,7.3996e-64
48895,7.37948e-64
48896,7.35616e-64
48897,7.33646e-64
48898,7.31261e-64
48899,7.28819e-64
48900,7.26746e-64
48901,7.24583e-64
48902,7.22284e-64
48903,7.19895e-64
48904,7.1761e-64
48905,7.1546e-64
48906,7.13366e-64
48907,7.11202e-64
48908,7.0929e-64
48909,7.06971e-64
48910,7.05092e-64
48911,7.02952e-64
48912,7.00896e-64
48913,6.98602e-64
48914,6.96639e-64
48915,6.9468e-64
48916,6.92587e-64
48917,6.90405e-64
48918,6.88344e-64
48919,6.86147e-64
48920,6.83998e-64
48921,6.82171e-64
48922,6.80019e-64
48923,6.77766e-64
48924,6.75675e-64
48925,6.73705e-64
48926,6.71924e-64
48927,6.69994e-64
48928,6.68026e-64
48929,6.65806e-64
48930,6.63903e-64
48931,6.61833e-64
48932,6.59853e-64
48933,6.58097e-64
48934,6.56114e-64
48935,6.54309e-64
48936,6.52364e-64
48937,6.50644e-64
48938,6.4863e-64
48939,6.46637e-64
48940,6.44461e-64
48941,6.42366e-64
48942,6.40563e-64
48943,6.38707e-64
48944,6.36725e-64
48945,6.34835e-64
48946,6.32866e-64
48947,6.31086e-64
48948,6.29354e-64
48949,6.27646e-64
48950,6.25984e-64
48951,6.24011e-64
48952,6.22285e-64
48953,6.20302e-64
48954,6.18329e-64
48955,6.1635e-64
48956,6.14624e-64
48957,6.12703e-64
48958,6.11034e-64
48959,6.09162e-64
48960,6.0724e-64
48961,6.05455e-64
48962,6.03704e-64
48963,6.02035e-64
48964,6.00272e-64
48965,5.98286e-64
48966,5.96543e-64
48967,5.94572e-64
48968,5.92551e-64
48969,5.9095e-64
48970,5.89182e-64
48971,5.87226e-64
48972,5.85281e-64
48973,5.8338e-64
48974,5.81684e-64
48975,5.79939e-64
48976,5.78318e-64
48977,5.76791e-64
48978,5.74992e-64
48979,5.7331e-64
48980,5.71747e-64
48981,5.69946e-64
48982,5.68356e-64
48983,5.66742e-64
48984,5.65008e-64
48985,5.63137e-64
48986,5.61632e-64
48987,5.59849e-64
48988,5.58095e-64
48989,5.56553e-64
48990,5.54902e-64
48991,5.53297e-64
48992,5.51618e-64
48993,5.49816e-64
48994,5.48129e-64
48995,5.46677e-64
48996,5.44949e-64
48997,5.43138e-64
48998,5.41283e-64
48999,5.39504e-64
49000,5.37661e-64
49001,5.3601e-64
49002,5.34301e-64
49003,5.32549e-64
49004,5.31017e-64
49005,5.2958e-64
49006,5.28058e-64
49007,5.26473e-64
49008,5.25044e-64
49009,5.23614e-64
49010,5.21919e-64
49011,5.20445e-64
49012,5.18748e-64
49013,5.17327e-64
49014,5.15778e-64
49015,5.14214e-64
49016,5.12838e-64
49017,5.1129e-64
49018,5.09796e-64
49019,5.08199e-64
49020,5.06565e-64
49021,5.04879e-64
49022,5.03518e-64
49023,5.02078e-64
49024,5.0049e-64
49025,4.98932e-64
49026,4.9748e-64
49027,4.9596e-64
49028,4.94458e-64
49029,4.93029e-64
49030,4.91594e-64
49031,4.90117e-64
49032,4.88513e-64
49033,4.87168e-64
49034,4.85764e-64
49035,4.84419e-64
49036,4.83061e-64
49037,4.81546e-64
49038,4.80014e-64
49039,4.78615e-64
49040,4.77058e-64
49041,4.75558e-64
49042,4.74086e-64
49043,4.72551e-64
49044,4.71017e-64
49045,4.69717e-64
49046,4.68366e-64
49047,4.66859e-64
49048,4.65355e-64
49049,4.63854e-64
49050,4.62432e-64
49051,4.61032e-64
49052,4.59595e-64
49053,4.58166e-64
49054,4.56657e-64
49055,4.55296e-64
49056,4.5401e-64
49057,4.52736e-64
49058,4.51531e-64
49059,4.5011e-64
49060,4.48717e-64
49061,4.47389e-64
49062,4.46104e-64
49063,4.44776e-64
49064,4.43417e-64
49065,4.42018e-64
49066,4.40622e-64
49067,4.39179e-64
49068,4.37864e-64
49069,4.36578e-64
49070,4.35362e-64
49071,4.34115e-64
49072,4.32949e-64
49073,4.31579e-64
49074,4.30391e-64
49075,4.29012e-64
49076,4.27556e-64
49077,4.26247e-64
49078,4.24903e-64
49079,4.23543e-64
49080,4.22333e-64
49081,4.21144e-64
49082,4.19954e-64
49083,4.18576e-64
49084,4.17176e-64
49085,4.16021e-64
49086,4.14817e-64
49087,4.13676e-64
49088,4.1247e-64
49089,4.1126e-64
49090,4.09895e-64
49091,4.08803e-64
49092,4.075e-64
49093,4.0633e-64
49094,4.05111e-64
49095,4.0391e-64
49096,4.0284e-64
49097,4.01722e-64
49098,4.00582e-64
49099,3.99395e-64
49100,3.98161e-64
49101,3.96959e-64
49102,3.95676e-64
49103,3.94413e-64
49104,3.9327e-64
49105,3.91966e-64
49106,3.90752e-64
49107,3.89626e-64
49108,3.88464e-64
49109,3.8736e-64
49110,3.86318e-64
49111,3.85103e-64
49112,3.83927e-64
49113,3.82812e-64
49114,3.81605e-64
49115,3.80468e-64
49116,3.7932e-64
49117,3.78283e-64
49118,3.77132e-64
49119,3.75873e-64
49120,3.74713e-64
49121,3.7356e-64
49122,3.72301e-64
49123,3.7119e-64
49124,3.69971e-64
49125,3.68842e-64
49126,3.6763e-64
49127,3.66392e-64
49128,3.65204e-64
49129,3.64187e-64
49130,3.63127e-64
49131,3.62071e-64
49132,3.60937e-64
49133,3.59921e-64
49134,3.58946e-64
49135,3.57987e-64
49136,3.56993e-64
49137,3.55889e-64
49138,3.54848e-64
49139,3.53732e-64
49140,3.52539e-64
49141,3.51475e-64
49142,3.50418e-64
49143,3.4936e-64
49144,3.48226e-64
49145,3.47237e-64
49146,3.46089e-64
49147,3.45073e-64
49148,3.44067e-64
49149,3.43013e-64
49150,3.42023e-64
49151,3.40894e-64
49152,3.39939e-64
49153,3.38965e-64
49154,3.37981e-64
49155,3.37062e-64
49156,3.35983e-64
49157,3.35026e-64
49158,3.34131e-64
49159,3.33118e-64
49160,3.32125e-64
49161,3.3114e-64
49162,3.30264e-64
49163,3.29355e-64
49164,3.28334e-64
49165,3.27439e-64
49166,3.26523e-64
49167,3.25461e-64
49168,3.24397e-64
49169,3.2338e-64
49170,3.2237e-64
49171,3.21329e-64
49172,3.20455e-64
49173,3.19576e-64
49174,3.18666e-64
49175,3.17619e-64
49176,3.16675e-64
49177,3.15769e-64
49178,3.14865e-64
49179,3.13857e-64
49180,3.12806e-64
49181,3.11813e-64
49182,3.10804e-64
49183,3.09951e-64
49184,3.09132e-64
49185,3.08282e-64
49186,3.07417e-64
49187,3.06424e-64
49188,3.05508e-64
49189,3.04634e-64
49190,3.03726e-64
49191,3.02723e-64
49192,3.01739e-64
49193,3.00822e-64
49194,3.00003e-64
49195,2.99118e-64
49196,2.98194e-64
49197,2.97328e-64
49198,2.9646e-64
49199,2.95585e-64
49200,2.94805e-64
49201,2.94019e-64
49202,2.93197e-64
49203,2.92402e-64
49204,2.9159e-64
49205,2.90711e-64
49206,2.89931e-64
49207,2.89046e-64
49208,2.88097e-64
49209,2.87247e-64
49210,2.86395e-64
49211,2.85473e-64
49212,2.84706e-64
49213,2.83908e-64
49214,2.82977e-64
49215,2.82212e-64
49216,2.81389e-64
49217,2.80604e-64
49218,2.79683e-64
49219,2.78748e-64
49220,2.77895e-64
49221,2.77067e-64
49222,2.76172e-64
49223,2.75378e-64
49224,2.74464e-64
49225,2.73533e-64
49226,2.72636e-64
49227,2.71783e-64
49228,2.71002e-64
49229,2.70251e-64
49230,2.69524e-64
49231,2.68758e-64
49232,2.68004e-64
49233,2.67238e-64
49234,2.66454e-64
49235,2.65664e-64
49236,2.64794e-64
49237,2.63992e-64
49238,2.63274e-64
49239,2.62444e-64
49240,2.61575e-64
49241,2.60763e-64
49242,2.59958e-64
49243,2.59087e-64
49244,2.58227e-64
49245,2.57431e-64
49246,2.56743e-64
49247,2.56019e-64
49248,2.55209e-64
49249,2.54533e-64
49250,2.53832e-64
49251,2.53111e-64
49252,2.52359e-64
49253,2.51691e-64
49254,2.50928e-64
49255,2.5018e-64
49256,2.49347e-64
49257,2.48608e-64
49258,2.47934e-64
49259,2.47234e-64
49260,2.4648e-64
49261,2.45797e-64
49262,2.4505e-64
49263,2.4425e-64
49264,2.43507e-64
49265,2.42859e-64
49266,2.42167e-64
49267,2.41459e-64
49268,2.40732e-64
49269,2.40019e-64
49270,2.39351e-64
49271,2.3865e-64
49272,2.38015e-64
49273,2.37263e-64
49274,2.36566e-64
49275,2.35794e-64
49276,2.35103e-64
49277,2.34409e-64
49278,2.33761e-64
49279,2.33121e-64
49280,2.32434e-64
49281,2.31762e-64
49282,2.31076e-64
49283,2.30309e-64
49284,2.29632e-64
49285,2.29013e-64
49286,2.28344e-64
49287,2.27686e-64
49288,2.27007e-64
49289,2.26319e-64
49290,2.25619e-64
49291,2.25005e-64
49292,2.24304e-64
49293,2.23672e-64
49294,2.22935e-64
49295,2.22302e-64
49296,2.21675e-64
49297,2.21043e-64
49298,2.20359e-64
49299,2.19645e-64
49300,2.18935e-64
49301,2.18208e-64
49302,2.1759e-64
49303,2.16897e-64
49304,2.1621e-64
49305,2.15533e-64
49306,2.14852e-64
49307,2.14275e-64
49308,2.13695e-64
49309,2.13011e-64
49310,2.12412e-64
49311,2.1177e-64
49312,2.11175e-64
49313,2.1052e-64
49314,2.0988e-64
49315,2.09232e-64
49316,2.08559e-64
49317,2.07852e-64
49318,2.07139e-64
49319,2.06545e-64
49320,2.05926e-64
49321,2.05293e-64
49322,2.04691e-64
49323,2.04114e-64
49324,2.03459e-64
49325,2.02863e-64
49326,2.02255e-64
49327,2.01704e-64
49328,2.0108e-64
49329,2.00523e-64
49330,1.99869e-64
49331,1.99269e-64
49332,1.98735e-64
49333,1.98187e-64
49334,1.97628e-64
49335,1.97006e-64
49336,1.96362e-64
49337,1.95695e-64
49338,1.95046e-64
49339,1.94386e-64
49340,1.9374e-64
49341,1.93221e-64
49342,1.92647e-64
49343,1.92126e-64
49344,1.91527e-64
49345,1.91014e-64
49346,1.90422e-64
49347,1.89847e-64
49348,1.8934e-64
49349,1.88758e-64
49350,1.88148e-64
49351,1.87569e-64
49352,1.87034e-64
49353,1.86515e-64
49354,1.85919e-64
49355,1.85409e-64
49356,1.84849e-64
49357,1.84315e-64
49358,1.83795e-64
49359,1.83276e-64
49360,1.82726e-64
49361,1.82217e-64
49362,1.81646e-64
49363,1.81085e-64
49364,1.80555e-64
49365,1.80077e-64
49366,1.79561e-64
49367,1.79059e-64
49368,1.78468e-64
49369,1.7797e-64
49370,1.77481e-64
49371,1.76914e-64
49372,1.76415e-64
49373,1.75867e-64
49374,1.75281e-64
49375,1.7468e-64
49376,1.74112e-64
49377,1.73564e-64
49378,1.7304e-64
49379,1.72485e-64
49380,1.71984e-64
49381,1.71493e-64
49382,1.70999e-64
49383,1.70472e-64
49384,1.69957e-64
49385,1.69486e-64
49386,1.6895e-64
49387,1.68492e-64
49388,1.67988e-64
49389,1.67539e-64
49390,1.67056e-64
49391,1.66607e-64
49392,1.6614e-64
49393,1.65688e-64
49394,1.65177e-64
49395,1.64663e-64
49396,1.64211e-64
49397,1.63772e-64
49398,1.63249e-64
49399,1.62801e-64
49400,1.62346e-64
49401,1.61914e-64
49402,1.61385e-64
49403,1.60898e-64
49404,1.60389e-64
49405,1.59854e-64
49406,1.59372e-64
49407,1.58896e-64
49408,1.58411e-64
49409,1.5788e-64
49410,1.5743e-64
49411,1.56915e-64
49412,1.56464e-64
49413,1.55984e-64
49414,1.55508e-64
49415,1.55005e-64
49416,1.54498e-64
49417,1.54048e-64
49418,1.53543e-64
49419,1.53094e-64
49420,1.52648e-64
49421,1.52213e-64
49422,1.51765e-64
49423,1.51295e-64
49424,1.50848e-64
49425,1.50436e-64
49426,1.50011e-64
49427,1.49556e-64
49428,1.49142e-64
49429,1.48733e-64
49430,1.4827e-64
49431,1.47832e-64
49432,1.47421e-64
49433,1.46963e-64
49434,1.46476e-64
49435,1.45981e-64
49436,1.45521e-64
49437,1.45096e-64
49438,1.44671e-64
49439,1.44268e-64
49440,1.43853e-64
49441,1.43406e-64
49442,1.43013e-64
49443,1.42573e-64
49444,1.42165e-64
49445,1.41722e-64
49446,1.41297e-64
49447,1.40912e-64
49448,1.40535e-64
49449,1.40128e-64
49450,1.39711e-64
49451,1.39298e-64
49452,1.38861e-64
49453,1.38397e-64
49454,1.3802e-64
49455,1.37644e-64
49456,1.37275e-64
49457,1.36878e-64
49458,1.36449e-64
49459,1.36064e-64
49460,1.35653e-64
49461,1.35252e-64
49462,1.34832e-64
49463,1.34399e-64
49464,1.34029e-64
49465,1.33625e-64
49466,1.33205e-64
49467,1.32774e-64
49468,1.32327e-64
49469,1.31965e-64
49470,1.31617e-64
49471,1.31245e-64
49472,1.30827e-64
49473,1.30468e-64
49474,1.30041e-64
49475,1.29687e-64
49476,1.29273e-64
49477,1.28888e-64
49478,1.28526e-64
49479,1.28109e-64
49480,1.27688e-64
49481,1.27277e-64
49482,1.26907e-64
49483,1.26524e-64
49484,1.26129e-64
49485,1.25753e-64
49486,1.2536e-64
49487,1.2496e-64
49488,1.24549e-64
49489,1.2418e-64
49490,1.23767e-64
49491,1.23399e-64
49492,1.22998e-64
49493,1.22614e-64
49494,1.22272e-64
49495,1.21949e-64
49496,1.21613e-64
49497,1.21219e-64
49498,1.20824e-64
49499,1.20493e-64
49500,1.20173e-64
49501,1.19794e-64
49502,1.1944e-64
49503,1.19054e-64
49504,1.18652e-64
49505,1.18302e-64
49506,1.17911e-64
49507,1.17525e-64
49508,1.17139e-64
49509,1.16812e-64
49510,1.16449e-64
49511,1.16085e-64
49512,1.15698e-64
49513,1.15387e-64
49514,1.15067e-64
49515,1.14719e-64
49516,1.14373e-64
49517,1.13997e-64
49518,1.13668e-64
49519,1.13338e-64
49520,1.13015e-64
49521,1.12694e-64
49522,1.12336e-64
49523,1.12025e-64
49524,1.11662e-64
49525,1.11281e-64
49526,1.1097e-64
49527,1.1067e-64
49528,1.10313e-64
49529,1.09938e-64
49530,1.09628e-64
49531,1.09269e-64
49532,1.08913e-64
49533,1.0857e-64
49534,1.0822e-64
49535,1.07873e-64
49536,1.07584e-64
49537,1.07251e-64
49538,1.06925e-64
49539,1.06575e-64
49540,1.06217e-64
49541,1.05917e-64
49542,1.05599e-64
49543,1.05256e-64
49544,1.04954e-64
49545,1.04623e-64
49546,1.04313e-64
49547,1.03978e-64
49548,1.03651e-64
49549,1.03319e-64
49550,1.03032e-64
49551,1.02693e-64
49552,1.02419e-64
49553,1.02085e-64
49554,1.01804e-64
49555,1.01471e-64
49556,1.01126e-64
49557,1.00832e-64
49558,1.00562e-64
49559,1.0024e-64
49560,9.99515e-65
49561,9.96672e-65
49562,9.93494e-65
49563,9.90795e-65
49564,9.87563e-65
49565,9.84508e-65
49566,9.81297e-65
49567,9.78705e-65
49568,9.75931e-65
49569,9.73108e-65
49570,9.69949e-65
49571,9.67216e-65
49572,9.64265e-65
49573,9.61429e-65
49574,9.58841e-65
49575,9.55752e-65
49576,9.53107e-65
49577,9.50269e-65
49578,9.47279e-65
49579,9.44191e-65
49580,9.41503e-65
49581,9.38444e-65
49582,9.35387e-65
49583,9.32692e-65
49584,9.2967e-65
49585,9.26537e-65
49586,9.23891e-65
49587,9.20919e-65
49588,9.18298e-65
49589,9.15665e-65
49590,9.12796e-65
49591,9.09988e-65
49592,9.07161e-65
49593,9.04411e-65
49594,9.01573e-65
49595,8.98791e-65
49596,8.96346e-65
49597,8.93672e-65
49598,8.90931e-65
49599,8.88304e-65
49600,8.85392e-65
49601,8.82724e-65
49602,8.79978e-65
49603,8.77316e-65
49604,8.74434e-65
49605,8.71623e-65
49606,8.69039e-65
49607,8.6671e-65
49608,8.64286e-65
49609,8.61927e-65
49610,8.59155e-65
49611,8.56548e-65
49612,8.54268e-65
49613,8.51644e-65
49614,8.48879e-65
49615,8.46041e-65
49616,8.43388e-65
49617,8.41101e-65
49618,8.38471e-65
49619,8.35699e-65
49620,8.33207e-65
49621,8.30727e-65
49622,8.28254e-65
49623,8.26028e-65
49624,8.23848e-65
49625,8.21589e-65
49626,8.19064e-65
49627,8.16833e-65
49628,8.14308e-65
49629,8.12001e-65
49630,8.09561e-65
49631,8.07075e-65
49632,8.04506e-65
49633,8.02263e-65
49634,8.00083e-65
49635,7.97643e-65
49636,7.94996e-65
49637,7.92556e-65
49638,7.9006e-65
49639,7.87871e-65
49640,7.85437e-65
49641,7.83028e-65
49642,7.80565e-65
49643,7.78085e-65
49644,7.7588e-65
49645,7.73561e-65
49646,7.71176e-65
49647,7.6864e-65
49648,7.6624e-65
49649,7.64004e-65
49650,7.61576e-65
49651,7.59539e-65
49652,7.57122e-65
49653,7.54982e-65
49654,7.5293e-65
49655,7.50526e-65
49656,7.48309e-65
49657,7.45921e-65
49658,7.434e-65
49659,7.41375e-65
49660,7.39398e-65
49661,7.37206e-65
49662,7.34891e-65
49663,7.32517e-65
49664,7.30183e-65
49665,7.27796e-65
49666,7.25637e-65
49667,7.23394e-65
49668,7.21287e-65
49669,7.19327e-65
49670,7.17049e-65
49671,7.1513e-65
49672,7.12926e-65
49673,7.10779e-65
49674,7.08512e-65
49675,7.06127e-65
49676,7.04253e-65
49677,7.02222e-65
49678,6.99966e-65
49679,6.97776e-65
49680,6.95537e-65
49681,6.9338e-65
49682,6.91198e-65
49683,6.89056e-65
49684,6.86803e-65
49685,6.84559e-65
49686,6.82505e-65
49687,6.80575e-65
49688,6.78511e-65
49689,6.76507e-65
49690,6.74546e-65
49691,6.72472e-65
49692,6.70229e-65
49693,6.68421e-65
49694,6.66478e-65
49695,6.64417e-65
49696,6.6222e-65
49697,6.60034e-65
49698,6.58142e-65
49699,6.56283e-65
49700,6.5413e-65
49701,6.52351e-65
49702,6.50494e-65
49703,6.48493e-65
49704,6.46492e-65
49705,6.44745e-65
49706,6.42796e-65
49707,6.40808e-65
49708,6.38892e-65
49709,6.37013e-65
49710,6.35213e-65
49711,6.33437e-65
49712,6.31755e-65
49713,6.29706e-65
49714,6.27631e-65
49715,6.2554e-65
49716,6.23514e-65
49717,6.2172e-65
49718,6.2002e-65
49719,6.18248e-65
49720,6.16303e-65
49721,6.14441e-65
49722,6.12389e-65
49723,6.10438e-65
49724,6.08555e-65
49725,6.06778e-65
49726,6.05034e-65
49727,6.03236e-65
49728,6.01551e-65
49729,5.99711e-65
49730,5.97797e-65
49731,5.96143e-65
49732,5.94282e-65
49733,5.9268e-65
49734,5.90806e-65
49735,5.89096e-65
49736,5.87476e-65
49737,5.8577e-65
49738,5.8383e-65
49739,5.81995e-65
49740,5.80097e-65
49741,5.78461e-65
49742,5.76594e-65
49743,5.74692e-65
49744,5.73093e-65
49745,5.71307e-65
49746,5.69488e-65
49747,5.67579e-65
49748,5.66071e-65
49749,5.64264e-65
49750,5.62658e-65
49751,5.6088e-65
49752,5.5924e-65
49753,5.57671e-65
49754,5.56031e-65
49755,5.54187e-65
49756,5.52451e-65
49757,5.50667e-65
49758,5.49024e-65
49759,5.47246e-65
49760,5.45626e-65
49761,5.44109e-65
49762,5.42671e-65
49763,5.4119e-65
49764,5.39664e-65
49765,5.37942e-65
49766,5.36324e-65
49767,5.34739e-65
49768,5.33244e-65
49769,5.31677e-65
49770,5.30246e-65
49771,5.2883e-65
49772,5.27204e-65
49773,5.25446e-65
49774,5.2368e-65
49775,5.21933e-65
49776,5.2028e-65
49777,5.18657e-65
49778,5.16977e-65
49779,5.15339e-65
49780,5.13782e-65
49781,5.12399e-65
49782,5.10899e-65
49783,5.09235e-65
49784,5.07767e-65
49785,5.06112e-65
49786,5.04444e-65
49787,5.02739e-65
49788,5.01134e-65
49789,4.99702e-65
49790,4.98118e-65
49791,4.96766e-65
49792,4.95298e-65
49793,4.93716e-65
49794,4.92321e-65
49795,4.90768e-65
49796,4.8925e-65
49797,4.87695e-65
49798,4.86333e-65
49799,4.84781e-65
49800,4.83437e-65
49801,4.82072e-65
49802,4.80515e-65
49803,4.78928e-65
49804,4.7758e-65
49805,4.76069e-65
49806,4.74551e-65
49807,4.72979e-65
49808,4.71576e-65
49809,4.70155e-65
49810,4.68723e-65
49811,4.67173e-65
49812,4.65717e-65
49813,4.64483e-65
49814,4.63023e-65
49815,4.61481e-65
49816,4.59928e-65
49817,4.58478e-65
49818,4.56972e-65
49819,4.55552e-65
49820,4.54036e-65
49821,4.5261e-65
49822,4.51179e-65
49823,4.49848e-65
49824,4.4853e-65
49825,4.47051e-65
49826,4.45809e-65
49827,4.44629e-65
49828,4.43267e-65
49829,4.41975e-65
49830,4.4055e-65
49831,4.391e-65
49832,4.37714e-65
49833,4.36323e-65
49834,4.34938e-65
49835,4.335e-65
49836,4.32188e-65
49837,4.30913e-65
49838,4.29545e-65
49839,4.28117e-65
49840,4.2666e-65
49841,4.25421e-65
49842,4.24057e-65
49843,4.22756e-65
49844,4.21535e-65
49845,4.20245e-65
49846,4.18988e-65
49847,4.17808e-65
49848,4.16636e-65
49849,4.15443e-65
49850,4.14106e-65
49851,4.12959e-65
49852,4.11605e-65
49853,4.10344e-65
49854,4.09086e-65
49855,4.07893e-65
49856,4.06681e-65
49857,4.05388e-65
49858,4.04198e-65
49859,4.0309e-65
49860,4.0199e-65
49861,4.00869e-65
49862,3.99547e-65
49863,3.98242e-65
49864,3.96898e-65
49865,3.95628e-65
49866,3.94381e-65
49867,3.93212e-65
49868,3.92141e-65
49869,3.90996e-65
49870,3.89874e-65
49871,3.88824e-65
49872,3.87609e-65
49873,3.86544e-65
49874,3.85361e-65
49875,3.84318e-65
49876,3.83115e-65
49877,3.8207e-65
49878,3.80976e-65
49879,3.7997e-65
49880,3.78859e-65
49881,3.77809e-65
49882,3.76769e-65
49883,3.75671e-65
49884,3.74489e-65
49885,3.73287e-65
49886,3.72074e-65
49887,3.71033e-65
49888,3.69926e-65
49889,3.68901e-65
49890,3.67842e-65
49891,3.66706e-65
49892,3.65627e-65
49893,3.64574e-65
49894,3.63501e-65
49895,3.62451e-65
49896,3.61487e-65
49897,3.60507e-65
49898,3.59372e-65
49899,3.58382e-65
49900,3.57309e-65
49901,3.56336e-65
49902,3.55342e-65
49903,3.54334e-65
49904,3.53336e-65
49905,3.52195e-65
49906,3.5116e-65
49907,3.50229e-65
49908,3.49084e-65
49909,3.47963e-65
49910,3.47038e-65
49911,3.46024e-65
49912,3.44889e-65
49913,3.43925e-65
49914,3.42819e-65
49915,3.41744e-65
49916,3.40597e-65
49917,3.39518e-65
49918,3.38403e-65
49919,3.37386e-65
49920,3.36291e-65
49921,3.35351e-65
49922,3.3444e-65
49923,3.33501e-65
49924,3.325e-65
49925,3.31489e-65
49926,3.30467e-65
49927,3.29455e-65
49928,3.28423e-65
49929,3.27459e-65
49930,3.26427e-65
49931,3.25514e-65
49932,3.24543e-65
49933,3.23464e-65
49934,3.2248e-65
49935,3.21446e-65
49936,3.20393e-65
49937,3.19322e-65
49938,3.18276e-65
49939,3.1723e-65
49940,3.16237e-65
49941,3.15208e-65
49942,3.1431e-65
49943,3.13364e-65
49944,3.12534e-65
49945,3.11683e-65
49946,3.10823e-65
49947,3.09803e-65
49948,3.08793e-65
49949,3.0797e-65
49950,3.07071e-65
49951,3.06125e-65
49952,3.05264e-65
49953,3.04344e-65
49954,3.03346e-65
49955,3.02361e-65
49956,3.01535e-65
49957,3.00642e-65
49958,2.99774e-65
49959,2.9882e-65
49960,2.97827e-65
49961,2.97024e-65
49962,2.9624e-65
49963,2.95383e-65
49964,2.94597e-65
49965,2.93724e-65
49966,2.92911e-65
49967,2.91971e-65
49968,2.9111e-65
49969,2.9014e-65
49970,2.89216e-65
49971,2.88447e-65
49972,2.87539e-65
49973,2.86574e-65
49974,2.85686e-65
49975,2.84759e-65
49976,2.83989e-65
49977,2.83101e-65
49978,2.82187e-65
49979,2.81251e-65
49980,2.80333e-65
49981,2.79544e-65
49982,2.78711e-65
49983,2.77971e-65
49984,2.77099e-65
49985,2.76286e-65
49986,2.75402e-65
49987,2.74486e-65
49988,2.73566e-65
49989,2.72813e-65
49990,2.71969e-65
49991,2.71093e-65
49992,2.70333e-65
49993,2.69495e-65
49994,2.68745e-65
49995,2.67992e-65
49996,2.6725e-65
49997,2.66478e-65
49998,2.65756e-65
49999,2.64951e-65
